#======================================================================
# PARAMETERS USED FOR THIS COMPUTATION: 
#      Sequence type: RNA
#      Total number of sequences in alignment data: 46
#      Length of sequences in alignment data: 41
#      Effective number of sequences: 12.627879334835857
#      Value of sequence identity: 0.8
#      Value of relative pseudocount: 0.5
# The First and Second columns represent sites and the
# Third column is MFDCA Frobenius norm, average product corrected (APC) DCA score
#======================================================================
12      30             1.7771758961766808                 
8       33             1.6090532031453786                 
18      25             1.287913991386284                  
18      23             1.0567128413793403                 
2       22             0.9641510699106811                 
22      37             0.962813441116616                  
17      26             0.9448459363292776                 
2       37             0.9383865789406456                 
13      24             0.8792709492954042                 
3       38             0.7902913206697468                 
14      41             0.7556498409813364                 
11      31             0.7290796154350245                 
23      25             0.722227795924317                  
11      36             0.7216319973405774                 
10      12             0.7133359140395127                 
3       36             0.7069908136144835                 
4       15             0.7059951922196315                 
1       14             0.6945345235753668                 
9       41             0.6735429609506524                 
1       10             0.6702066181306036                 
20      31             0.6637418433554043                 
24      36             0.6610763581485227                 
5       6              0.6537065230075636                 
24      32             0.6125792107110452                 
15      28             0.6023119435474342                 
3       8              0.5960576220147813                 
22      25             0.5928388037611739                 
28      33             0.5844456312193557                 
19      23             0.5816973688720284                 
13      32             0.5721337324051385                 
2       25             0.5629287836237976                 
30      40             0.5546592219669546                 
29      38             0.5529141454230351                 
19      32             0.5439639892367581                 
11      40             0.5342957722139514                 
24      35             0.5247934819472422                 
3       33             0.5200738723293844                 
14      19             0.5182567569851891                 
38      40             0.5167722892783221                 
19      36             0.5106683786522916                 
13      19             0.4973288627553434                 
25      37             0.49655917036393654                
7       34             0.49432254404148146                
18      19             0.4796179948365519                 
18      34             0.4777435250816772                 
10      20             0.45448916013033375                
8       28             0.4506752814695304                 
13      35             0.4487785274535483                 
7       41             0.4485158185590401                 
25      34             0.4440185846004432                 
1       41             0.44388444772060565                
36      38             0.43782435351364546                
9       29             0.43270376567960134                
12      35             0.43156790838435943                
13      30             0.43132863176660585                
33      34             0.43007580694244085                
14      31             0.4197846595520874                 
11      20             0.41427778957006356                
19      38             0.40577357071620135                
2       11             0.4031455218683635                 
18      33             0.4023318717771749                 
11      22             0.402028669013878                  
29      37             0.40157027295348546                
7       35             0.3859969477194995                 
13      17             0.3850990156091671                 
13      26             0.3850990156091668                 
6       35             0.3845755976209525                 
5       35             0.3845755976209523                 
11      14             0.3814319925044789                 
10      11             0.37315847751932163                
29      32             0.37250004840131656                
8       15             0.3719893073385355                 
14      29             0.3706970683645239                 
19      24             0.3701181711628404                 
7       40             0.3661564712933685                 
1       35             0.35985340794034615                
7       13             0.35690689193416536                
25      33             0.3561808653298796                 
4       5              0.35073689726997737                
4       6              0.35073689726997703                
1       9              0.3505302346778856                 
25      28             0.3487977089691434                 
12      24             0.3483020681289428                 
18      28             0.34790485524434656                
14      23             0.34752599335581813                
3       29             0.345145932077493                  
1       24             0.3401972061669035                 
15      33             0.33803906180714227                
12      40             0.3298003144964361                 
13      29             0.32327321484228777                
7       24             0.3156216385658529                 
36      40             0.3066620669329093                 
30      35             0.2993831972243157                 
3       19             0.29921288616925845                
28      41             0.2960550764396369                 
4       28             0.2936153655361553                 
27      39             0.2904588832258646                 
16      27             0.29045888322585284                
16      39             0.2904588832258528                 
1       3              0.28662333800270645                
28      34             0.286015271224783                  
30      36             0.28571317253421014                
4       7              0.2813336355912103                 
15      31             0.2796800923500234                 
8       21             0.27465551838444885                
14      36             0.26215500822224136                
11      37             0.2608200395861584                 
17      30             0.2576474333207497                 
26      30             0.2576474333207476                 
10      17             0.24445683701593657                
10      26             0.2444568370159364                 
20      35             0.2421925495049409                 
13      37             0.23123987969386645                
7       32             0.2230630778814101                 
4       19             0.2226128681531172                 
29      36             0.21921665420974845                
15      19             0.21810495903123084                
21      36             0.20866332896546336                
19      25             0.20594527263871099                
17      20             0.19958386879773576                
20      26             0.19958386879773377                
10      21             0.1995584841864375                 
10      19             0.19862071981087193                
9       21             0.1970627088692325                 
7       14             0.19639207689954052                
40      41             0.1944009522904786                 
10      41             0.19220431527737292                
25      41             0.19156553318174308                
5       21             0.18692123924765805                
6       21             0.18692123924765724                
19      34             0.18655926634885323                
4       33             0.18105838257852458                
16      17             0.17905000004251792                
26      39             0.17905000004251675                
26      27             0.1790500000425166                 
16      26             0.17905000004251118                
17      27             0.1790500000425106                 
17      39             0.1790500000425105                 
20      40             0.17856542128962155                
4       8              0.1778186709153498                 
1       7              0.17698553616769375                
23      41             0.1741953889653699                 
24      30             0.17392237845872782                
16      21             0.1733587452792422                 
21      39             0.17335874527923803                
21      27             0.17335874527923775                
21      33             0.16971899078396258                
10      30             0.16753418436841716                
1       34             0.16152683025300085                
29      41             0.16110490499813046                
28      31             0.15683622195715552                
6       40             0.15635736784603826                
5       40             0.1563573678460382                 
14      18             0.15272729467176493                
16      31             0.1521593285092896                 
31      39             0.15215932850928446                
27      31             0.15215932850928368                
12      29             0.14900790624994742                
7       10             0.1475207970831014                 
23      27             0.14376231102263137                
23      39             0.14376231102263115                
16      23             0.14376231102263104                
29      40             0.14240167800847248                
3       10             0.14040628907763375                
1       19             0.1401597309231729                 
16      22             0.13792253380211925                
22      27             0.1379225338021171                 
22      39             0.13792253380211703                
37      39             0.13337906261017263                
27      37             0.1333790626101695                 
16      37             0.13337906261016905                
38      39             0.13013733560888396                
27      38             0.13013733560888302                
16      38             0.13013733560887614                
16      32             0.12823514642691064                
27      32             0.12823514642691047                
32      39             0.1282351464269076                 
14      20             0.12806617041664548                
1       2              0.12717981148719543                
9       15             0.12520796869945489                
14      34             0.1226877995774519                 
12      36             0.1217946757384143                 
7       20             0.12017258380842599                
12      26             0.11942415447745858                
12      17             0.11942415447745841                
11      25             0.11933183675575887                
4       31             0.11675043823671832                
6       34             0.11490653936677947                
5       34             0.1149065393667793                 
21      41             0.11373880347109161                
9       38             0.10924209456898282                
13      40             0.10901213623359407                
30      32             0.10727823730782104                
2       16             0.10652397370783759                
2       27             0.1065239737078369                 
2       39             0.10652397370783681                
9       40             0.10243535148332661                
8       31             0.10187034032200676                
3       9              0.10077494035196943                
18      41             0.09724043691691675                
14      30             0.09570053186862493                
5       38             0.09539852647900726                
6       38             0.09539852647900648                
9       13             0.09313773637901068                
15      16             0.09137269483749422                
15      39             0.09137269483749419                
15      27             0.09137269483749408                
4       35             0.09066067778855746                
12      20             0.08957884576626673                
20      41             0.08878188242109031                
6       16             0.08725100240538905                
5       16             0.08725100240538886                
5       27             0.08725100240538877                
5       39             0.08725100240538874                
6       27             0.08725100240538863                
6       39             0.0872510024053886                 
14      38             0.08535743674869967                
9       17             0.0849812073163454                 
9       26             0.08498120731634456                
1       30             0.0803168268314528                 
6       23             0.07938864112361493                
5       23             0.07938864112361477                
7       28             0.07878551722270422                
28      35             0.07678862775877693                
8       34             0.07474432297924222                
3       15             0.07423433088691878                
4       9              0.07233511259906916                
9       35             0.07157162334897094                
20      29             0.06928825899902874                
5       28             0.06575664221889688                
6       28             0.06575664221889627                
3       40             0.06460066924668506                
1       12             0.06399448821123821                
12      13             0.06253165410109318                
4       21             0.06174359443606103                
9       28             0.061515461463117094               
4       36             0.060975434964704256               
7       37             0.06079295814418734                
8       9              0.05491299851430653                
26      31             0.054825106917362365               
17      31             0.05482510691735859                
11      34             0.05476745331551691                
15      22             0.05411590410581435                
17      21             0.05393890074942992                
21      26             0.05393890074942714                
1       16             0.05249050695162766                
1       27             0.0524905069516266                 
1       39             0.05249050695162649                
26      41             0.04912475978783171                
17      41             0.04912475978782993                
31      33             0.046345111721339816               
12      41             0.04581138664082696                
27      40             0.041860825945031044               
16      40             0.041860825945030655               
39      40             0.04186082594503032                
21      31             0.041434632285204165               
3       13             0.04090001045332192                
7       12             0.040819919686548745               
9       20             0.04041504642656907                
17      23             0.040000334140161575               
23      26             0.040000334140159355               
14      25             0.039945090125246274               
26      38             0.03965186059761605                
17      38             0.039651860597612054               
20      32             0.037669135128521214               
3       4              0.03691507484765011                
29      30             0.036825993209242736               
8       10             0.03478207429796376                
20      24             0.03447091980296774                
22      34             0.03381438513651741                
9       10             0.03378801246178742                
3       14             0.032784356994928654               
17      22             0.030991022535697632               
22      26             0.030991022535696244               
6       12             0.029401024518951324               
5       12             0.02940102451895127                
11      21             0.029235293123051287               
23      31             0.029214933794213416               
7       30             0.027557578413771378               
7       8              0.027551443963012234               
9       33             0.02556474515637963                
15      26             0.025351719832771458               
15      17             0.025351719832770903               
16      18             0.02298856133388466                
18      27             0.02298856133388444                
18      39             0.022988561333884272               
2       3              0.02286816277056475                
4       18             0.0223832901725895                 
2       15             0.02214650042590388                
11      17             0.019863226384401522               
11      26             0.019863226384400967               
31      32             0.019041265100715743               
15      21             0.0176725042841554                 
28      39             0.016933850713810927               
27      28             0.01693385071380954                
16      28             0.016933850713809095               
10      14             0.015641843159384106               
22      29             0.015449062523926527               
9       34             0.015351293371471453               
14      35             0.015340008032098063               
6       32             0.01386485552010902                
5       32             0.013864855520108771               
24      38             0.013707373944673251               
1       8              0.01097320217910458                
21      35             0.010716000404905557               
6       26             0.010353125826150195               
6       17             0.010353125826150167               
5       17             0.010353125826150056               
5       26             0.010353125826149973               
32      40             0.0034375446237436824              
16      20             0.0033363908119031227              
20      39             0.003336390811901041               
20      27             0.00333639081190093                
3       24             0.0025261498977308117              
33      41             0.0020436844186848546              
11      15             0.0019759292574995646              
22      31             -0.0010453156162979482             
10      36             -0.0020051556811231386             
20      30             -0.0020124864389188257             
12      38             -0.0035057686751305273             
2       30             -0.0035119546953169545             
21      23             -0.003984441242086745              
14      24             -0.005828256907169038              
2       34             -0.005931374536766176              
32      34             -0.006927364894061927              
25      29             -0.009574199116181625              
3       23             -0.009801589516124976              
21      37             -0.009858119623653627              
34      41             -0.010541540982999087              
3       25             -0.011798352274983492              
33      36             -0.014275159647254787              
10      35             -0.014500132876168303              
21      38             -0.01502138106374018               
34      37             -0.01849260619822085               
3       18             -0.018876963188125484              
14      32             -0.018904368395359694              
27      34             -0.01925536808160444               
34      39             -0.019255368081606772              
16      34             -0.019255368081608826              
8       16             -0.019312981093541237              
8       27             -0.019312981093541376              
8       39             -0.019312981093541376              
31      38             -0.020934042606095826              
30      38             -0.021895640861299692              
5       22             -0.022439235322988887              
6       22             -0.022439235322989276              
23      34             -0.022850587681234658              
5       7              -0.02335615110918976               
6       7              -0.023356151109189982              
20      37             -0.023488919185986834              
7       33             -0.023558478545547934              
22      28             -0.023677095916801172              
23      35             -0.02391028784797289               
10      28             -0.024634337574042653              
21      22             -0.025357145899397915              
11      13             -0.026252267223941694              
13      20             -0.026750563020547402              
15      20             -0.027087438808453546              
2       12             -0.027650033698943144              
19      29             -0.028034859053016392              
21      25             -0.028167300541226237              
22      38             -0.030884900367587953              
34      40             -0.03368750570419743               
6       31             -0.03620266348277973               
5       31             -0.036202663482780034              
2       17             -0.03673104247478362               
2       26             -0.03673104247478462               
9       25             -0.037742047787107214              
10      33             -0.03797145410474756               
2       31             -0.038004164322666234              
2       21             -0.03827269520869203               
24      40             -0.03887487856358729               
35      39             -0.03997566541628911               
27      35             -0.039975665416289274              
16      35             -0.039975665416290246              
21      32             -0.04018782996130643               
13      27             -0.04088712898097713               
13      39             -0.04088712898097713               
13      16             -0.04088712898097724               
2       29             -0.0412757247906948                
23      29             -0.0429116774302819                
8       36             -0.04439615659992335               
21      28             -0.04468226886909682               
11      18             -0.04510885507484652               
9       14             -0.0458709367950918                
31      37             -0.046377593172948234              
8       18             -0.0476911402947659                
10      40             -0.04875217385550601               
8       25             -0.04887668577915                  
12      19             -0.04888891022729036               
6       30             -0.048892578375662465              
5       30             -0.04889257837566269               
9       18             -0.049194208458971045              
4       24             -0.049638696949455996              
4       29             -0.04982922469243323               
12      21             -0.05103517353441395               
26      37             -0.05115915960659517               
17      37             -0.05115915960659548               
2       6              -0.05184807337864583               
2       5              -0.05184807337864619               
3       20             -0.0519805772635758                
4       34             -0.052227882525560654              
18      36             -0.05248772086346509               
35      40             -0.05362967176311839               
20      36             -0.0537416994720169                
7       36             -0.05391777613443982               
5       15             -0.05474538152524411               
6       15             -0.05474538152524411               
21      34             -0.05549982650816471               
22      23             -0.05555296401535276               
6       24             -0.05737812895810798               
5       24             -0.05737812895810818               
2       28             -0.05784110181891622               
21      29             -0.05869003896507258               
11      12             -0.05876990965148199               
17      32             -0.05997183536807038               
26      32             -0.05997183536807052               
22      32             -0.06025743226564706               
6       29             -0.06086197465485349               
5       29             -0.060861974654854184              
2       38             -0.06134277205116789               
6       8              -0.06192249513279374               
5       8              -0.061922495132794186              
15      32             -0.06247809544492955               
14      15             -0.06387782279614584               
5       18             -0.06478966524521793               
6       18             -0.06478966524521818               
4       11             -0.06593249758914543               
9       11             -0.06740551320198485               
17      36             -0.06920590776531682               
26      36             -0.06920590776531854               
2       41             -0.06935676394352353               
19      37             -0.06951160713278681               
27      29             -0.06991693369382943               
29      39             -0.06991693369382962               
16      29             -0.06991693369382967               
1       33             -0.07002522031262937               
19      31             -0.07231816699237242               
23      37             -0.07237083680504747               
15      18             -0.07350347027068799               
2       24             -0.0737045638957125                
32      36             -0.07463922379603105               
5       41             -0.0756168873644125                
6       41             -0.07561688736441269               
5       37             -0.07585319687547179               
6       37             -0.07585319687547207               
13      28             -0.07585960928664737               
1       36             -0.07646676179243361               
18      21             -0.07903372260894692               
2       23             -0.07939477674581691               
10      39             -0.08072481000149076               
10      16             -0.08072481000149079               
10      27             -0.08072481000149082               
7       15             -0.08089222110604816               
23      32             -0.08127063973204651               
22      36             -0.08134172760521474               
27      33             -0.08264326473793265               
33      39             -0.08264326473793335               
16      33             -0.08264326473793401               
26      28             -0.08265170819495288               
17      28             -0.08265170819495393               
4       40             -0.08411043495137183               
4       22             -0.08419240496892202               
4       13             -0.08421916208630298               
4       16             -0.08573363554739397               
4       27             -0.08573363554739416               
4       39             -0.08573363554739419               
12      22             -0.08620797698566635               
21      30             -0.0873642398454153                
5       20             -0.08843503593302648               
6       20             -0.08843503593302657               
37      38             -0.08901278880832769               
23      38             -0.08982352722657894               
22      41             -0.09238558297389121               
23      24             -0.09359583495799212               
9       37             -0.09438113007088739               
9       32             -0.0944777273313297                
15      34             -0.09452820565407904               
32      37             -0.09508280067143957               
19      41             -0.0955295540901836                
13      36             -0.09698087844036607               
15      37             -0.09755464341365735               
2       36             -0.09779965352743802               
32      38             -0.09865878059023558               
18      31             -0.09903709111338993               
22      30             -0.09906737485902939               
20      23             -0.09978844248678664               
36      37             -0.09983258730727362               
16      25             -0.09997214941057439               
25      39             -0.09997214941057644               
25      27             -0.09997214941057647               
8       32             -0.1003204033677354                
15      35             -0.1007168011656897                
27      41             -0.1010155939308251                
16      41             -0.10101559393082613               
39      41             -0.10101559393082646               
9       16             -0.10143710960607014               
9       27             -0.1014371096060703                
9       39             -0.1014371096060703                
4       25             -0.10178857430220817               
15      23             -0.10302909699558566               
11      19             -0.1032601221073266                
7       21             -0.10327712886100576               
8       37             -0.10483420577111491               
19      30             -0.10491289979785912               
34      35             -0.1057200958909334                
15      38             -0.10578388100884112               
8       41             -0.10616610620564554               
11      24             -0.10625261735008851               
1       31             -0.10639056199981972               
2       32             -0.10723997350855388               
7       22             -0.10833976053225891               
22      35             -0.10878975161245341               
2       20             -0.108941979294435                 
21      24             -0.11009504527599129               
2       4              -0.11023282322924396               
3       11             -0.11076289119458571               
4       12             -0.1109657898803888                
17      18             -0.11111178994860005               
18      26             -0.11111178994860113               
10      32             -0.11137512006212896               
35      38             -0.11215459437822806               
29      31             -0.11222792963512496               
25      32             -0.11281566634159007               
15      24             -0.11283166080395934               
5       19             -0.1134229607841552                
6       19             -0.11342296078415526               
24      39             -0.11476043697509952               
16      24             -0.11476043697509958               
24      27             -0.11476043697509963               
1       15             -0.11547697662886236               
24      37             -0.11580699104749254               
1       22             -0.11640109319369457               
7       11             -0.11647037626057777               
9       23             -0.11648794912864358               
24      31             -0.11792498777004634               
10      34             -0.11834740783957409               
6       33             -0.11853971435518607               
5       33             -0.11853971435518615               
29      33             -0.11886380228726562               
8       40             -0.11966179888522527               
9       31             -0.12057175170015316               
1       17             -0.12183062291312774               
1       26             -0.12183062291312835               
28      37             -0.12289871461462984               
2       7              -0.12333517589376358               
26      35             -0.12425623599697488               
17      35             -0.12425623599697636               
3       6              -0.12432639580654825               
3       5              -0.12432639580654836               
3       16             -0.12474965584717373               
3       39             -0.1247496558471754                
3       27             -0.12474965584717546               
3       34             -0.1256195309213508                
23      28             -0.1256812152860995                
6       36             -0.1258437949614465                
5       36             -0.12584379496144693               
1       6              -0.12880742366609962               
1       5              -0.12880742366610015               
10      29             -0.12949877848142166               
20      22             -0.1296771555518893                
1       40             -0.13051827305100738               
12      32             -0.13054768205732736               
4       38             -0.1316478373872717                
4       26             -0.1320823511181771                
4       17             -0.1320823511181772                
26      40             -0.13251242536406083               
17      40             -0.13251242536406133               
7       38             -0.13305051889360575               
9       12             -0.13329582549370206               
3       28             -0.134220985515213                 
8       22             -0.13480720696443824               
11      32             -0.13653900042713335               
11      30             -0.13765907123822718               
2       8              -0.13813238668417122               
1       4              -0.14163908609869091               
20      21             -0.1437697314744792                
9       36             -0.14618050480054412               
8       17             -0.14666727774895713               
8       26             -0.14666727774895758               
10      31             -0.1468552422972731                
1       37             -0.14740515284351963               
30      41             -0.14883437189750937               
31      35             -0.15026861624130222               
1       29             -0.150774131126179                 
1       23             -0.15178839341636857               
5       9              -0.15351277903230182               
6       9              -0.1535127790323019                
18      22             -0.15489460366590402               
12      23             -0.15499776139132193               
31      40             -0.15547954545866938               
28      32             -0.15556486293880234               
4       37             -0.15626626181656192               
4       32             -0.15660185105170008               
4       23             -0.1575322788930632                
13      21             -0.15756283575398833               
11      38             -0.15773498160722565               
2       35             -0.15787417716956578               
32      33             -0.1597974103814072                
7       19             -0.16030103795226602               
18      35             -0.16046093586065377               
3       31             -0.16067503535983613               
4       20             -0.16207631071010198               
32      35             -0.16438173558666594               
11      41             -0.16639043850551694               
33      37             -0.16660189505853593               
20      34             -0.1672775996001523                
6       10             -0.16743443356831644               
5       10             -0.16743443356831686               
31      34             -0.16799121836806172               
1       21             -0.16879967021892955               
11      28             -0.1688824087320407                
8       12             -0.16893762410377233               
8       29             -0.16906236197524216               
5       25             -0.16991228900930108               
6       25             -0.16991228900930108               
14      33             -0.17004737086489674               
28      38             -0.17018612116353424               
11      16             -0.17054917112997722               
11      27             -0.17054917112997817               
11      39             -0.1705491711299782                
8       13             -0.1707334188245604                
9       19             -0.17080973587823012               
25      40             -0.17224977008081999               
26      34             -0.17256925553953884               
17      34             -0.17256925553954003               
24      34             -0.17259940111096223               
10      15             -0.17281231543893805               
20      38             -0.17305041074367616               
1       13             -0.17306231902180552               
4       30             -0.17350406153284081               
9       30             -0.1740183240745441                
28      30             -0.1744203133642651                
3       41             -0.1744445801162925                
18      29             -0.1761378778815147                
15      29             -0.17739032363750767               
3       32             -0.17849611685206773               
2       18             -0.1812667680359517                
18      32             -0.18142815383900462               
8       23             -0.18146192738447453               
1       32             -0.18158738058360713               
8       14             -0.18453430995596637               
18      20             -0.18478978124830453               
7       9              -0.1848762630788709                
3       30             -0.18492360668469665               
21      40             -0.1850328650187193                
8       24             -0.1853116042384399                
22      24             -0.1855248498070579                
7       23             -0.18612842127142804               
33      40             -0.18735724873724674               
22      40             -0.18896206155607925               
4       10             -0.18949836532958284               
18      37             -0.19025817692443506               
30      34             -0.1906332454345605                
12      37             -0.1908741685949345                
38      41             -0.19092905792059517               
24      33             -0.19109115888965678               
2       14             -0.1911118694788212                
7       16             -0.19157713625806552               
7       39             -0.1915771362580656                
7       27             -0.19157713625806563               
13      31             -0.19243066942575585               
23      40             -0.1925602200018467                
19      35             -0.1938611958695055                
35      37             -0.19403864972853646               
4       14             -0.1944243037425223                
22      33             -0.19691939284819765               
29      35             -0.1972119527070932                
20      28             -0.19870638752340766               
8       38             -0.1998496480041157                
2       33             -0.20078160595795166               
25      35             -0.20088923599198955               
37      41             -0.20096422857383167               
3       7              -0.20278022191065503               
8       30             -0.2027828798462445                
13      25             -0.20298144712900595               
18      38             -0.2035920182154852                
15      25             -0.2043991787522158                
15      36             -0.20463436597844792               
2       9              -0.2054459841566467                
19      28             -0.20659564326723168               
7       18             -0.20747501810063373               
14      22             -0.20768471394480204               
10      23             -0.20936165950525332               
11      29             -0.2100415353812558                
3       12             -0.21092772080675692               
13      15             -0.21109133956278636               
13      33             -0.2112229387874514                
36      41             -0.21197053041165304               
9       22             -0.21257643529212425               
8       35             -0.21297578314632895               
14      17             -0.2139987816852905                
14      26             -0.2139987816852907                
37      40             -0.21406386392103577               
17      24             -0.21435725462352445               
24      26             -0.21435725462352548               
2       40             -0.21460659373333865               
9       24             -0.21507438219842795               
26      33             -0.21548973614095068               
17      33             -0.21548973614095163               
7       31             -0.21634992598082536               
14      16             -0.21672627499093708               
14      39             -0.21672627499093716               
14      27             -0.21672627499093722               
16      30             -0.21674517557056006               
30      39             -0.21674517557056122               
27      30             -0.21674517557056128               
12      34             -0.2170563943076736                
16      19             -0.21902589601087127               
19      39             -0.21902589601087238               
19      27             -0.21902589601087252               
14      37             -0.21918579177622205               
25      36             -0.22161892869550792               
10      24             -0.22192923559712707               
12      28             -0.22339028673104683               
1       28             -0.2246317244924944                
17      29             -0.2246963042427786                
26      29             -0.2246963042427792                
30      33             -0.2249221137602288                
24      29             -0.22549088275094714               
12      33             -0.22641524916012895               
6       11             -0.22655839617305837               
5       11             -0.2265583961730586                
31      41             -0.22669484388412267               
1       38             -0.22699159620686726               
34      38             -0.2271141739338711                
5       14             -0.23016094855614058               
6       14             -0.23016094855614067               
25      31             -0.230211378651157                 
25      26             -0.2303981815753571                
17      25             -0.23039818157536074               
30      37             -0.23059532825320084               
28      40             -0.23122516495959405               
20      25             -0.23362320899806374               
34      36             -0.23515635537713958               
10      37             -0.23586850364358036               
33      35             -0.23684075909439886               
13      22             -0.2382658906982475                
19      33             -0.2390238179080474                
5       13             -0.24002634201957762               
6       13             -0.24002634201957768               
10      18             -0.24275000633228583               
12      16             -0.24313784149239473               
12      39             -0.24313784149239653               
12      27             -0.2431378414923966                
8       19             -0.24317246803908493               
7       17             -0.2434372435190292                
7       26             -0.24343724351902987               
12      18             -0.2446802784379627                
10      13             -0.24513410020354265               
10      25             -0.24656303707321453               
10      22             -0.24736947639164722               
2       10             -0.24819815333327302               
3       35             -0.24928998086818363               
11      33             -0.2497469301501143                
35      41             -0.2498925715740543                
20      33             -0.25022077691947797               
15      40             -0.25066302068953317               
18      24             -0.25156770742866646               
13      23             -0.2519138627275831                
30      31             -0.25257760087035275               
35      36             -0.2550705516033607                
7       25             -0.25727143960751775               
3       17             -0.2585204937914704                
3       26             -0.2585204937914712                
8       20             -0.2586231256382729                
13      38             -0.2594114983385439                
15      41             -0.2595078255723169                
23      33             -0.2607998456338595                
23      36             -0.26304653797895095               
1       20             -0.2649543820533008                
24      25             -0.2664004145226178                
18      30             -0.2676970884611353                
12      15             -0.267803578685522                 
3       21             -0.26907376706261715               
12      14             -0.2696795642840755                
23      30             -0.26991318164233635               
13      18             -0.2699925017800554                
12      31             -0.27376871467544883               
28      36             -0.27416212739377493               
31      36             -0.2755517712364483                
33      38             -0.2767698131067764                
29      34             -0.27712702394329825               
19      20             -0.281023400999852                 
14      40             -0.2828863478619795                
7       29             -0.2838183033617802                
11      35             -0.28464713264737096               
24      28             -0.2850320602055507                
15      30             -0.28667985221483794               
13      41             -0.29379733822093684               
1       18             -0.29493571865761964               
13      14             -0.2978766784422655                
3       22             -0.2995112000193698                
2       13             -0.2999715095685934                
25      38             -0.30057840165189187               
10      38             -0.3017463979701884                
4       41             -0.3030599544041592                
28      29             -0.3039152402880739                
13      34             -0.3077495233473195                
24      41             -0.309906965062671                 
11      23             -0.31504804462308833               
1       25             -0.3151150613746429                
32      41             -0.3153432894350457                
8       11             -0.3160553086430469                
16      36             -0.31624058074125166               
27      36             -0.3162405807412532                
36      39             -0.3162405807412535                
18      40             -0.3361225019245846                
14      21             -0.34158561287903655               
19      40             -0.3432527301778549                
17      19             -0.35072055760358506               
19      26             -0.3507205576035862                
3       37             -0.35859158095904775               
19      22             -0.3613021148939075                
2       19             -0.3715380570539818                
19      21             -0.37169345446451496               
14      28             -0.388118406692051                 
1       11             -0.39093366346990865               
25      30             -0.46920971000777734               
12      25             -0.5017609275740488                
