#======================================================================
# PARAMETERS USED FOR THIS COMPUTATION: 
#	Sequence type: RNA
#	Total number of sequences in alignment data: 295
#	Length of sequences in alignment data: 34
#	Value of sequence identity: 0.8
#	lambda_h: 6.6000000000000005
#	lambda_J: 6.6000000000000005
#	Number of gradient decent iterations: 500
# The First and Second columns represent sites and the
# Third column is PLMDCA Frobenius norm, average product corrected (APC) DCA score
#======================================================================
20      21             0.08869783788064682                
12      24             0.050313072841861234               
12      17             0.05031306072598345                
17      19             0.05031305454144071                
19      24             0.050313051756157356               
17      24             0.050313045951426036               
12      19             0.05031304417897298                
1       2              0.028067336137068074               
7       19             0.025588131503229465               
7       24             0.025588130804440133               
7       12             0.02558813072679688                
7       17             0.02558812506201124                
6       31             0.022795501160243172               
3       4              0.022048327403927044               
2       4              0.021784963080582913               
3       12             0.020246055189304682               
3       17             0.020246053037356396               
3       19             0.020246052148076128               
3       24             0.020246051532420553               
5       6              0.019519047325410932               
31      33             0.018941427965955136               
1       4              0.017657831348095634               
3       33             0.016820471214349184               
3       7              0.016451086206483237               
7       31             0.015292001284174562               
20      31             0.015203797187433282               
31      32             0.014840698485668845               
33      34             0.014405803080409098               
2       31             0.014340325610428906               
1       5              0.01415086095213616                
5       31             0.013993777362415648               
1       6              0.013309070026912707               
4       5              0.012966749538568995               
21      31             0.012377335732865688               
2       32             0.011366118337165044               
2       3              0.011296906836058124               
21      30             0.011234223735470943               
4       33             0.010851374413302004               
20      30             0.01072138334359097                
7       21             0.00969364559951813                
32      34             0.009448178242254027               
1       3              0.009114442965440749               
7       20             0.008884779270510512               
5       33             0.008294479512234495               
7       33             0.007709706654557582               
2       6              0.00738510968696492                
3       34             0.007196507116790707               
1       33             0.007009786027997806               
5       34             0.006945454661536336               
4       7              0.006631374242784992               
16      25             0.006525285282697496               
6       33             0.006161723134553262               
3       6              0.006070709080733046               
21      34             0.005772000385093026               
1       31             0.005238448476844886               
20      34             0.005084933581791365               
4       6              0.004946044386734523               
3       5              0.0049447573366398455              
4       31             0.004818147291202921               
4       32             0.004607467383662602               
30      34             0.004459562541688604               
10      22             0.004287654987604639               
15      22             0.004287654987604639               
22      23             0.004287654987604639               
11      22             0.004287650326609493               
9       22             0.004287649928097284               
22      27             0.004287649263910259               
14      22             0.0042876478026988435              
13      22             0.004287647669861436               
22      26             0.004287647470605338               
22      29             0.004287647337767944               
22      28             0.004287647204930536               
18      22             0.004287646939255735               
22      25             0.004281946204523504               
16      22             0.00428193276457374                
22      30             0.0042038740173287875              
9       11             0.004199866932655727               
11      14             0.004199864800746939               
9       14             0.004199864401014025               
9       13             0.004199864267769707               
9       10             0.004199864134525416               
9       15             0.004199864134525416               
9       26             0.004199864067903264               
11      18             0.004199863934658987               
9       29             0.0041998639346589595              
9       28             0.004199863801414655               
14      27             0.004199863734792489               
13      27             0.004199863601548184               
9       18             0.00419986353492606                
10      27             0.00419986346830388                
15      27             0.00419986346830388                
23      27             0.00419986346830388                
26      27             0.004199863401681728               
27      29             0.004199863268437423               
27      28             0.004199863135193119               
18      27             0.004199862868704524               
13      14             0.004199862135860835               
10      14             0.004199862002616531               
14      15             0.004199862002616531               
14      23             0.004199862002616531               
14      26             0.004199861935994378               
13      15             0.004199861869372226               
13      23             0.004199861869372226               
10      13             0.004199861869372212               
14      29             0.004199861802750074               
13      26             0.00419986180275006                
10      15             0.004199861736127922               
10      23             0.004199861736127922               
15      23             0.004199861736127922               
10      26             0.0041998616695057694              
15      26             0.0041998616695057694              
23      26             0.0041998616695057694              
13      29             0.004199861669505756               
14      28             0.004199861669505756               
10      29             0.004199861536261451               
13      28             0.004199861536261451               
15      29             0.004199861536261451               
23      29             0.004199861536261451               
26      29             0.004199861469639299               
14      18             0.0041998614030171605              
10      28             0.004199861403017147               
15      28             0.004199861403017147               
23      28             0.004199861403017147               
26      28             0.004199861336394994               
13      18             0.004199861269772856               
28      29             0.00419986120315069                
10      18             0.0041998611365285515              
15      18             0.0041998611365285515              
18      23             0.004199861136528538               
18      26             0.004199861069906385               
18      29             0.004199860936662081               
18      28             0.0041998608034177765              
11      27             0.004199858815853635               
9       27             0.004199858416120722               
11      23             0.004199857083677733               
11      26             0.004199857017055594               
9       23             0.004199856683944819               
11      13             0.004199849766341426               
10      11             0.004199849633097136               
11      15             0.004199849633097136               
11      29             0.004199849433230693               
11      28             0.0041998492999863885              
9       25             0.00419792467609037                
16      23             0.004197916308026919               
16      26             0.004197916241827748               
16      29             0.004197916109429406               
16      28             0.004197915977031064               
9       16             0.004197911240616484               
16      27             0.004197910578624772               
11      25             0.004197910172124217               
14      16             0.004197909122243007               
25      27             0.004197909112937437               
13      16             0.004197908989844665               
10      16             0.0041979088574463225              
15      16             0.0041979088574463225              
16      18             0.004197908261653782               
13      25             0.004197907524157302               
10      25             0.004197907391758959               
15      25             0.004197907391758959               
23      25             0.004197907391758959               
25      26             0.004197907325559788               
25      29             0.004197907193161432               
25      28             0.00419790706076309                
18      25             0.004197906795966405               
11      16             0.0041979041872309275              
14      25             0.004197900205975047               
8       22             0.004197764753904251               
27      30             0.004161904628387766               
23      30             0.004161902955729768               
11      30             0.004161898207135195               
13      30             0.004161895633815166               
10      30             0.004161895505149171               
15      30             0.004161895505149171               
26      30             0.00416189544081616                
29      30             0.004161895312150152               
28      30             0.004161895183484157               
18      30             0.004161894926152154               
14      30             0.004161888311900563               
9       30             0.00416188291997599                
8       26             0.004117948876278421               
8       29             0.004117948743810912               
8       28             0.004117948611343417               
8       18             0.004117948346408412               
8       11             0.004117944273749133               
8       14             0.004117941756866583               
8       13             0.004117941624399074               
8       10             0.004117941491931579               
8       15             0.004117941491931579               
8       23             0.004117941491931579               
8       9              0.004117936425766036               
8       27             0.004117935763428504               
25      30             0.0041044134323027365              
16      30             0.004104407397048149               
8       16             0.004101833116760323               
8       25             0.004101831659617791               
8       30             0.003970259499947143               
2       7              0.0029286789571352535              
6       7              0.0028554363038055877              
3       31             0.0026153574906853765              
17      31             0.0020706553950341003              
24      31             0.0020706541283653512              
12      31             0.002070654070789501               
19      31             0.002070650921257723               
7       34             0.0019118305775706404              
6       32             0.001596141239355548               
11      32             0.001308631574353132               
14      32             0.0013086263193993544              
13      32             0.0013086262388907477              
10      32             0.001308626158382141               
15      32             0.001308626158382141               
9       32             0.001308623882246722               
27      32             0.0013086234797036952              
23      32             0.0013086224330918425              
26      32             0.0013086223928375426              
29      32             0.0013086223123289359              
28      32             0.0013086222318203292              
18      32             0.0013086220708031227              
5       8              0.0009890281443293084              
6       8              0.0009749138722847175              
8       32             0.0009410100650423109              
22      32             0.0009202829651754063              
5       30             0.0009003594203515555              
2       5              0.0007152006881087462              
8       34             0.0006801930972721026              
16      32             0.0005493868056340584              
25      32             0.0005493784694588083              
5       16             0.0004764572569331896              
5       25             0.00047645636863389434             
1       25             0.0003415086301092052              
1       16             0.00034150213088581655             
30      32             0.00011480595900026369             
22      34             -4.5810144941343944e-05            
2       22             -0.00030502454804529067            
5       11             -0.00036274434025485025            
5       9              -0.00036274458251828873            
5       23             -0.00036274603609894734            
5       27             -0.00036274871158099853            
5       14             -0.00036275332517057834            
5       13             -0.0003627534059250717             
5       10             -0.00036275348667954427            
5       15             -0.00036275348667954427            
5       26             -0.0003627535270567875             
5       29             -0.0003627536078112739             
5       28             -0.0003627536885657534             
5       18             -0.0003627538500747124             
6       34             -0.00038689388051383125            
11      34             -0.00042351645919239816            
9       34             -0.00042352414132872107            
14      34             -0.00042352537629260223            
26      34             -0.00042352556925570606            
29      34             -0.0004235256464409573             
28      34             -0.00042352572362619467            
18      34             -0.00042352587799667635            
27      34             -0.00042352825254523413            
13      34             -0.000423529178768145              
10      34             -0.00042352925595338237            
15      34             -0.00042352925595338237            
23      34             -0.00042352925595338237            
2       25             -0.0004898024743742596             
2       16             -0.0004898090188574095             
1       13             -0.0004901288849137458             
1       10             -0.0004901289714007578             
1       15             -0.0004901289714007578             
1       11             -0.0004901308804636656             
1       14             -0.0004901325237170115             
1       27             -0.0004901352976501155             
1       23             -0.0004901364219813548             
1       26             -0.0004901364652248608             
1       29             -0.0004901365517118797             
1       28             -0.0004901366381989056             
1       18             -0.0004901368111729365             
1       9              -0.0004901423157956109             
6       29             -0.0005412824352042517             
6       28             -0.0005412825220256698             
6       18             -0.0005412826956684991             
6       11             -0.0005412879323029515             
6       9              -0.0005412881927671989             
6       27             -0.0005412886268742964             
6       14             -0.0005412895819098817             
6       13             -0.0005412896687313068             
6       10             -0.000541289755552718              
6       15             -0.000541289755552718              
6       23             -0.000541289755552718              
6       26             -0.0005412897989634305             
30      33             -0.000646602020052095              
5       22             -0.0007001195463391813             
1       22             -0.0007934063144367925             
6       22             -0.0008332422974286283             
4       34             -0.0008579411485272193             
21      32             -0.0009259753204835589             
1       8              -0.0009351736743045125             
14      21             -0.0010736643831918413             
9       21             -0.0010736662280518144             
21      26             -0.0010736684022993742             
21      29             -0.001073668519826279              
21      28             -0.00107366863735317               
18      21             -0.001073668872406966              
11      21             -0.0010736733260517245             
13      21             -0.0010736756765896416             
10      21             -0.0010736757941165326             
15      21             -0.0010736757941165326             
21      27             -0.001073681716847491              
21      23             -0.0010736832446971295             
21      22             -0.0011474233025975944             
31      34             -0.0011966508815275008             
20      32             -0.0012018783899396465             
2       13             -0.0012713727900547714             
2       11             -0.0012713748678951572             
2       14             -0.0012713764329725652             
2       10             -0.0012713765977175606             
2       15             -0.0012713765977175606             
2       9              -0.001271378840302942              
2       27             -0.0012713792521654235             
2       26             -0.001271380364194108              
2       28             -0.0012713805289390964             
2       23             -0.0012713840482981575             
2       29             -0.0012713841718569041             
2       18             -0.0012713844189743834             
6       16             -0.0012950804710076952             
6       25             -0.0012950814260432875             
21      25             -0.0013072218268391361             
16      21             -0.0013072242593335781             
16      34             -0.0013471986995627003             
25      34             -0.0013471995486003668             
11      20             -0.0013686348073620735             
9       20             -0.0013686351592533813             
20      27             -0.0013686357457388942             
14      20             -0.001368637036006995              
13      20             -0.0013686371533040975             
10      20             -0.0013686372706012                
15      20             -0.0013686372706012                
20      23             -0.0013686372706012                
20      26             -0.0013686373292497445             
20      29             -0.001368637446546847              
20      28             -0.0013686375638439496             
18      20             -0.0013686377984381548             
20      22             -0.00144511914774674               
3       32             -0.0014748879146056632             
4       8              -0.0015339405453458424             
8       21             -0.0015437686448371984             
20      25             -0.001611045709525527              
16      20             -0.001611048144547711              
2       8              -0.0017874270004016313             
8       20             -0.0018550573900464606             
4       16             -0.0019855359383604207             
4       25             -0.001985536796324995              
32      33             -0.0024658933044235803             
7       32             -0.002587107479340281              
4       9              -0.0027311809989801136             
4       23             -0.0027311824029221457             
4       11             -0.002731184490280078              
4       27             -0.0027311851142543184             
4       18             -0.0027311864791979487             
4       14             -0.0027311896975091843             
4       13             -0.002731189775505974              
4       10             -0.0027311898535027426             
4       15             -0.0027311898535027426             
4       26             -0.0027311898925011305             
4       29             -0.002731189970497913              
4       28             -0.0027311900484946958             
1       34             -0.002940408297124917              
4       22             -0.0031234223301592756             
8       33             -0.0034774193677429774             
5       7              -0.0035906257735760228             
19      33             -0.0037742142304443005             
17      33             -0.0037742152677433874             
24      33             -0.0037742185271280246             
12      33             -0.003774218590616177              
22      33             -0.003968419060396786              
2       34             -0.003970469067276803              
11      17             -0.004038699609393556              
11      19             -0.004038701341569473              
13      17             -0.004038702141469272              
10      17             -0.004038702268073055              
15      17             -0.004038702268073055              
17      23             -0.004038702268073055              
11      24             -0.004038702540768185              
11      12             -0.004038702674012462              
9       12             -0.004038703053823839              
24      27             -0.004038703553598505              
12      27             -0.0040387036868428094             
14      19             -0.004038703747041447              
13      19             -0.004038703873645244              
10      19             -0.004038704000249027              
15      19             -0.004038704000249027              
19      23             -0.004038704000249027              
19      29             -0.0040387041901547155             
19      28             -0.0040387043167584985             
18      19             -0.004038704569966078              
14      24             -0.004038704946240201              
13      24             -0.004038705072843998              
12      14             -0.004038705079484492              
10      24             -0.004038705199447781              
15      24             -0.004038705199447781              
23      24             -0.004038705199447781              
12      13             -0.004038705206088303              
24      26             -0.004038705262749673              
10      12             -0.004038705332692072              
12      15             -0.004038705332692072              
12      23             -0.004038705332692072              
24      29             -0.00403870538935347               
12      26             -0.004038705395993977              
24      28             -0.004038705515957253              
12      29             -0.00403870552259776               
12      28             -0.004038705649201557              
18      24             -0.0040387057691648465             
12      18             -0.004038705902409137              
17      27             -0.004038708072804445              
17      26             -0.004038709781955543              
17      29             -0.004038709908559326              
17      28             -0.0040387100351631094             
17      18             -0.0040387102883706755             
19      26             -0.0040387115141315155             
9       17             -0.004038714890366113              
9       19             -0.0040387166225420296             
14      17             -0.004038716916026669              
19      27             -0.004038717255560972              
9       24             -0.004038725272321339              
19      22             -0.004044872643781727              
22      24             -0.0040448738393183414             
17      22             -0.004044878367476093              
12      22             -0.004044881422736346              
21      33             -0.004148985919381221              
17      25             -0.004178134892147051              
16      24             -0.004178136412268968              
19      25             -0.004178136613325542              
16      17             -0.004178140950086007              
16      19             -0.00417814267126447               
24      25             -0.004178145255491247              
12      25             -0.00417814538788959               
12      16             -0.00417815144582849               
26      33             -0.004245116620766348              
29      33             -0.004245116684254507              
28      33             -0.0042451167477426666             
14      33             -0.0042451183246910995             
18      33             -0.004245118737364134              
9       33             -0.004245121034170872              
27      33             -0.004245121351611661              
13      33             -0.004245122113469564              
10      33             -0.004245122176957716              
15      33             -0.004245122176957716              
23      33             -0.004245122176957716              
11      33             -0.004245122706351544              
8       19             -0.004314659634877677              
8       17             -0.004314665363380724              
8       24             -0.004314668277665801              
8       12             -0.004314668410133296              
1       32             -0.004455905292363251              
4       30             -0.004716514965887146              
20      33             -0.004975665010796191              
17      30             -0.005239987387281028              
19      30             -0.005239989059939054              
24      30             -0.00523999021793306               
12      30             -0.005239990346599055              
16      33             -0.005377608321793605              
25      33             -0.005377609020163349              
6       30             -0.005678898245672255              
1       30             -0.005851060180560919              
3       20             -0.0060427146100153345             
2       33             -0.006338618704294991              
4       20             -0.006558485421684579              
1       7              -0.006769349872123576              
3       21             -0.00692633957491743               
2       30             -0.007120875786421135              
2       20             -0.007330178581332739              
4       21             -0.007772007486706832              
2       21             -0.008595471525500463              
13      31             -0.00861982435297894               
10      31             -0.00861982441055479               
15      31             -0.00861982441055479               
26      31             -0.00861982630198787               
29      31             -0.008619826359563723              
28      31             -0.008619826417139573              
18      31             -0.008619826532291278              
11      31             -0.008619826926752193              
14      31             -0.008619828020693384              
9       31             -0.0086198289621249                
27      31             -0.008619829250004162              
23      31             -0.008619829998490237              
7       8              -0.008785252146567953              
3       30             -0.008893381616839828              
22      31             -0.009199551130582708              
1       21             -0.009615521036255417              
5       20             -0.009694499479936058              
1       20             -0.009764274504791594              
16      31             -0.009787038183497306              
25      31             -0.00978703881683168               
7       11             -0.009865750587231                 
7       14             -0.009865752062452916              
7       26             -0.00986575225656107               
7       29             -0.00986575233420433               
7       28             -0.00986575241184759               
7       18             -0.009865752567134102              
7       9              -0.00986575454545107               
7       27             -0.00986575493366737               
7       13             -0.009865755865386482              
7       10             -0.009865755943029735              
7       15             -0.009865755943029735              
7       23             -0.009865755943029735              
3       16             -0.009934258813981786              
3       25             -0.009934259566449707              
7       22             -0.01019772209874975               
3       9              -0.010407559874362926              
3       27             -0.010407560216393802              
3       23             -0.010407561105674062              
3       14             -0.010407562831506866              
3       13             -0.010407562899913042              
3       10             -0.010407562968319212              
3       15             -0.010407562968319212              
3       18             -0.010407563276146996              
3       11             -0.010407563394434702              
3       26             -0.010407564865167453              
3       29             -0.01040756493357363               
3       28             -0.010407565001979806              
7       25             -0.010513622389920645              
7       16             -0.010513625261135098              
6       20             -0.010630065704842998              
3       22             -0.010734928287839986              
8       31             -0.01080295178223964               
3       8              -0.010955464501004396              
5       21             -0.01096223575547467               
5       32             -0.011374935409394792              
24      32             -0.011660015458685682              
12      32             -0.011660015539194282              
19      32             -0.011660016596753385              
17      32             -0.011660017412786675              
19      21             -0.011667256231299827              
17      21             -0.01166725842874048               
21      24             -0.011667261014332186              
12      21             -0.011667264857149376              
6       21             -0.011775701619833663              
20      24             -0.011841937738392372              
12      20             -0.01184193785568946               
17      20             -0.011841938883146434              
19      20             -0.011841940408008754              
17      34             -0.012454613642357337              
19      34             -0.012454616508410642              
24      34             -0.012454617203077827              
12      34             -0.012454617280263064              
5       19             -0.013534753636460235              
5       17             -0.013534754449297123              
5       24             -0.01353475622589572               
5       12             -0.013534758169295343              
4       12             -0.013988853135504548              
4       17             -0.013988853204223772              
4       19             -0.013988854218181905              
4       24             -0.013988854920152928              
2       17             -0.014078781663478097              
2       19             -0.01407878273432054               
2       12             -0.01407878355804549               
2       24             -0.014078785338318155              
6       24             -0.014082493303220811              
6       17             -0.014082495118439918              
6       19             -0.014082496247118347              
6       12             -0.01408249711533252               
1       17             -0.014353019231233298              
1       24             -0.014353019271302565              
1       19             -0.014353020355564544              
1       12             -0.014353021220434727              
7       30             -0.01437629441517798               
30      31             -0.017343161891419885              
