#======================================================================
# PARAMETERS USED FOR THIS COMPUTATION: 
#      Sequence type: RNA
#      Total number of sequences in alignment data: 212
#      Length of sequences in alignment data: 46
#      Effective number of sequences: 7.235375922226763
#      Value of sequence identity: 0.8
#      Value of relative pseudocount: 0.5
# The First and Second columns represent sites and the
# Third column is MFDCA Frobenius norm, average product corrected (APC) DCA score
#======================================================================
2       29             2.485785441878487                  
17      43             2.0646512073815373                 
15      45             2.0288569837848045                 
16      44             1.717143568803402                  
9       22             1.7155891617848926                 
11      20             1.632983025360796                  
8       23             1.0938953361376895                 
3       28             1.0275614218510096                 
18      42             1.014669404695629                  
28      30             0.9934788195767196                 
23      24             0.8776799241303849                 
35      36             0.8230921157975446                 
10      22             0.8202755232595325                 
8       24             0.8143218132416803                 
13      19             0.7715687870759333                 
12      20             0.7405069282218382                 
11      12             0.740506928221838                  
3       4              0.7338710675290588                 
4       28             0.7297629472482315                 
7       27             0.7297147163960228                 
43      46             0.6714821317532456                 
10      12             0.6629250960564242                 
7       26             0.6189506173017107                 
11      22             0.6051020863140594                 
20      22             0.6051020863140587                 
3       27             0.5862434495702845                 
18      46             0.5753361075684329                 
5       27             0.558298973587288                  
42      46             0.5422807594587704                 
8       37             0.513655280515938                  
3       30             0.5063108795985034                 
1       21             0.5018328097615667                 
13      41             0.49244953742438924                
19      27             0.4920581134420019                 
18      41             0.4879899568855992                 
4       41             0.48627508788482754                
19      40             0.4699922281303218                 
41      45             0.46289811976180345                
41      42             0.45613269583351934                
4       27             0.44602236092078784                
4       30             0.44436922981750915                
18      43             0.4367660843418598                 
18      28             0.43492651059910525                
27      28             0.4330991624264001                 
8       9              0.4311251215467472                 
5       13             0.4212483837733929                 
3       18             0.4162721659789611                 
28      42             0.41594328631185384                
28      41             0.4097758847130911                 
12      40             0.40275703227153054                
42      43             0.3996074016617287                 
4       5              0.39595788074725613                
12      19             0.3915312503361148                 
7       23             0.3912949156432677                 
36      45             0.39030183788664635                
5       7              0.38942670417735237                
3       42             0.3888856961508327                 
3       41             0.38622739500534164                
13      26             0.3822179947118288                 
5       30             0.37674192292743885                
7       37             0.3745362877834967                 
10      38             0.3737669856398949                 
3       19             0.3724707274697926                 
9       24             0.3702799542258894                 
15      41             0.3658202759812852                 
3       5              0.3602048690910926                 
36      41             0.35876722266456074                
5       9              0.35805630398969845                
5       22             0.3555168820979706                 
8       35             0.34587629566473                   
19      38             0.3433388599676829                 
38      42             0.3374638390343961                 
37      43             0.32614491615540153                
6       25             0.3254919201680696                 
35      41             0.3173091235467162                 
19      42             0.3157435774976832                 
6       39             0.3050528473099036                 
43      45             0.30331271974938057                
4       18             0.29830350701008723                
15      36             0.27320054515362235                
15      17             0.2731485894634582                 
35      45             0.272606079926555                  
12      38             0.2649112071714081                 
22      24             0.2612062020231757                 
12      46             0.258209073799775                  
19      28             0.25788638773834704                
13      40             0.2568375280021621                 
19      46             0.25645475820914654                
31      32             0.2545206697667648                 
31      33             0.25373005284925304                
14      31             0.2537300528492499                 
4       42             0.2528940248932331                 
16      18             0.25209491340997836                
32      33             0.2512257183010826                 
14      32             0.25122571830107066                
14      33             0.2503489445414483                 
25      31             0.24944897665174062                
22      37             0.24823376375671746                
2       10             0.24748619821329326                
10      29             0.24748619821329287                
25      32             0.24688448532932356                
25      33             0.2463187189727097                 
14      25             0.2463187189727016                 
5       23             0.24366964537436664                
16      17             0.2398397374117624                 
25      34             0.23781182310478877                
1       34             0.2342664204547635                 
4       19             0.23381354411916955                
23      40             0.23126066776683785                
16      46             0.23061207291563368                
29      36             0.22816112259361965                
2       36             0.22816112259361826                
7       8              0.2232464689307529                 
13      38             0.22265706122947754                
26      27             0.22021519019150876                
21      34             0.22007971622131783                
31      34             0.21907156694537738                
32      34             0.2183536856938149                 
33      34             0.21824541402225736                
14      34             0.21824541402225264                
12      42             0.21454310967505985                
5       28             0.21399455224738617                
22      43             0.21378804771353366                
4       40             0.21328511088185542                
1       31             0.2123430312247074                 
6       31             0.2117154424707137                 
1       14             0.2105282508566264                 
1       33             0.21052825085662488                
17      27             0.21002030832178908                
6       14             0.2092372837337097                 
6       33             0.2092372837337074                 
1       32             0.20894945083401625                
13      27             0.20717535468107873                
15      35             0.20630097726352098                
1       25             0.20520073321426147                
6       32             0.203361623790102                  
38      40             0.20323992263846596                
39      44             0.20261057639109503                
21      31             0.2008004507855742                 
14      21             0.1996301496175912                 
21      33             0.19963014961758963                
35      38             0.19889233868546968                
21      32             0.19626906149993234                
24      37             0.1954247172641767                 
9       38             0.19498550152416028                
21      25             0.19212624404418938                
8       22             0.19044280589858253                
19      36             0.18928367088363124                
8       44             0.18841616755974006                
1       5              0.1880700026169912                 
13      16             0.18625819614968164                
6       34             0.18609521364993448                
10      21             0.17884091039685285                
17      22             0.177993748717023                  
35      40             0.17785934109445362                
6       21             0.17625375551964373                
9       12             0.17622536304839398                
10      20             0.17544529691966432                
10      11             0.1754452969196642                 
26      31             0.1749728057454475                 
19      35             0.174800739522466                  
14      26             0.17424565503845504                
26      33             0.17424565503845366                
21      36             0.1728728336308666                 
26      32             0.17274283500775003                
25      26             0.17222998159547004                
13      23             0.172033556545512                  
5       21             0.16928608978013548                
19      41             0.16811311303655563                
17      37             0.1677799917231384                 
23      37             0.16326622861830364                
29      44             0.1629235471003353                 
2       44             0.1629235471003333                 
24      26             0.16179257502816952                
15      46             0.15575461059449297                
9       19             0.1550646499903212                 
13      44             0.1535073854995601                 
3       40             0.15228297291094484                
36      40             0.15119966364481857                
37      39             0.14851687490679527                
1       27             0.14717958962538868                
17      45             0.14686432368387237                
8       43             0.14525663908929853                
40      42             0.14524962260016216                
24      36             0.14441321378426086                
37      44             0.1443319827022022                 
15      43             0.1441921851388358                 
13      36             0.14331831602581557                
30      41             0.1420449891126192                 
36      37             0.14164729485961502                
31      39             0.13782603046090341                
10      23             0.13717035886980022                
33      39             0.1370082042612782                 
14      39             0.1370082042612779                 
3       13             0.13488438141709547                
7       17             0.13472179155762937                
32      39             0.13457607577414135                
27      43             0.13289285229060166                
34      39             0.13280784330577738                
36      38             0.13129089056366317                
25      39             0.13071916927638433                
5       40             0.13057683745241788                
1       6              0.12908087848345556                
1       36             0.128869325072637                  
16      29             0.12366657135150627                
2       16             0.12366657135150572                
2       35             0.12320099154533704                
29      35             0.12320099154533687                
5       26             0.12184097357279383                
13      35             0.12142049930462512                
34      44             0.11906625456775485                
39      46             0.1177966784427939                 
45      46             0.11421277201877733                
9       37             0.11419707335133938                
16      43             0.11398685035734318                
7       24             0.1135650714500126                 
17      18             0.1129045265917979                 
40      45             0.11057895658921552                
11      42             0.11032829104638875                
20      42             0.11032829104638842                
8       13             0.1085008689214011                 
4       38             0.10490438174412692                
6       10             0.10436873892460241                
1       26             0.10367717841844823                
29      41             0.10226257836093866                
2       41             0.10226257836093777                
6       26             0.10179920030739031                
9       26             0.09808691877792064                
26      34             0.09605613886717876                
9       15             0.09594925022658263                
7       43             0.09492206393992336                
23      41             0.0949124446680425                 
7       20             0.09473126083085093                
7       11             0.09473126083085015                
35      39             0.09379289836975013                
21      26             0.0919746119721988                 
8       19             0.0892906867640898                 
23      26             0.08737929391773236                
13      28             0.0873379486011332                 
18      27             0.08481974728993846                
6       37             0.08460814157186475                
7       31             0.08432303435217858                
22      26             0.08267263957177956                
27      46             0.08254117352675028                
7       25             0.08219384470562119                
7       33             0.08196010904676165                
7       14             0.08196010904676082                
4       35             0.08163840203423123                
37      42             0.0814984626541313                 
1       39             0.08086874852527118                
7       32             0.08068026277019305                
2       40             0.08018998157895552                
29      40             0.08018998157895368                
34      38             0.07924970687754376                
11      17             0.07636457448117151                
17      20             0.07636457448117084                
14      30             0.0755894982116099                 
30      33             0.07558949821160596                
13      34             0.0753819358528367                 
21      39             0.07434627214907699                
7       9              0.07419347629997453                
30      32             0.07357502816316394                
30      31             0.07265899527267355                
22      40             0.07177197570999172                
30      38             0.06959256277711079                
12      41             0.06942483719601211                
23      44             0.06793663393438265                
23      27             0.06702690639640319                
3       38             0.066118981621414                  
25      30             0.06563082018934135                
15      20             0.06537989941409456                
11      15             0.06537989941409406                
1       10             0.06493133518262079                
26      39             0.06470225900425172                
6       30             0.0645778769063094                 
10      13             0.0635513116713467                 
14      16             0.062487620116505715               
16      33             0.06248762011650294                
4       23             0.062331042726713304               
12      16             0.06200905811467872                
7       19             0.06038336669362088                
16      31             0.06010677979276399                
17      35             0.05941423428377668                
39      40             0.056923825634301956               
16      32             0.056109184241030036               
18      19             0.055040433380150966               
16      34             0.05286352262740571                
12      36             0.05262672899704751                
15      31             0.05125311438837338                
1       24             0.05089367752701002                
26      37             0.04999258881459678                
16      25             0.047015718531163764               
28      40             0.04677373339167312                
24      27             0.046322789940344                  
5       39             0.04505859593274553                
39      45             0.04487336798830535                
18      44             0.04435002817385342                
34      40             0.0440445698570433                 
1       35             0.04213356451668804                
11      35             0.04204204641153558                
20      35             0.04204204641153497                
28      38             0.041698286899775894               
24      46             0.039590221083327715               
9       13             0.03943005971304303                
27      42             0.03884807577708349                
8       17             0.03804632151939852                
8       36             0.0372203770865151                 
5       41             0.0370554561698474                 
10      32             0.03642227734859926                
16      19             0.03642008245636075                
10      37             0.03281279291229011                
30      42             0.03191629199771412                
5       38             0.03177324927996722                
10      46             0.031027299378640794               
7       34             0.02987917624535877                
6       46             0.02983513904917995                
12      34             0.029203021444924204               
21      30             0.02889029193071946                
14      29             0.028768350431880335               
29      33             0.028768350431877615               
2       14             0.02876835043187681                
2       33             0.028768350431875672               
5       6              0.028694023140483138               
18      20             0.02839989959877509                
11      18             0.028399899598774092               
29      31             0.027607920487744603               
2       31             0.027607920487743937               
33      44             0.027052080604112266               
14      44             0.027052080604105494               
17      46             0.026798973366186474               
29      32             0.026183413180871196               
2       32             0.026183413180870307               
3       23             0.025755935272234964               
16      21             0.025704262282066626               
27      30             0.02520645390217241                
2       25             0.02462853072768731                
25      29             0.02462853072768581                
12      35             0.02427173252775866                
25      46             0.024179970781678772               
31      44             0.02365338231034214                
32      44             0.02295615677618637                
25      44             0.022576783998890626               
43      44             0.021795851445483128               
30      40             0.021565592698626956               
11      45             0.020948117365832963               
20      45             0.020948117365832186               
10      14             0.02041514909119163                
10      33             0.020415149091189244               
2       23             0.019935359070071268               
23      29             0.019935359070070435               
19      22             0.01927289424017342                
16      37             0.01912137173559636                
8       18             0.018307434842825376               
18      30             0.01817482418548405                
34      46             0.017661668752702864               
10      25             0.01761823807689633                
10      31             0.016363901909456913               
35      43             0.01601952784776084                
6       9              0.015003867653031189               
9       45             0.013879734497951546               
22      38             0.01273349938341195                
1       30             0.01266642173779256                
8       27             0.012019921737524863               
21      24             0.01172033716303883                
39      42             0.010190196044345845               
30      44             0.010126550394494671               
15      32             0.009868372865062314               
15      33             0.009138168957530446               
14      15             0.009138168957529835               
7       46             0.009058954706637479               
15      34             0.0075706318031760755              
20      43             0.006081846745832786               
11      43             0.006081846745832342               
24      40             0.0058168672967234825              
15      42             0.005525453166038474               
21      46             0.004189420759179663               
30      34             0.0040538563236661995              
1       7              0.0031529524896695693              
6       20             0.0015318945391757932              
6       11             0.0015318945391756267              
8       26             0.0010224708521959225              
23      45             0.0008845707298470451              
37      46             0.00019185900183299465             
24      31             -0.00011216805255453988            
7       21             -0.00014932400335337936            
11      44             -0.0001835211776732848             
20      44             -0.00018352117767372889            
29      34             -0.000195721202791016              
2       34             -0.0001957212027937083             
14      24             -0.0008696989035799074             
24      33             -0.0008696989035821279             
12      39             -0.0017118434230934954             
44      46             -0.0017371081234525132             
18      40             -0.0017683954368681865             
24      32             -0.001825133105484017              
15      25             -0.0021854225931653426             
17      23             -0.0025737643284859946             
6       24             -0.002612564067022455              
1       16             -0.002785492829041475              
18      39             -0.004007825537864662              
24      25             -0.0043539438015799126             
6       29             -0.005128092057967687              
2       6              -0.005128092057967992              
26      30             -0.0061751150267333466             
18      37             -0.007247774673306451              
36      39             -0.008862471952353485              
31      46             -0.00899751279221428               
19      23             -0.009930456497705964              
20      29             -0.01133545077727971               
11      29             -0.011335450777280098              
2       20             -0.011335450777280709              
2       11             -0.011335450777280931              
14      46             -0.01145589702846811               
33      46             -0.01145589702847144               
6       7              -0.011807335150822967              
7       39             -0.012157181807686768              
16      42             -0.012412510437308177              
1       2              -0.012868101402647492              
1       29             -0.012868101402648241              
32      46             -0.013905232287563074              
11      38             -0.014070855069367061              
20      38             -0.01407085506936745               
4       13             -0.01449996740884063               
15      40             -0.015397352210199666              
32      35             -0.01747667877011505               
24      39             -0.01783005463152343               
24      42             -0.017951623032980257              
10      34             -0.018219885051892343              
2       21             -0.018523650306869505              
21      29             -0.01852365030687217               
39      41             -0.019085179100694183              
10      35             -0.020172271810478204              
17      33             -0.02080278853882314               
14      17             -0.02080278853882353               
4       15             -0.021970766615999227              
23      43             -0.022017242667577763              
24      34             -0.02394771314301769               
18      38             -0.024080406772051144              
11      30             -0.0241644048217336                
20      30             -0.02416440482173382               
38      45             -0.025001358580509614              
17      32             -0.025319064437967165              
35      37             -0.026196952122910344              
17      25             -0.026697766555347474              
15      37             -0.02719130474969733               
26      29             -0.027300139224964104              
2       26             -0.027300139224964493              
8       34             -0.02748816346880195               
30      39             -0.027550812558292614              
4       45             -0.027783724265447785              
1       44             -0.02889396717976961               
10      45             -0.0302970326681542                
5       37             -0.030611532675294983              
17      31             -0.03108328001020763               
1       13             -0.032147183540315205              
15      38             -0.033138325587013184              
1       15             -0.0333262639577141                
25      35             -0.03347900220968186               
37      38             -0.03357413448777041               
34      37             -0.03381889217044115               
21      44             -0.036200737297145014              
2       39             -0.03724282539050147               
29      39             -0.03724282539050158               
15      21             -0.037845091079642984              
12      23             -0.03837719607192602               
6       44             -0.03914778807596814               
16      45             -0.03939985850017774               
5       8              -0.03940647957700716               
36      44             -0.040010766544263804              
14      35             -0.04002790245318738               
33      35             -0.04002790245318985               
9       17             -0.04069593651448383               
19      45             -0.04136801388782296               
16      24             -0.041570892794642045              
6       16             -0.04184493243002574               
4       33             -0.04270528637336604               
4       14             -0.04270528637336651               
4       32             -0.042722371500310136              
6       35             -0.043592164051875604              
28      33             -0.04387495388577728               
14      28             -0.04387495388578114               
28      31             -0.04433846471141037               
22      39             -0.04583506425901723               
25      28             -0.0461894241411856                
3       14             -0.04619147060105677               
3       33             -0.0461914706010573                
28      32             -0.046510746523126145              
3       31             -0.04662952065025061               
20      31             -0.04676528611881978               
11      31             -0.04676528611882094               
4       24             -0.047450483634865315              
3       25             -0.04784056319023264               
4       31             -0.04826094408509571               
20      32             -0.04830214113535941               
11      32             -0.04830214113535958               
3       32             -0.04844341710115624               
11      14             -0.04890319039865951               
14      20             -0.04890319039866012               
11      33             -0.0489031903986602                
20      33             -0.04890319039866142               
42      45             -0.04919306143124286               
8       21             -0.04936182901771763               
15      30             -0.04992243346660474               
38      39             -0.05010811095854456               
10      36             -0.05049445453333551               
4       25             -0.050545646942414285              
5       19             -0.05078867491548966               
39      43             -0.05079689825659761               
10      39             -0.050799619408118696              
31      35             -0.05082257310588814               
15      18             -0.051353894279950685              
11      25             -0.05142912967489352               
20      25             -0.051429129674895296              
17      41             -0.05160051264538684               
42      44             -0.05354871825893026               
31      38             -0.0536975767126546                
1       46             -0.053758129696867746              
28      29             -0.05452878405592554               
2       28             -0.05452878405592643               
15      19             -0.0558899694970183                
9       25             -0.05831896277744608               
12      21             -0.05869489876243464               
21      35             -0.059527409703070217              
10      24             -0.06080986929726423               
21      27             -0.06081467842217092               
1       17             -0.061369780057982715              
34      45             -0.06140309136008548               
37      45             -0.06185355947411869               
35      44             -0.062124736363223354              
20      26             -0.06233563700689293               
11      26             -0.06233563700689487               
6       12             -0.06255126300675479               
12      44             -0.06274681765943413               
13      39             -0.06328549905217251               
18      23             -0.06482175750700647               
9       33             -0.0650528173986884                
9       14             -0.06505281739869048               
30      37             -0.0650818445819028                
33      38             -0.06530708093183482               
14      38             -0.06530708093183558               
4       29             -0.06572153431878097               
2       4              -0.06572153431878125               
6       23             -0.06582288565296374               
9       32             -0.06648498919285267               
32      38             -0.06664929946164053               
21      38             -0.06673418986158076               
16      30             -0.06752239346911312               
18      22             -0.06769772511657524               
6       15             -0.06774673139578652               
4       21             -0.06923339939708603               
12      30             -0.06935940908271149               
20      34             -0.07006883424930008               
11      34             -0.07006883424930055               
40      44             -0.07075619645948322               
16      22             -0.07145482758387678               
35      46             -0.07195753653618908               
1       9              -0.07225085279040619               
31      40             -0.07230129885594566               
21      28             -0.0725119245469146                
9       46             -0.0730139127366849                
32      40             -0.07460982470367608               
10      26             -0.07468296945710912               
25      40             -0.07504206739236255               
14      40             -0.075594238459495                 
33      40             -0.07559423845949509               
21      40             -0.0756451044570152                
8       16             -0.07639663748123232               
8       40             -0.07643948285401453               
3       22             -0.07668208845527025               
33      36             -0.07718641160633571               
14      36             -0.0771864116063366                
27      45             -0.07830776208893092               
8       46             -0.07918051161609263               
2       37             -0.0791845235526828                
29      37             -0.07918452355268496               
1       11             -0.07931903304502608               
1       20             -0.07931903304502608               
9       31             -0.0795284883429187                
26      44             -0.07954251998680018               
6       36             -0.08003640055431777               
16      26             -0.08013421149192401               
4       6              -0.08023396711978237               
31      36             -0.08031934920678163               
2       30             -0.0805095495038203                
29      30             -0.08050954950382114               
20      24             -0.0815752638319493                
11      24             -0.08157526383194957               
1       40             -0.08164389641194131               
6       8              -0.08237553671142109               
13      24             -0.08251135874027626               
6       40             -0.08257914223786303               
11      23             -0.08362833134683167               
20      23             -0.0836283313468319                
23      35             -0.08405383588391274               
12      37             -0.08422312967768597               
32      45             -0.08448376479381664               
6       17             -0.08450044112572469               
33      45             -0.08468153798791367               
14      45             -0.08468153798791445               
17      19             -0.08478661021001183               
11      21             -0.08560074801082737               
20      21             -0.08560074801082779               
30      45             -0.08589091441309177               
32      36             -0.08592505207749007               
13      31             -0.08595348611356024               
12      29             -0.08695931844142557               
2       12             -0.08695931844142635               
9       40             -0.08697543054323736               
25      38             -0.08732703569913683               
13      32             -0.08776244702959923               
25      36             -0.08840218496404095               
5       36             -0.08864922022873395               
9       34             -0.08884357107630886               
7       22             -0.08898492247876971               
13      14             -0.08898600483022343               
13      33             -0.08898600483022384               
15      26             -0.08901660069621153               
17      21             -0.0895007357412109                
6       13             -0.08967524810654637               
5       14             -0.0902689434266874                
5       33             -0.09026894342668856               
4       46             -0.09076144628165567               
5       32             -0.09081614071244157               
2       9              -0.09083780505379652               
9       29             -0.09083780505379724               
27      39             -0.09093037579673963               
18      24             -0.09128418533312388               
8       38             -0.09201595318932237               
9       43             -0.09272956528561821               
27      37             -0.09295944402147288               
25      45             -0.09296046114010761               
3       10             -0.09318890585324424               
5       31             -0.0936672425061181                
32      37             -0.09426151879787986               
31      45             -0.09474182577810078               
16      39             -0.09509486022600146               
5       25             -0.0952482043893689                
12      31             -0.09531323658507088               
38      44             -0.09558441133110951               
17      36             -0.09578868617497904               
12      24             -0.09612749687939104               
18      45             -0.09636267102756102               
9       23             -0.09651401760698841               
12      32             -0.096697065356877                 
13      25             -0.09680241350787647               
15      23             -0.09781915950822878               
9       41             -0.09814780557929936               
9       11             -0.09815772482509572               
9       20             -0.09815772482509594               
8       20             -0.09851294402947958               
8       11             -0.09851294402947969               
16      27             -0.09911589477204341               
10      42             -0.09931970899821885               
34      36             -0.09956732408044429               
6       27             -0.09970082595301263               
17      34             -0.09994994355717532               
12      14             -0.10006513033814843               
12      33             -0.10006513033814957               
20      39             -0.10036715684339989               
11      39             -0.10036715684340003               
9       10             -0.10090645552327182               
9       36             -0.101133817902689                 
38      43             -0.10116387631266496               
21      22             -0.10179146206390183               
23      39             -0.10182878298592998               
15      16             -0.10236412106020626               
17      26             -0.10238986000657366               
36      43             -0.1034791129395522                
13      21             -0.10355959941065604               
24      29             -0.10413763681457477               
2       24             -0.10413763681457483               
9       44             -0.1041716054192317                
9       35             -0.10466767701851654               
23      34             -0.10682718279218437               
6       38             -0.10699684508623794               
12      25             -0.10704675783996112               
41      43             -0.10775300492650397               
14      37             -0.10789077150825416               
33      37             -0.10789077150825699               
1       4              -0.1089809333353878                
22      36             -0.10922424270003883               
11      13             -0.11049461712456027               
13      20             -0.11049461712456038               
12      45             -0.11058731598991106               
29      38             -0.11138018608025987               
2       38             -0.11138018608026001               
24      35             -0.11167892994898787               
6       28             -0.11178749359047538               
1       28             -0.11221180187813806               
1       38             -0.11256112118149268               
26      40             -0.11283985334697869               
31      37             -0.11355032489819225               
7       30             -0.11420500766234759               
22      46             -0.11490882088159204               
27      41             -0.11548563785057597               
26      36             -0.11570225791708094               
5       24             -0.11582716876741322               
17      24             -0.1162823907895929                
34      35             -0.1167019379934523                
21      37             -0.11748087311681885               
40      46             -0.1175739539198819                
3       6              -0.11762888521483164               
9       21             -0.11789802858910517               
1       45             -0.11793786813083199               
28      34             -0.1180128901870933                
22      44             -0.11808584580291098               
44      45             -0.11838410535209065               
21      45             -0.1185804741619697                
16      38             -0.11889652342855242               
13      37             -0.11935753617483147               
3       34             -0.12092096715600212               
25      37             -0.1210130900551247                
10      43             -0.12210385347346747               
10      15             -0.12224410584012402               
10      19             -0.12255436117223023               
18      31             -0.12317302561944254               
14      18             -0.12352184250935525               
18      33             -0.12352184250935591               
7       29             -0.12375601251617291               
2       7              -0.12375601251617366               
9       16             -0.12469988834669055               
1       12             -0.12501214432338115               
1       22             -0.12504594945331632               
15      27             -0.12579598567178057               
11      16             -0.12737631155720053               
16      20             -0.12737631155720053               
16      23             -0.12748102079300466               
18      25             -0.1274930205949077                
4       26             -0.12784914095943953               
7       44             -0.12805720059845258               
16      36             -0.12817472425188797               
6       22             -0.12903611648857707               
9       42             -0.12903620177560243               
18      32             -0.12929834785752622               
1       3              -0.12948883370133735               
10      30             -0.13026369296617382               
37      40             -0.13045192138873457               
20      36             -0.13103352367825172               
11      36             -0.13103352367825188               
7       10             -0.131619690080512                 
11      28             -0.13191125447368357               
20      28             -0.1319112544736839                
26      43             -0.13211968108135386               
15      44             -0.13271588512084262               
36      46             -0.1329780059463591                
11      27             -0.13356113694112054               
20      27             -0.13356113694112076               
20      37             -0.13368224609837726               
11      37             -0.13368224609837726               
24      44             -0.1338904319428165                
28      37             -0.13414249869105316               
32      41             -0.13439120697475015               
17      42             -0.13446747030334721               
8       45             -0.13471999364598597               
25      41             -0.13501347034927988               
14      41             -0.13504325104411014               
33      41             -0.13504325104411144               
5       34             -0.1350588491471611                
3       12             -0.1351577381957202                
1       37             -0.13610001389817986               
5       10             -0.13627521088175254               
31      41             -0.13659580917828706               
3       8              -0.13844760421622293               
17      38             -0.13913017712611853               
15      39             -0.13941378852618352               
34      41             -0.1396315664355892                
17      30             -0.13984746625002895               
26      46             -0.14037966117072173               
7       36             -0.14056535994622796               
30      35             -0.14105645706932354               
2       17             -0.1414383055186221                
17      29             -0.14143830551862258               
17      39             -0.14193680901754852               
23      36             -0.14227633428084874               
24      38             -0.14300759762322243               
6       45             -0.14315722581629506               
31      42             -0.1432915279157863                
22      27             -0.14382784280300898               
11      40             -0.14453334167634035               
20      40             -0.14453334167634074               
28      39             -0.14466801770020415               
3       21             -0.14474523912291073               
7       16             -0.14480285725524722               
24      30             -0.14489044204113558               
1       23             -0.14598107904559893               
33      42             -0.1467725185894434                
14      42             -0.14677251858944446               
6       18             -0.14791514714587226               
4       34             -0.14792624333989246               
27      38             -0.1481190230378299                
5       35             -0.1484709042146865                
32      42             -0.14848412818294704               
3       37             -0.1488391611058405                
19      30             -0.14911084228686167               
26      35             -0.14928093050600386               
2       3              -0.14943354278642285               
3       29             -0.14943354278642318               
4       12             -0.14950285207434294               
22      45             -0.14990423743136994               
2       43             -0.15033769144775705               
29      43             -0.15033769144775766               
5       42             -0.1503552714711202                
28      46             -0.15095396389379373               
10      16             -0.151638935264819                 
5       18             -0.1521436339607682                
25      42             -0.1523902654514667                
22      28             -0.1530416324122807                
13      17             -0.15356636336954732               
19      39             -0.15511257267106185               
30      46             -0.15528907950316773               
7       35             -0.1554516146686061                
23      28             -0.1556856121938327                
5       12             -0.15637798329588493               
8       25             -0.1568077658566495                
40      41             -0.15683608488233597               
26      45             -0.15688126288947105               
34      42             -0.15788338142681088               
19      34             -0.1580060675358095                
26      38             -0.15806683589959386               
3       39             -0.15843224336272016               
24      43             -0.15858348613584772               
10      17             -0.15865583187285126               
12      15             -0.15950991565466793               
8       32             -0.160931030139861                 
1       18             -0.1618816429087731                
9       39             -0.16198058175152297               
30      36             -0.16258943346955623               
4       39             -0.16291273181035187               
8       33             -0.16313558485378865               
8       14             -0.16313558485378893               
3       11             -0.16350237975536347               
3       20             -0.1635023797553639                
4       37             -0.16402765487821513               
1       41             -0.16417727361859516               
8       39             -0.1642916440383335                
14      27             -0.16448882945370527               
27      33             -0.16448882945370605               
23      46             -0.16462716653164533               
23      31             -0.16471258036003997               
27      31             -0.16561712749450452               
13      42             -0.1658308849798415                
23      32             -0.16708145229379034               
7       38             -0.16708309901666088               
25      27             -0.16710099970719652               
7       15             -0.16767711078920716               
23      25             -0.1677535910268041                
27      32             -0.16782759986607423               
21      41             -0.1682261229737021                
14      23             -0.16860969216595914               
23      33             -0.16860969216595925               
13      43             -0.16877291656775462               
4       10             -0.16893337320745172               
28      45             -0.1690094314420918                
8       42             -0.16917789015642337               
2       15             -0.17026428450522196               
15      29             -0.17026428450522227               
20      46             -0.17028166095433295               
11      46             -0.17028166095433345               
5       29             -0.17029761348948014               
2       5              -0.1702976134894803                
12      28             -0.1706516041727021                
13      22             -0.17120638439319674               
27      34             -0.1714907439507865                
8       15             -0.17177108409400493               
19      29             -0.1723024468630877                
2       19             -0.17230244686308938               
19      44             -0.17234633109838904               
19      24             -0.1726177694542812                
12      13             -0.1728706460595924                
10      44             -0.17290938376289527               
26      28             -0.17324563128434647               
3       26             -0.17345427209060732               
38      41             -0.1755534685208777                
8       10             -0.17589365271874702               
1       8              -0.17715149370337593               
38      46             -0.1772170928859721                
3       46             -0.17733017308537097               
8       31             -0.17856785940412637               
10      41             -0.17955261263172534               
12      26             -0.17973564977254328               
12      27             -0.17984576049126622               
18      34             -0.18188320046793913               
5       17             -0.1830280756347875                
34      43             -0.18349571833092182               
3       24             -0.18356600241627313               
41      44             -0.18368179161597403               
13      46             -0.1837103957070308                
3       35             -0.1845086892641602                
13      18             -0.18482229596225175               
12      17             -0.18488079017749054               
28      43             -0.18529377805511488               
22      29             -0.18585833523205425               
2       22             -0.18585833523205542               
22      25             -0.1859675258147396                
28      44             -0.18601053306795                  
3       36             -0.18713664582951448               
18      21             -0.18770976031973158               
6       41             -0.1879659504689271                
19      37             -0.18888739004650207               
7       45             -0.1899999187651097                
6       19             -0.19090000652291653               
21      23             -0.19093538998970555               
7       40             -0.19111368582573152               
22      31             -0.19164085754795107               
37      41             -0.1917742800971982                
1       42             -0.19182846358595904               
26      41             -0.19199290018324577               
22      32             -0.19223874622081819               
6       43             -0.19346250435338255               
14      22             -0.1935949701151583                
22      33             -0.19359497011515894               
23      38             -0.19417447105039273               
21      42             -0.19490882251605016               
22      34             -0.19536316434634426               
12      18             -0.1957303401458465                
8       30             -0.19615443099634516               
32      43             -0.1967589959703334                
19      43             -0.197644286288649                 
19      21             -0.19790307059448847               
6       42             -0.1980648519129744                
21      43             -0.19825867257386726               
27      36             -0.1983579905380732                
14      43             -0.19862965034064556               
33      43             -0.19862965034064783               
17      44             -0.20009705304982214               
25      43             -0.20142320183283652               
2       8              -0.2014994220501997                
8       29             -0.20149942205019986               
13      30             -0.20356066122221605               
8       41             -0.20363860894532232               
31      43             -0.20456360620500688               
10      28             -0.20489069336907376               
29      45             -0.20733440999274702               
2       45             -0.20733440999274766               
27      44             -0.2090282534655813                
4       8              -0.20945788958522704               
13      29             -0.20961737535333816               
2       13             -0.20961737535333896               
41      46             -0.21001415021221687               
3       45             -0.2105462171058034                
27      35             -0.21066397461001107               
9       27             -0.21115836033834234               
3       7              -0.21128233008311784               
7       28             -0.2114786723835441                
24      28             -0.21164281494013296               
4       36             -0.21211749233146504               
22      42             -0.21304538157231212               
2       46             -0.21333850335323418               
29      46             -0.21333850335323484               
40      43             -0.21584198215246048               
3       43             -0.2159869776485363                
19      31             -0.21704958167308608               
19      25             -0.2175948834368479                
19      33             -0.21802661302575838               
14      19             -0.2180266130257587                
8       28             -0.21843430103202183               
19      32             -0.218863835435806                 
27      40             -0.2204173937578694                
9       28             -0.22181066864898885               
18      36             -0.2219649188313026                
4       9              -0.22244554468944566               
1       43             -0.22301256195004612               
9       30             -0.2236417870514407                
16      41             -0.22391401826055202               
4       43             -0.2248497908716633                
17      40             -0.2256990667236442                
15      24             -0.22799835511692673               
4       7              -0.22933574613987412               
15      22             -0.2303447792021367                
16      28             -0.23189408180576418               
4       16             -0.23246805198724074               
7       12             -0.23391308788230053               
24      45             -0.23412431984677845               
18      35             -0.23425627449766928               
1       19             -0.23472729243377866               
22      23             -0.23484700480110732               
8       12             -0.2349426653359935                
7       18             -0.23565678892820857               
23      42             -0.23611440908750503               
5       43             -0.23857431538166685               
16      35             -0.24155735285703114               
5       46             -0.24284071416809566               
5       44             -0.24308112931274867               
10      18             -0.24474733776603086               
18      26             -0.24606129929441994               
4       44             -0.2464453730318658                
12      22             -0.24798306755239474               
16      40             -0.24904595496486528               
3       44             -0.24984016021518018               
15      28             -0.2501226722452089                
2       27             -0.25078042459096084               
27      29             -0.25078042459096345               
5       16             -0.251269248778062                 
22      30             -0.2547149274917392                
5       11             -0.2548632533741965                
5       20             -0.2548632533741965                
12      43             -0.25779670107437763               
18      29             -0.25878290732808074               
2       18             -0.2587829073280813                
7       41             -0.2609766573328848                
28      36             -0.26176618173872773               
22      35             -0.26561886488262715               
26      42             -0.26580936101880437               
19      26             -0.26676182049201014               
4       22             -0.26923656701262727               
7       42             -0.27185365883527485               
4       20             -0.2738043880594053                
4       11             -0.2738043880594053                
10      40             -0.2746029840608658                
28      35             -0.27542229591922274               
23      30             -0.2760948072687499                
36      42             -0.276218132947432                 
24      41             -0.27948630991427736               
4       17             -0.280138007347147                 
30      43             -0.2814518770178934                
13      45             -0.2814982558060968                
3       9              -0.28339377499137575               
3       15             -0.2851404842422623                
11      41             -0.2855927853365966                
20      41             -0.28559278533659693               
3       16             -0.28880949875683665               
22      41             -0.29197540654286824               
9       18             -0.29641261573554284               
3       17             -0.2995653919902792                
7       13             -0.3018682991620286                
17      28             -0.30624921078509615               
10      27             -0.3171271568627865                
5       45             -0.32205500500773987               
2       42             -0.33168742113592803               
29      42             -0.33168742113592836               
5       15             -0.34094200404845953               
13      15             -0.34525049120360324               
35      42             -0.3737305156071539                
19      20             -0.40239829696205914               
11      19             -0.4023982969620593                
