#======================================================================
# PARAMETERS USED FOR THIS COMPUTATION: 
#      Sequence type: RNA
#      Total number of sequences in alignment data: 10
#      Length of sequences in alignment data: 39
#      Effective number of sequences: 1.0222222222222224
#      Value of sequence identity: 0.8
#      Value of relative pseudocount: 0.5
# The First and Second columns represent sites and the
# Third column is MFDCA Frobenius norm, average product corrected (APC) DCA score
#======================================================================
11      36             1.3092837994937319                 
13      36             1.3092837994937314                 
11      13             1.3092837994937303                 
11      30             1.1231401716576666                 
13      30             1.1231401716576657                 
30      36             1.1231401716576643                 
12      13             1.0558116861926485                 
12      36             1.0558116861926483                 
11      12             1.0558116861926479                 
12      30             0.9983145377476823                 
24      25             0.9537158093526663                 
24      27             0.9537158093526659                 
24      26             0.9537158093526654                 
25      27             0.6111632563720488                 
25      26             0.6111632563720487                 
26      27             0.611163256372048                  
23      33             0.4025599991497101                 
19      23             0.40255999914970986                
7       23             0.4025599991497098                 
12      23             0.3340388620270267                 
23      30             0.33163623160202527                
7       33             0.3013024895777485                 
19      33             0.3013024895777482                 
7       19             0.30130248957774813                
23      24             0.27106873124661296                
30      33             0.23094347381565944                
7       30             0.23094347381565938                
19      30             0.23094347381565883                
7       12             0.21860907865150908                
12      33             0.21860907865150897                
12      19             0.21860907865150842                
23      36             0.1529627944360959                 
11      23             0.1529627944360959                 
13      23             0.15296279443609578                
23      25             0.091501031399916                  
23      27             0.09150103139991583                
23      26             0.09150103139991578                
1       3              0.04486726279223005                
28      29             0.04486726279222997                
31      32             0.04486726279222991                
28      37             0.044867262792229856               
28      38             0.044867262792229856               
29      35             0.044867262792229856               
28      34             0.0448672627922298                 
29      37             0.0448672627922298                 
29      38             0.0448672627922298                 
31      35             0.0448672627922298                 
32      35             0.0448672627922298                 
28      31             0.0448672627922298                 
28      32             0.0448672627922298                 
28      39             0.0448672627922298                 
32      39             0.0448672627922298                 
31      34             0.044867262792229745               
32      34             0.044867262792229745               
32      37             0.044867262792229745               
32      38             0.044867262792229745               
28      35             0.044867262792229745               
29      31             0.044867262792229745               
29      32             0.044867262792229745               
29      39             0.044867262792229745               
31      39             0.044867262792229745               
31      37             0.04486726279222969                
31      38             0.04486726279222969                
29      34             0.044867262792229634               
34      39             0.04486726279222941                
34      38             0.04486726279222936                
34      35             0.0448672627922293                 
34      37             0.044867262792229246               
38      39             0.04486726279222905                
22      37             0.044867262792229023               
22      39             0.044867262792229023               
35      38             0.044867262792229023               
35      39             0.044867262792229023               
21      29             0.044867262792228996               
21      31             0.044867262792228996               
21      39             0.044867262792228996               
1       4              0.044867262792228996               
22      28             0.04486726279222897                
22      29             0.04486726279222897                
22      31             0.04486726279222897                
22      32             0.04486726279222897                
37      38             0.04486726279222897                
35      37             0.04486726279222897                
37      39             0.04486726279222897                
21      35             0.04486726279222894                
21      28             0.04486726279222894                
21      32             0.04486726279222894                
22      38             0.04486726279222891                
22      35             0.04486726279222891                
21      37             0.044867262792228885               
21      38             0.044867262792228885               
22      34             0.04486726279222886                
21      34             0.04486726279222866                
18      21             0.04486726279222861                
18      22             0.04486726279222858                
20      21             0.04486726279222822                
20      22             0.044867262792228024               
5       8              0.044867262792228024               
15      21             0.04486726279222783                
16      20             0.0448672627922278                 
15      22             0.04486726279222775                
16      18             0.04486726279222766                
16      17             0.04486726279222766                
15      17             0.044867262792227636               
5       6              0.044867262792227636               
15      20             0.04486726279222761                
17      22             0.04486726279222755                
1       2              0.04486726279222755                
17      20             0.04486726279222747                
17      21             0.044867262792227414               
15      18             0.04486726279222736                
17      18             0.044867262792227275               
4       9              0.04486726279222725                
8       10             0.04486726279222722                
2       9              0.04486726279222719                
8       9              0.044867262792227164               
15      16             0.044867262792227136               
14      20             0.04486726279222711                
2       10             0.04486726279222708                
18      20             0.044867262792227025               
14      17             0.04486726279222697                
3       10             0.04486726279222697                
14      18             0.044867262792226914               
1       9              0.044867262792226914               
3       9              0.04486726279222686                
16      21             0.0448672627922268                 
14      16             0.0448672627922268                 
16      22             0.044867262792226775               
4       10             0.04486726279222675                
4       5              0.04486726279222672                
1       10             0.04486726279222669                
6       8              0.04486726279222669                
14      15             0.04486726279222661                
3       4              0.04486726279222661                
4       8              0.044867262792226525               
6       10             0.0448672627922265                 
5       10             0.044867262792226414               
4       6              0.04486726279222619                
2       4              0.044867262792226165               
6       9              0.044867262792226165               
5       9              0.044867262792226026               
2       3              0.04486726279222572                
9       10             0.044867262792225665               
2       20             0.04486726279222539                
3       20             0.04486726279222539                
8       20             0.044867262792225304               
4       20             0.044867262792225276               
2       17             0.04486726279222525                
3       15             0.04486726279222522                
2       18             0.04486726279222519                
3       6              0.04486726279222519                
5       20             0.044867262792225165               
8       16             0.044867262792225165               
2       16             0.04486726279222514                
3       17             0.04486726279222514                
3       5              0.04486726279222511                
5       17             0.04486726279222508                
8       14             0.04486726279222508                
10      20             0.04486726279222508                
2       15             0.044867262792225054               
1       14             0.044867262792225054               
8       17             0.044867262792225054               
2       14             0.044867262792225                  
1       20             0.044867262792225                  
3       14             0.04486726279222494                
5       16             0.044867262792224916               
3       18             0.044867262792224916               
8       18             0.04486726279222489                
4       16             0.04486726279222486                
4       17             0.04486726279222486                
9       20             0.04486726279222486                
4       15             0.04486726279222483                
5       15             0.04486726279222483                
10      17             0.04486726279222483                
9       16             0.04486726279222483                
3       16             0.044867262792224805               
8       15             0.044867262792224805               
4       14             0.04486726279222478                
9       17             0.04486726279222478                
6       20             0.04486726279222478                
4       18             0.04486726279222475                
1       17             0.04486726279222475                
10      16             0.04486726279222472                
6       14             0.044867262792224694               
1       16             0.044867262792224694               
9       14             0.04486726279222464                
9       18             0.04486726279222461                
5       18             0.04486726279222458                
1       18             0.04486726279222458                
10      14             0.04486726279222453                
10      18             0.0448672627922245                 
5       14             0.044867262792224444               
1       15             0.044867262792224444               
6       16             0.044867262792224444               
6       17             0.044867262792224444               
9       15             0.044867262792224416               
6       15             0.044867262792224416               
10      15             0.04486726279222436                
14      22             0.04486726279222433                
6       18             0.04486726279222433                
14      21             0.044867262792224305               
1       5              0.044867262792224055               
3       8              0.044867262792223944               
2       8              0.04486726279222353                
1       6              0.04486726279222353                
2       5              0.044867262792223445               
2       6              0.044867262792223306               
21      22             0.04486726279222303                
1       8              0.04486726279222272                
2       28             0.04486726279222056                
5       22             0.04486726279222053                
2       35             0.0448672627922205                 
3       35             0.0448672627922205                 
3       28             0.0448672627922205                 
8       28             0.044867262792220475               
5       21             0.04486726279222045                
2       34             0.04486726279222045                
2       37             0.04486726279222045                
2       38             0.04486726279222045                
2       29             0.04486726279222045                
2       32             0.04486726279222045                
3       38             0.04486726279222045                
3       29             0.04486726279222045                
3       31             0.04486726279222045                
3       32             0.04486726279222045                
8       35             0.04486726279222042                
8       29             0.04486726279222042                
8       32             0.04486726279222042                
6       22             0.04486726279222039                
2       31             0.04486726279222039                
2       39             0.04486726279222039                
3       34             0.04486726279222039                
3       37             0.04486726279222039                
3       39             0.04486726279222039                
6       21             0.044867262792220364               
8       34             0.044867262792220364               
8       37             0.044867262792220364               
8       38             0.044867262792220364               
8       31             0.044867262792220364               
4       28             0.044867262792220336               
8       39             0.04486726279222031                
4       29             0.044867262792220225               
4       31             0.044867262792220225               
5       28             0.044867262792220225               
10      28             0.0448672627922202                 
4       32             0.04486726279222017                
4       39             0.04486726279222017                
5       29             0.04486726279222017                
1       37             0.04486726279222017                
1       28             0.04486726279222017                
1       32             0.04486726279222017                
10      35             0.04486726279222014                
4       34             0.044867262792220114               
4       38             0.044867262792220114               
5       34             0.044867262792220114               
5       38             0.044867262792220114               
5       31             0.044867262792220114               
1       38             0.044867262792220114               
1       35             0.044867262792220114               
1       31             0.044867262792220114               
1       39             0.044867262792220114               
4       37             0.04486726279222006                
4       35             0.04486726279222006                
5       37             0.04486726279222006                
5       32             0.04486726279222006                
5       39             0.04486726279222006                
1       34             0.04486726279222006                
1       29             0.04486726279222006                
10      37             0.04486726279222003                
10      38             0.04486726279222003                
10      31             0.04486726279222003                
10      32             0.04486726279222003                
10      39             0.04486726279222003                
9       28             0.04486726279222003                
9       29             0.04486726279222003                
5       35             0.04486726279222                   
10      34             0.044867262792219975               
9       32             0.044867262792219975               
9       38             0.04486726279221992                
10      29             0.04486726279221992                
6       35             0.04486726279221992                
9       37             0.044867262792219864               
9       35             0.044867262792219864               
9       31             0.044867262792219864               
9       39             0.044867262792219864               
6       37             0.044867262792219864               
6       31             0.044867262792219864               
6       39             0.044867262792219864               
9       34             0.04486726279221981                
6       34             0.04486726279221981                
6       38             0.04486726279221981                
6       29             0.04486726279221981                
6       32             0.04486726279221981                
6       28             0.04486726279221975                
4       21             0.0448672627922195                 
4       22             0.044867262792219476               
14      35             0.04486726279221945                
14      28             0.04486726279221945                
14      29             0.04486726279221945                
14      31             0.04486726279221945                
14      34             0.04486726279221939                
14      39             0.04486726279221939                
14      38             0.04486726279221934                
14      32             0.04486726279221934                
14      37             0.04486726279221928                
10      22             0.044867262792219226               
10      21             0.04486726279221914                
18      28             0.04486726279221892                
18      35             0.044867262792218865               
18      31             0.044867262792218865               
18      34             0.04486726279221881                
18      29             0.04486726279221881                
18      39             0.04486726279221881                
18      37             0.044867262792218754               
18      38             0.044867262792218754               
18      32             0.044867262792218754               
9       22             0.044867262792218726               
16      37             0.0448672627922187                 
16      38             0.0448672627922187                 
16      28             0.0448672627922187                 
16      29             0.0448672627922187                 
16      35             0.04486726279221864                
16      31             0.04486726279221864                
16      32             0.04486726279221864                
16      34             0.04486726279221859                
17      34             0.04486726279221859                
17      37             0.04486726279221859                
16      39             0.04486726279221859                
17      29             0.04486726279221859                
17      31             0.04486726279221859                
17      32             0.04486726279221859                
9       21             0.04486726279221853                
17      38             0.04486726279221853                
17      35             0.04486726279221853                
17      28             0.04486726279221853                
17      39             0.04486726279221853                
15      29             0.044867262792218116               
15      34             0.04486726279221806                
15      35             0.04486726279221806                
20      37             0.04486726279221806                
20      29             0.04486726279221806                
20      32             0.04486726279221806                
8       21             0.044867262792218005               
15      37             0.044867262792218005               
15      28             0.044867262792218005               
15      32             0.044867262792218005               
15      39             0.044867262792218005               
20      38             0.044867262792218005               
20      35             0.044867262792218005               
20      31             0.044867262792218005               
20      39             0.044867262792218005               
8       22             0.04486726279221798                
15      38             0.04486726279221795                
15      31             0.04486726279221795                
20      34             0.04486726279221795                
20      28             0.04486726279221795                
3       21             0.04486726279221756                
3       22             0.04486726279221753                
2       22             0.04486726279221634                
2       21             0.04486726279221631                
1       22             0.04486726279221631                
1       21             0.044867262792216284               
12      24             0.010979046214340094               
1       19             -0.01788351171529723               
7       9              -0.01788351171529745               
1       33             -0.017883511715297645              
7       10             -0.01788351171529784               
1       7              -0.017883511715297867              
8       19             -0.01788351171529798               
3       7              -0.017883511715298117              
6       19             -0.017883511715298284              
4       7              -0.01788351171529845               
3       19             -0.01788351171529845               
8       33             -0.017883511715298506              
6       7              -0.017883511715298533              
5       7              -0.017883511715298617              
5       19             -0.017883511715298728              
2       19             -0.017883511715298783              
3       33             -0.01788351171529881               
6       33             -0.01788351171529881               
10      19             -0.017883511715298894              
7       20             -0.017883511715299005              
7       15             -0.01788351171529906               
4       19             -0.01788351171529909               
7       16             -0.017883511715299144              
7       17             -0.017883511715299227              
7       14             -0.017883511715299255              
5       33             -0.017883511715299255              
9       19             -0.017883511715299283              
2       33             -0.01788351171529931               
15      33             -0.01788351171529931               
10      33             -0.01788351171529931               
7       18             -0.017883511715299394              
2       7              -0.017883511715299588              
4       33             -0.017883511715299644              
9       33             -0.017883511715299782              
17      33             -0.017883511715299838              
15      19             -0.017883511715300004              
16      19             -0.017883511715300004              
7       8              -0.017883511715300116              
20      33             -0.0178835117153002                
17      19             -0.01788351171530031               
14      19             -0.017883511715300643              
18      19             -0.017883511715300726              
18      33             -0.017883511715300754              
16      33             -0.017883511715300837              
14      33             -0.017883511715301226              
33      35             -0.017883511715301892              
33      34             -0.017883511715301947              
33      37             -0.017883511715301975              
33      38             -0.017883511715301975              
33      39             -0.017883511715301975              
19      20             -0.017883511715302586              
7       28             -0.01788351171530267               
28      33             -0.017883511715302725              
31      33             -0.017883511715302725              
7       31             -0.017883511715302752              
7       39             -0.017883511715302752              
7       29             -0.01788351171530278               
7       32             -0.01788351171530278               
29      33             -0.01788351171530278               
32      33             -0.01788351171530278               
7       38             -0.017883511715302808              
7       35             -0.017883511715302808              
7       37             -0.017883511715302836              
7       34             -0.01788351171530289               
19      31             -0.017883511715303252              
19      29             -0.01788351171530328               
19      32             -0.017883511715303307              
19      28             -0.017883511715303335              
19      39             -0.017883511715303335              
19      38             -0.017883511715303363              
19      34             -0.01788351171530339               
19      37             -0.01788351171530339               
19      35             -0.017883511715303446              
21      33             -0.01788351171530375               
22      33             -0.017883511715303807              
19      22             -0.017883511715304307              
19      21             -0.01788351171530439               
7       22             -0.017883511715305778              
7       21             -0.017883511715305778              
26      28             -0.04065394820518986               
26      38             -0.040653948205189916              
26      35             -0.040653948205189916              
26      29             -0.040653948205189916              
26      39             -0.040653948205189916              
26      37             -0.040653948205189944              
27      28             -0.040653948205189944              
26      31             -0.040653948205189944              
26      32             -0.040653948205189944              
27      32             -0.04065394820518997               
27      35             -0.04065394820519                  
25      28             -0.04065394820519                  
26      34             -0.04065394820519                  
27      29             -0.04065394820519                  
27      31             -0.04065394820519                  
27      39             -0.04065394820519                  
27      37             -0.04065394820519003               
27      38             -0.04065394820519003               
25      37             -0.040653948205190055              
25      38             -0.040653948205190055              
27      34             -0.040653948205190055              
25      29             -0.040653948205190055              
25      32             -0.040653948205190055              
25      39             -0.040653948205190055              
25      31             -0.04065394820519008               
25      35             -0.04065394820519011               
25      34             -0.04065394820519014               
2       26             -0.04065394820519272               
2       25             -0.04065394820519275               
2       27             -0.04065394820519275               
15      25             -0.04065394820519275               
15      26             -0.0406539482051928                
21      26             -0.04065394820519283               
15      27             -0.04065394820519283               
22      26             -0.040653948205192886              
22      27             -0.04065394820519294               
21      25             -0.04065394820519294               
21      27             -0.04065394820519294               
22      25             -0.04065394820519297               
6       26             -0.0406539482051933                
8       26             -0.0406539482051933                
6       27             -0.04065394820519333               
8       25             -0.04065394820519336               
8       27             -0.04065394820519336               
3       26             -0.040653948205193385              
3       27             -0.04065394820519341               
6       25             -0.04065394820519344               
4       26             -0.040653948205193496              
3       25             -0.040653948205193496              
1       26             -0.040653948205193496              
5       26             -0.040653948205193524              
4       27             -0.04065394820519355               
5       25             -0.04065394820519355               
1       27             -0.04065394820519355               
1       25             -0.04065394820519361               
5       27             -0.040653948205193635              
4       25             -0.04065394820519369               
17      26             -0.04065394820519372               
20      25             -0.040653948205193774              
20      26             -0.040653948205193774              
20      27             -0.0406539482051938                
10      25             -0.04065394820519383               
17      27             -0.04065394820519383               
10      26             -0.04065394820519383               
16      26             -0.04065394820519383               
16      27             -0.04065394820519386               
18      26             -0.040653948205193885              
10      27             -0.040653948205193885              
17      25             -0.040653948205193885              
9       25             -0.040653948205193885              
9       26             -0.040653948205193885              
18      27             -0.04065394820519391               
16      25             -0.04065394820519391               
9       27             -0.04065394820519391               
18      25             -0.040653948205193996              
14      26             -0.040653948205193996              
14      25             -0.04065394820519408               
14      27             -0.04065394820519408               
24      32             -0.07972844819115682               
24      28             -0.07972844819115685               
24      29             -0.07972844819115685               
24      39             -0.07972844819115685               
24      31             -0.07972844819115688               
24      35             -0.0797284481911569                
24      38             -0.07972844819115693               
24      34             -0.07972844819115696               
24      37             -0.07972844819115699               
2       24             -0.07972844819115915               
15      24             -0.0797284481911594                
6       24             -0.0797284481911597                
3       24             -0.07972844819115979               
8       24             -0.07972844819115987               
5       24             -0.07972844819115993               
21      24             -0.07972844819115996               
22      24             -0.07972844819115998               
1       24             -0.07972844819115998               
4       24             -0.07972844819116015               
17      24             -0.0797284481911602                
18      24             -0.07972844819116026               
20      24             -0.07972844819116026               
10      24             -0.07972844819116029               
9       24             -0.07972844819116032               
14      24             -0.07972844819116057               
16      24             -0.0797284481911607                
19      24             -0.10205371407089914               
7       24             -0.10205371407089969               
24      33             -0.10205371407090069               
1       23             -0.10953949552012926               
2       23             -0.10953949552012962               
8       23             -0.10953949552012976               
23      29             -0.10953949552012979               
23      28             -0.10953949552012981               
23      32             -0.10953949552012981               
23      39             -0.10953949552012981               
23      31             -0.10953949552012984               
23      35             -0.10953949552012987               
6       23             -0.1095394955201299                
23      38             -0.10953949552012993               
23      34             -0.10953949552012995               
23      37             -0.10953949552012995               
3       23             -0.10953949552013001               
4       23             -0.10953949552013004               
5       23             -0.10953949552013054               
15      23             -0.10953949552013065               
9       23             -0.10953949552013068               
16      23             -0.1095394955201309                
10      23             -0.10953949552013109               
17      23             -0.10953949552013115               
18      23             -0.10953949552013134               
14      23             -0.1095394955201314                
20      23             -0.1095394955201314                
21      23             -0.10953949552013217               
22      23             -0.10953949552013223               
19      26             -0.11844357060014063               
19      25             -0.11844357060014071               
19      27             -0.11844357060014073               
7       26             -0.1184435706001413                
7       25             -0.11844357060014135               
7       27             -0.11844357060014142               
26      33             -0.11844357060014252               
27      33             -0.11844357060014256               
25      33             -0.11844357060014259               
12      27             -0.12568065644765564               
12      25             -0.1256806564476557                
12      26             -0.12568065644765572               
13      20             -0.13799920732750856               
13      16             -0.13799920732750873               
13      17             -0.13799920732750887               
13      15             -0.13799920732750906               
13      18             -0.13799920732750917               
13      14             -0.1379992073275092                
10      11             -0.13799920732751164               
2       36             -0.13799920732751247               
36      39             -0.13799920732751253               
36      37             -0.13799920732751256               
36      38             -0.13799920732751256               
4       11             -0.13799920732751286               
3       36             -0.13799920732751292               
9       11             -0.13799920732751292               
11      20             -0.13799920732751292               
6       11             -0.13799920732751297               
5       11             -0.137999207327513                 
6       36             -0.13799920732751306               
11      15             -0.1379992073275132                
11      17             -0.13799920732751322               
2       13             -0.13799920732751325               
11      16             -0.13799920732751325               
3       11             -0.1379992073275133                
9       36             -0.1379992073275134                
11      18             -0.13799920732751342               
11      14             -0.13799920732751345               
1       36             -0.13799920732751347               
6       13             -0.1379992073275135                
8       36             -0.13799920732751367               
3       13             -0.13799920732751372               
2       11             -0.13799920732751378               
10      36             -0.13799920732751383               
4       36             -0.13799920732751386               
15      36             -0.13799920732751386               
5       36             -0.1379992073275139                
35      36             -0.13799920732751406               
8       11             -0.13799920732751406               
1       11             -0.13799920732751408               
1       13             -0.1379992073275142                
14      36             -0.13799920732751433               
9       13             -0.13799920732751433               
20      36             -0.13799920732751436               
8       13             -0.1379992073275144                
10      13             -0.13799920732751442               
4       13             -0.13799920732751458               
5       13             -0.13799920732751458               
16      36             -0.13799920732751494               
17      36             -0.13799920732751528               
31      36             -0.13799920732751547               
32      36             -0.13799920732751547               
28      36             -0.1379992073275155                
29      36             -0.13799920732751556               
34      36             -0.1379992073275156                
18      36             -0.1379992073275156                
11      21             -0.13799920732751597               
11      22             -0.137999207327516                 
13      22             -0.13799920732751633               
13      21             -0.13799920732751636               
11      29             -0.13799920732751655               
11      28             -0.13799920732751658               
11      31             -0.13799920732751658               
11      32             -0.1379992073275166                
11      39             -0.1379992073275166                
11      37             -0.13799920732751664               
11      38             -0.13799920732751664               
11      35             -0.13799920732751664               
22      36             -0.13799920732751667               
11      34             -0.13799920732751667               
21      36             -0.13799920732751672               
13      31             -0.13799920732751847               
13      32             -0.1379992073275185                
13      28             -0.13799920732751852               
13      29             -0.13799920732751852               
13      37             -0.13799920732751855               
13      38             -0.13799920732751855               
13      35             -0.13799920732751855               
13      39             -0.13799920732751855               
13      34             -0.1379992073275186                
24      30             -0.17024763847425262               
6       30             -0.17307415299208367               
8       30             -0.17307415299208367               
2       30             -0.17307415299208373               
1       30             -0.17307415299208395               
5       30             -0.17307415299208423               
3       30             -0.17307415299208428               
30      32             -0.1730741529920844                
30      39             -0.1730741529920844                
30      31             -0.17307415299208445               
30      35             -0.17307415299208448               
30      37             -0.1730741529920845                
30      38             -0.1730741529920845                
30      34             -0.17307415299208456               
4       30             -0.1730741529920848                
10      30             -0.1730741529920849                
9       30             -0.1730741529920849                
15      30             -0.17307415299208495               
17      30             -0.17307415299208512               
20      30             -0.17307415299208523               
16      30             -0.17307415299208537               
28      30             -0.1730741529920857                
29      30             -0.17307415299208573               
14      30             -0.17307415299208573               
18      30             -0.17307415299208614               
21      30             -0.173074152992087                 
22      30             -0.17307415299208703               
11      19             -0.17913840130958467               
11      33             -0.17913840130958483               
13      19             -0.17913840130958564               
19      36             -0.17913840130958572               
13      33             -0.17913840130958575               
33      36             -0.17913840130958578               
7       36             -0.17913840130958594               
7       13             -0.17913840130958647               
7       11             -0.1791384013095869                
8       12             -0.1802239162337072                
3       12             -0.18022391623370723               
6       12             -0.18022391623370745               
9       12             -0.18022391623370757               
12      20             -0.18022391623370773               
1       12             -0.18022391623370773               
12      17             -0.18022391623370793               
12      16             -0.180223916233708                 
12      15             -0.18022391623370818               
10      12             -0.18022391623370818               
12      14             -0.1802239162337082                
2       12             -0.1802239162337082                
12      18             -0.18022391623370831               
5       12             -0.18022391623370834               
4       12             -0.18022391623370843               
12      29             -0.18022391623371106               
12      32             -0.18022391623371106               
12      28             -0.1802239162337111                
12      31             -0.1802239162337111                
12      39             -0.1802239162337111                
12      35             -0.18022391623371117               
12      38             -0.1802239162337112                
12      34             -0.18022391623371123               
12      37             -0.18022391623371123               
12      21             -0.18022391623371373               
12      22             -0.18022391623371375               
11      26             -0.18224552887060544               
11      27             -0.18224552887060558               
11      25             -0.18224552887060563               
13      26             -0.18224552887060624               
13      27             -0.18224552887060635               
13      25             -0.18224552887060635               
26      36             -0.18224552887060644               
27      36             -0.18224552887060647               
25      36             -0.18224552887060652               
11      24             -0.19560042799696123               
24      36             -0.19560042799696162               
13      24             -0.19560042799696167               
25      30             -0.20828743464098481               
26      30             -0.20828743464098481               
27      30             -0.20828743464098484               
