#======================================================================
# PARAMETERS USED FOR THIS COMPUTATION: 
#      Sequence type: RNA
#      Total number of sequences in alignment data: 2
#      Length of sequences in alignment data: 26
#      Effective number of sequences: 1.0
#      Value of sequence identity: 0.8
#      Value of relative pseudocount: 0.5
# The First and Second columns represent sites and the
# Third column is MFDCA Frobenius norm, average product corrected (APC) DCA score
#======================================================================
11      14             0.0003799798964361778              
11      13             0.00037997989643584473             
11      12             0.00037997989643584473             
5       8              0.0003799798964357892              
12      14             0.0003799798964357892              
5       7              0.0003799798964357337              
6       7              0.0003799798964356227              
14      16             0.0003799798964356227              
9       14             0.00037997989643551167             
14      15             0.00037997989643534513             
12      13             0.0003799798964352341              
9       12             0.0003799798964352341              
6       8              0.0003799798964351231              
9       11             0.0003799798964351231              
13      14             0.0003799798964350676              
10      14             0.00037997989643495655             
9       13             0.00037997989643479                
15      25             0.0003799798964347345              
10      12             0.0003799798964347345              
15      19             0.000379979896434679               
15      26             0.000379979896434679               
16      25             0.000379979896434679               
16      17             0.0003799798964346235              
15      23             0.000379979896434568               
15      17             0.000379979896434568               
16      19             0.000379979896434568               
16      26             0.000379979896434568               
10      11             0.000379979896434568               
5       6              0.00037997989643451247             
15      21             0.00037997989643451247             
16      22             0.00037997989643451247             
16      23             0.00037997989643451247             
15      24             0.00037997989643445695             
15      22             0.00037997989643445695             
16      21             0.00037997989643445695             
4       7              0.00037997989643440144             
3       8              0.00037997989643440144             
15      20             0.00037997989643440144             
16      24             0.00037997989643440144             
25      26             0.00037997989643440144             
1       4              0.00037997989643434593             
22      25             0.00037997989643434593             
23      25             0.00037997989643434593             
17      19             0.00037997989643434593             
17      25             0.00037997989643434593             
17      26             0.00037997989643434593             
19      25             0.00037997989643434593             
16      20             0.00037997989643434593             
17      22             0.0003799798964342904              
24      25             0.0003799798964342904              
22      26             0.0003799798964342904              
19      26             0.0003799798964342904              
10      13             0.0003799798964342904              
17      21             0.0003799798964342349              
19      23             0.0003799798964342349              
24      26             0.0003799798964342349              
21      25             0.0003799798964342349              
21      26             0.0003799798964342349              
23      26             0.0003799798964342349              
2       7              0.0003799798964341794              
4       8              0.0003799798964341794              
3       7              0.0003799798964341794              
21      22             0.0003799798964341794              
22      23             0.0003799798964341794              
2       3              0.0003799798964341794              
17      23             0.0003799798964341794              
19      21             0.0003799798964341794              
19      22             0.0003799798964341794              
20      25             0.0003799798964341794              
20      26             0.0003799798964341794              
22      24             0.0003799798964341239              
17      20             0.0003799798964341239              
17      24             0.0003799798964341239              
19      24             0.0003799798964341239              
21      23             0.0003799798964341239              
1       8              0.0003799798964340684              
21      24             0.0003799798964340684              
23      24             0.0003799798964340684              
20      22             0.0003799798964340684              
20      23             0.0003799798964340684              
19      20             0.0003799798964340684              
1       2              0.0003799798964340684              
2       8              0.00037997989643395735             
1       7              0.00037997989643395735             
20      21             0.00037997989643395735             
20      24             0.00037997989643390184             
1       3              0.00037997989643390184             
3       4              0.00037997989643345775             
7       8              0.00037997989643334673             
2       11             0.00037997989643334673             
2       14             0.00037997989643334673             
3       5              0.00037997989643334673             
3       6              0.0003799798964332912              
4       14             0.0003799798964332357              
2       12             0.0003799798964331802              
4       12             0.0003799798964331802              
11      15             0.0003799798964331802              
11      16             0.0003799798964331802              
8       14             0.0003799798964331247              
3       14             0.0003799798964331247              
8       12             0.0003799798964330692              
13      15             0.00037997989643301366             
13      16             0.00037997989643301366             
1       14             0.00037997989643301366             
6       9              0.00037997989643301366             
9       10             0.00037997989643301366             
3       11             0.00037997989643295815             
6       10             0.00037997989643295815             
15      16             0.00037997989643295815             
2       13             0.00037997989643290264             
4       11             0.00037997989643284713             
1       6              0.00037997989643284713             
1       12             0.00037997989643284713             
3       12             0.00037997989643284713             
1       5              0.00037997989643284713             
2       4              0.0003799798964327916              
5       9              0.0003799798964327361              
4       13             0.0003799798964326806              
1       11             0.0003799798964326806              
8       11             0.0003799798964326251              
2       5              0.0003799798964326251              
8       13             0.00037997989643251406             
2       6              0.00037997989643251406             
4       6              0.00037997989643251406             
1       13             0.00037997989643251406             
4       5              0.00037997989643251406             
5       14             0.00037997989643251406             
12      16             0.00037997989643245855             
3       13             0.00037997989643240304             
12      15             0.00037997989643240304             
7       12             0.00037997989643234753             
7       9              0.000379979896432292               
6       14             0.0003799798964322365              
7       11             0.000379979896432181               
7       14             0.000379979896432181               
5       11             0.000379979896432181               
5       10             0.000379979896432181               
6       12             0.00037997989643207                
5       12             0.00037997989643207                
6       11             0.00037997989643201446             
7       13             0.00037997989643184793             
5       13             0.0003799798964317924              
6       13             0.0003799798964316259              
7       10             0.00037997989643134833             
2       17             0.0003799798964311818              
2       25             0.0003799798964311818              
2       26             0.0003799798964311818              
2       21             0.0003799798964311263              
3       19             0.0003799798964311263              
2       22             0.0003799798964310708              
4       23             0.0003799798964310708              
4       17             0.0003799798964310708              
4       19             0.0003799798964310708              
4       25             0.0003799798964310708              
4       26             0.0003799798964310708              
3       25             0.0003799798964310708              
3       26             0.0003799798964310708              
3       10             0.0003799798964310708              
8       17             0.00037997989643101526             
8       26             0.00037997989643101526             
2       23             0.00037997989643101526             
4       21             0.00037997989643101526             
4       22             0.00037997989643101526             
2       19             0.00037997989643101526             
3       17             0.00037997989643101526             
10      17             0.00037997989643101526             
10      26             0.00037997989643101526             
8       22             0.00037997989643095975             
8       19             0.00037997989643095975             
8       25             0.00037997989643095975             
2       24             0.00037997989643095975             
3       23             0.00037997989643095975             
8       21             0.00037997989643090424             
8       23             0.00037997989643090424             
2       20             0.00037997989643090424             
4       20             0.00037997989643090424             
4       24             0.00037997989643090424             
3       21             0.00037997989643090424             
1       26             0.00037997989643090424             
10      23             0.00037997989643090424             
10      19             0.00037997989643090424             
10      25             0.00037997989643090424             
9       17             0.00037997989643090424             
9       19             0.00037997989643090424             
3       9              0.00037997989643090424             
8       20             0.00037997989643084873             
8       24             0.00037997989643084873             
1       21             0.00037997989643084873             
3       22             0.00037997989643084873             
1       17             0.00037997989643084873             
1       25             0.00037997989643084873             
10      21             0.00037997989643084873             
10      22             0.00037997989643084873             
9       25             0.00037997989643084873             
3       24             0.0003799798964307932              
1       22             0.0003799798964307932              
1       23             0.0003799798964307932              
1       19             0.0003799798964307932              
10      24             0.0003799798964307932              
9       23             0.0003799798964307932              
9       26             0.0003799798964307932              
1       9              0.0003799798964307932              
1       24             0.0003799798964307377              
3       20             0.0003799798964307377              
9       22             0.0003799798964307377              
10      20             0.0003799798964306822              
9       21             0.0003799798964306822              
9       20             0.0003799798964306267              
9       24             0.0003799798964306267              
4       9              0.0003799798964305712              
1       10             0.0003799798964305712              
1       20             0.00037997989643051566             
2       9              0.00037997989643046015             
7       17             0.00037997989643040464             
10      16             0.00037997989643040464             
7       23             0.00037997989643034913             
7       19             0.00037997989643034913             
7       26             0.00037997989643034913             
6       19             0.00037997989643034913             
4       10             0.00037997989643034913             
7       21             0.0003799798964302936              
7       25             0.0003799798964302936              
6       17             0.0003799798964302936              
5       19             0.0003799798964302936              
10      15             0.0003799798964302936              
7       22             0.0003799798964302381              
5       17             0.0003799798964302381              
7       20             0.0003799798964301826              
7       24             0.0003799798964301826              
9       15             0.0003799798964301826              
5       21             0.0003799798964301271              
6       25             0.0003799798964301271              
5       25             0.0003799798964301271              
5       26             0.0003799798964301271              
2       10             0.0003799798964301271              
9       16             0.0003799798964301271              
6       22             0.0003799798964300716              
5       22             0.0003799798964300716              
6       26             0.0003799798964300716              
5       24             0.00037997989643001606             
6       24             0.00037997989642996055             
6       21             0.00037997989642996055             
5       20             0.00037997989642996055             
6       23             0.00037997989642990504             
5       23             0.00037997989642990504             
6       20             0.00037997989642984953             
8       9              0.000379979896429794               
6       15             0.0003799798964297385              
6       16             0.000379979896429683               
5       16             0.00037997989642934993             
8       10             0.0003799798964292389              
5       15             0.0003799798964291834              
12      17             0.00037997989642907237             
12      19             0.00037997989642901686             
12      25             0.00037997989642901686             
13      19             0.00037997989642896135             
12      26             0.00037997989642896135             
13      26             0.00037997989642890584             
13      21             0.00037997989642885033             
13      22             0.00037997989642885033             
13      25             0.00037997989642885033             
12      24             0.00037997989642885033             
12      21             0.00037997989642885033             
12      22             0.00037997989642885033             
12      23             0.00037997989642885033             
13      23             0.0003799798964287948              
13      17             0.0003799798964287948              
12      20             0.0003799798964287948              
13      20             0.0003799798964287393              
13      24             0.0003799798964287393              
7       15             0.00037997989642846175             
7       16             0.00037997989642835073             
11      17             0.0003799798964281842              
11      19             0.0003799798964281842              
11      25             0.0003799798964281842              
11      26             0.0003799798964281287              
14      26             0.00037997989642807317             
11      21             0.00037997989642801766             
11      22             0.00037997989642801766             
11      23             0.00037997989642801766             
14      25             0.00037997989642801766             
11      24             0.00037997989642796215             
14      17             0.00037997989642796215             
14      19             0.00037997989642796215             
14      22             0.00037997989642790664             
14      23             0.00037997989642790664             
11      20             0.0003799798964278511              
14      24             0.0003799798964278511              
14      21             0.0003799798964278511              
14      20             0.0003799798964277956              
3       15             0.0003799798964277956              
3       16             0.0003799798964277956              
1       15             0.0003799798964276846              
1       16             0.0003799798964276846              
4       15             0.00037997989642746255             
4       16             0.00037997989642740704             
2       15             0.0003799798964271295              
2       16             0.0003799798964271295              
8       16             0.0003799798964263523              
8       15             0.0003799798964262968              
1       18             -0.003374138993245873              
9       18             -0.0033741389932464283             
10      18             -0.003374138993246484              
2       18             -0.003374138993246789              
5       18             -0.0033741389932468446             
4       18             -0.0033741389932469                
3       18             -0.0033741389932469557             
6       18             -0.0033741389932469834             
11      18             -0.003374138993247039              
14      18             -0.0033741389932472887             
8       18             -0.0033741389932473997             
13      18             -0.0033741389932475663             
12      18             -0.0033741389932477606             
7       18             -0.003374138993248149              
16      18             -0.003374138993248371              
15      18             -0.003374138993248399              
18      19             -0.0033741389932484545             
18      25             -0.0033741389932484545             
18      26             -0.0033741389932484545             
17      18             -0.003374138993248482              
18      22             -0.0033741389932485377             
18      23             -0.0033741389932485377             
18      21             -0.0033741389932485655             
18      20             -0.003374138993248621              
18      24             -0.003374138993248621              
