#======================================================================
# PARAMETERS USED FOR THIS COMPUTATION: 
#      Sequence type: RNA
#      Total number of sequences in alignment data: 2
#      Length of sequences in alignment data: 32
#      Effective number of sequences: 1.0
#      Value of sequence identity: 0.8
#      Value of relative pseudocount: 0.5
# The First and Second columns represent sites and the
# Third column is MFDCA Frobenius norm, average product corrected (APC) DCA score
#======================================================================
5       10             0.0002012678454819672              
6       10             0.00020126784548174514             
4       10             0.00020126784548168963             
3       10             0.00020126784548135657             
2       10             0.00020126784548119003             
12      18             0.0002012678454810235              
1       10             0.000201267845480968               
12      17             0.000201267845480968               
5       8              0.000201267845480968               
5       15             0.00020126784548085697             
15      18             0.00020126784548080145             
1       15             0.00020126784548080145             
15      17             0.00020126784548069043             
15      16             0.00020126784548069043             
5       17             0.00020126784548069043             
3       14             0.00020126784548063492             
2       15             0.00020126784548063492             
6       15             0.00020126784548063492             
5       18             0.00020126784548063492             
8       13             0.00020126784548063492             
5       16             0.0002012678454805794              
7       15             0.0002012678454805794              
3       15             0.0002012678454805239              
4       15             0.0002012678454804684              
8       15             0.0002012678454804684              
8       12             0.00020126784548041288             
3       13             0.00020126784548035737             
6       18             0.00020126784548035737             
2       16             0.00020126784548035737             
2       14             0.00020126784548030185             
1       16             0.00020126784548030185             
8       14             0.00020126784548030185             
3       16             0.00020126784548024634             
6       17             0.00020126784548024634             
4       16             0.00020126784548024634             
6       14             0.00020126784548024634             
7       12             0.00020126784548024634             
27      30             0.00020126784548024634             
4       13             0.00020126784548019083             
7       16             0.00020126784548019083             
8       16             0.00020126784548019083             
27      29             0.00020126784548019083             
6       11             0.00020126784548013532             
29      30             0.00020126784548013532             
29      31             0.00020126784548013532             
29      32             0.00020126784548013532             
26      27             0.00020126784548013532             
27      28             0.00020126784548013532             
27      31             0.00020126784548013532             
27      32             0.00020126784548013532             
5       7              0.00020126784548013532             
3       12             0.0002012678454800798              
4       17             0.0002012678454800798              
4       14             0.0002012678454800798              
6       16             0.0002012678454800798              
5       11             0.0002012678454800798              
5       14             0.0002012678454800798              
26      29             0.0002012678454800798              
26      30             0.0002012678454800798              
26      31             0.0002012678454800798              
26      32             0.0002012678454800798              
28      32             0.0002012678454800798              
31      32             0.0002012678454800798              
3       17             0.0002012678454800243              
4       12             0.0002012678454800243              
4       18             0.0002012678454800243              
2       13             0.0002012678454800243              
7       13             0.0002012678454800243              
1       14             0.0002012678454800243              
26      28             0.0002012678454800243              
28      29             0.0002012678454800243              
28      30             0.0002012678454800243              
28      31             0.0002012678454800243              
30      31             0.0002012678454800243              
30      32             0.0002012678454800243              
4       11             0.0002012678454799688              
1       12             0.0002012678454799688              
7       14             0.0002012678454799688              
1       13             0.0002012678454799688              
5       12             0.0002012678454799688              
3       18             0.00020126784547991328             
2       17             0.00020126784547991328             
7       11             0.00020126784547991328             
8       10             0.00020126784547991328             
1       17             0.00020126784547991328             
5       13             0.00020126784547991328             
7       10             0.00020126784547985777             
6       13             0.00020126784547985777             
19      24             0.00020126784547985777             
21      23             0.00020126784547985777             
21      24             0.00020126784547985777             
22      24             0.00020126784547985777             
23      24             0.00020126784547985777             
2       12             0.00020126784547980225             
2       18             0.00020126784547980225             
6       12             0.00020126784547980225             
21      27             0.00020126784547980225             
20      24             0.00020126784547980225             
21      25             0.00020126784547980225             
22      25             0.00020126784547980225             
19      26             0.00020126784547974674             
21      26             0.00020126784547974674             
21      29             0.00020126784547974674             
21      32             0.00020126784547974674             
22      29             0.00020126784547974674             
24      26             0.00020126784547974674             
25      31             0.00020126784547974674             
20      27             0.00020126784547974674             
25      27             0.00020126784547974674             
19      21             0.00020126784547974674             
19      22             0.00020126784547974674             
19      23             0.00020126784547974674             
20      22             0.00020126784547974674             
20      25             0.00020126784547974674             
21      22             0.00020126784547974674             
22      23             0.00020126784547974674             
23      25             0.00020126784547974674             
24      25             0.00020126784547974674             
3       11             0.00020126784547969123             
14      18             0.00020126784547969123             
1       3              0.00020126784547969123             
1       18             0.00020126784547969123             
3       8              0.00020126784547969123             
19      31             0.00020126784547969123             
19      32             0.00020126784547969123             
20      26             0.00020126784547969123             
20      31             0.00020126784547969123             
20      32             0.00020126784547969123             
21      28             0.00020126784547969123             
21      30             0.00020126784547969123             
21      31             0.00020126784547969123             
22      26             0.00020126784547969123             
22      30             0.00020126784547969123             
22      31             0.00020126784547969123             
23      26             0.00020126784547969123             
23      31             0.00020126784547969123             
24      31             0.00020126784547969123             
25      32             0.00020126784547969123             
19      27             0.00020126784547969123             
22      27             0.00020126784547969123             
23      27             0.00020126784547969123             
24      27             0.00020126784547969123             
20      21             0.00020126784547969123             
20      23             0.00020126784547969123             
8       11             0.00020126784547963572             
19      29             0.00020126784547963572             
19      30             0.00020126784547963572             
20      28             0.00020126784547963572             
20      29             0.00020126784547963572             
20      30             0.00020126784547963572             
22      28             0.00020126784547963572             
22      32             0.00020126784547963572             
23      28             0.00020126784547963572             
23      29             0.00020126784547963572             
23      30             0.00020126784547963572             
23      32             0.00020126784547963572             
24      28             0.00020126784547963572             
24      30             0.00020126784547963572             
25      26             0.00020126784547963572             
25      28             0.00020126784547963572             
25      29             0.00020126784547963572             
25      30             0.00020126784547963572             
19      20             0.00020126784547963572             
19      25             0.00020126784547963572             
19      28             0.0002012678454795802              
24      29             0.0002012678454795802              
24      32             0.0002012678454795802              
2       11             0.0002012678454794692              
14      17             0.0002012678454794692              
3       7              0.0002012678454794692              
11      19             0.0002012678454794692              
11      20             0.0002012678454794692              
4       8              0.0002012678454794692              
13      18             0.00020126784547941368             
11      22             0.00020126784547941368             
11      24             0.00020126784547941368             
13      15             0.00020126784547941368             
17      22             0.00020126784547941368             
17      23             0.00020126784547941368             
18      24             0.00020126784547941368             
14      22             0.00020126784547941368             
2       8              0.00020126784547941368             
1       8              0.00020126784547941368             
2       7              0.00020126784547935817             
17      24             0.00020126784547935817             
18      27             0.00020126784547935817             
14      19             0.00020126784547935817             
11      29             0.00020126784547930265             
11      32             0.00020126784547930265             
11      21             0.00020126784547930265             
11      23             0.00020126784547930265             
11      25             0.00020126784547930265             
17      32             0.00020126784547930265             
18      26             0.00020126784547930265             
14      26             0.00020126784547930265             
17      19             0.00020126784547930265             
17      25             0.00020126784547930265             
18      20             0.00020126784547930265             
18      21             0.00020126784547930265             
18      22             0.00020126784547930265             
18      23             0.00020126784547930265             
18      25             0.00020126784547930265             
14      21             0.00020126784547930265             
14      23             0.00020126784547930265             
14      25             0.00020126784547930265             
11      26             0.00020126784547924714             
11      28             0.00020126784547924714             
11      30             0.00020126784547924714             
11      31             0.00020126784547924714             
11      27             0.00020126784547924714             
18      31             0.00020126784547924714             
14      31             0.00020126784547924714             
14      32             0.00020126784547924714             
17      21             0.00020126784547924714             
14      24             0.00020126784547924714             
1       7              0.00020126784547924714             
1       11             0.00020126784547919163             
17      29             0.00020126784547919163             
17      31             0.00020126784547919163             
17      27             0.00020126784547919163             
18      28             0.00020126784547919163             
18      29             0.00020126784547919163             
18      30             0.00020126784547919163             
18      32             0.00020126784547919163             
14      27             0.00020126784547919163             
18      19             0.00020126784547919163             
14      20             0.00020126784547919163             
10      19             0.00020126784547913612             
10      21             0.00020126784547913612             
13      17             0.00020126784547913612             
13      14             0.00020126784547913612             
3       21             0.00020126784547913612             
3       23             0.00020126784547913612             
3       24             0.00020126784547913612             
17      26             0.00020126784547913612             
17      28             0.00020126784547913612             
17      30             0.00020126784547913612             
14      29             0.00020126784547913612             
14      30             0.00020126784547913612             
1       22             0.00020126784547913612             
8       25             0.00020126784547913612             
13      16             0.0002012678454790806              
3       20             0.0002012678454790806              
3       22             0.0002012678454790806              
4       21             0.0002012678454790806              
4       23             0.0002012678454790806              
14      28             0.0002012678454790806              
17      20             0.0002012678454790806              
1       19             0.0002012678454790806              
1       20             0.0002012678454790806              
5       20             0.0002012678454790806              
5       21             0.0002012678454790806              
5       22             0.0002012678454790806              
8       19             0.0002012678454790806              
8       20             0.0002012678454790806              
8       23             0.0002012678454790806              
3       4              0.0002012678454790251              
10      20             0.0002012678454790251              
3       19             0.0002012678454790251              
4       27             0.0002012678454790251              
6       7              0.0002012678454790251              
12      15             0.0002012678454790251              
4       19             0.0002012678454790251              
8       29             0.0002012678454790251              
8       31             0.0002012678454790251              
8       32             0.0002012678454790251              
8       27             0.0002012678454790251              
5       19             0.0002012678454790251              
5       23             0.0002012678454790251              
5       24             0.0002012678454790251              
5       25             0.0002012678454790251              
8       24             0.0002012678454790251              
11      17             0.0002012678454789696              
10      22             0.0002012678454789696              
3       28             0.0002012678454789696              
3       27             0.0002012678454789696              
3       25             0.0002012678454789696              
2       19             0.0002012678454789696              
2       20             0.0002012678454789696              
6       22             0.0002012678454789696              
13      19             0.0002012678454789696              
16      22             0.0002012678454789696              
5       6              0.0002012678454789696              
1       27             0.0002012678454789696              
7       21             0.0002012678454789696              
1       24             0.0002012678454789696              
1       25             0.0002012678454789696              
5       28             0.0002012678454789696              
8       28             0.0002012678454789696              
8       21             0.0002012678454789696              
8       22             0.0002012678454789696              
11      18             0.00020126784547891408             
10      26             0.00020126784547891408             
10      27             0.00020126784547891408             
10      23             0.00020126784547891408             
10      25             0.00020126784547891408             
4       22             0.00020126784547891408             
4       24             0.00020126784547891408             
4       25             0.00020126784547891408             
2       24             0.00020126784547891408             
6       21             0.00020126784547891408             
6       23             0.00020126784547891408             
12      25             0.00020126784547891408             
1       26             0.00020126784547891408             
1       31             0.00020126784547891408             
1       32             0.00020126784547891408             
7       22             0.00020126784547891408             
7       23             0.00020126784547891408             
7       24             0.00020126784547891408             
7       25             0.00020126784547891408             
1       23             0.00020126784547891408             
5       30             0.00020126784547891408             
8       26             0.00020126784547891408             
8       30             0.00020126784547891408             
10      28             0.00020126784547885856             
10      29             0.00020126784547885856             
10      32             0.00020126784547885856             
10      24             0.00020126784547885856             
3       26             0.00020126784547885856             
3       29             0.00020126784547885856             
3       32             0.00020126784547885856             
4       30             0.00020126784547885856             
4       32             0.00020126784547885856             
2       27             0.00020126784547885856             
2       25             0.00020126784547885856             
6       24             0.00020126784547885856             
12      22             0.00020126784547885856             
12      24             0.00020126784547885856             
13      21             0.00020126784547885856             
7       26             0.00020126784547885856             
7       28             0.00020126784547885856             
7       31             0.00020126784547885856             
7       32             0.00020126784547885856             
1       28             0.00020126784547885856             
7       20             0.00020126784547885856             
1       21             0.00020126784547885856             
5       26             0.00020126784547885856             
5       31             0.00020126784547885856             
5       32             0.00020126784547885856             
5       27             0.00020126784547885856             
10      30             0.00020126784547880305             
10      31             0.00020126784547880305             
12      16             0.00020126784547880305             
3       30             0.00020126784547880305             
3       31             0.00020126784547880305             
4       26             0.00020126784547880305             
4       28             0.00020126784547880305             
12      28             0.00020126784547880305             
12      29             0.00020126784547880305             
12      30             0.00020126784547880305             
12      31             0.00020126784547880305             
12      32             0.00020126784547880305             
4       20             0.00020126784547880305             
12      27             0.00020126784547880305             
2       22             0.00020126784547880305             
2       23             0.00020126784547880305             
12      19             0.00020126784547880305             
12      23             0.00020126784547880305             
13      22             0.00020126784547880305             
16      19             0.00020126784547880305             
16      21             0.00020126784547880305             
16      24             0.00020126784547880305             
7       29             0.00020126784547880305             
7       30             0.00020126784547880305             
1       30             0.00020126784547880305             
5       29             0.00020126784547880305             
12      13             0.00020126784547874754             
12      14             0.00020126784547874754             
4       29             0.00020126784547874754             
4       31             0.00020126784547874754             
2       26             0.00020126784547874754             
2       30             0.00020126784547874754             
2       31             0.00020126784547874754             
2       32             0.00020126784547874754             
6       32             0.00020126784547874754             
12      26             0.00020126784547874754             
2       21             0.00020126784547874754             
6       25             0.00020126784547874754             
12      21             0.00020126784547874754             
13      23             0.00020126784547874754             
13      24             0.00020126784547874754             
16      20             0.00020126784547874754             
1       29             0.00020126784547874754             
7       19             0.00020126784547874754             
2       28             0.00020126784547869203             
2       29             0.00020126784547869203             
13      26             0.00020126784547869203             
13      28             0.00020126784547869203             
16      26             0.00020126784547869203             
16      28             0.00020126784547869203             
16      29             0.00020126784547869203             
16      32             0.00020126784547869203             
6       20             0.00020126784547869203             
13      27             0.00020126784547869203             
13      20             0.00020126784547869203             
13      25             0.00020126784547869203             
16      23             0.00020126784547869203             
16      25             0.00020126784547869203             
7       27             0.00020126784547869203             
3       6              0.00020126784547863652             
17      18             0.00020126784547863652             
13      29             0.00020126784547863652             
13      30             0.00020126784547863652             
13      32             0.00020126784547863652             
14      15             0.00020126784547863652             
16      30             0.00020126784547863652             
16      31             0.00020126784547863652             
6       19             0.00020126784547863652             
12      20             0.00020126784547863652             
16      27             0.00020126784547863652             
10      14             0.000201267845478581               
4       7              0.000201267845478581               
6       26             0.000201267845478581               
6       28             0.000201267845478581               
6       30             0.000201267845478581               
6       27             0.000201267845478581               
13      31             0.000201267845478581               
14      16             0.0002012678454785255              
6       29             0.0002012678454785255              
6       31             0.0002012678454785255              
6       8              0.0002012678454785255              
11      15             0.00020126784547847                
7       18             0.00020126784547847                
8       18             0.00020126784547847                
10      15             0.00020126784547841448             
7       17             0.00020126784547841448             
4       5              0.00020126784547835896             
8       17             0.00020126784547835896             
10      13             0.00020126784547830345             
1       2              0.00020126784547830345             
1       4              0.00020126784547824794             
1       6              0.00020126784547824794             
2       6              0.00020126784547819243             
16      17             0.00020126784547819243             
3       5              0.00020126784547819243             
15      19             0.00020126784547819243             
15      20             0.00020126784547819243             
11      16             0.00020126784547813692             
2       3              0.0002012678454780814              
15      21             0.0002012678454780814              
15      22             0.0002012678454780814              
15      23             0.0002012678454780814              
15      25             0.0002012678454780814              
10      16             0.0002012678454780259              
16      18             0.0002012678454780259              
15      24             0.0002012678454780259              
7       8              0.0002012678454780259              
10      12             0.00020126784547797039             
11      14             0.00020126784547797039             
15      30             0.00020126784547797039             
15      26             0.00020126784547791488             
15      28             0.00020126784547791488             
15      29             0.00020126784547791488             
15      31             0.00020126784547791488             
15      32             0.00020126784547791488             
15      27             0.00020126784547791488             
10      11             0.00020126784547785936             
2       5              0.00020126784547785936             
1       5              0.00020126784547769283             
11      13             0.00020126784547763732             
4       6              0.00020126784547763732             
11      12             0.0002012678454775818              
2       4              0.00020126784547719323             
10      18             0.0002012678454770267              
10      17             0.00020126784547686016             
9       10             -0.002229343714502313              
8       9              -0.0022293437145024797             
5       9              -0.0022293437145025075             
9       16             -0.0022293437145030626             
9       18             -0.0022293437145030903             
9       17             -0.002229343714503118              
9       15             -0.0022293437145031736             
9       14             -0.002229343714503229              
1       9              -0.0022293437145032846             
9       11             -0.00222934371450334               
4       9              -0.00222934371450334               
9       12             -0.00222934371450334               
9       13             -0.00222934371450334               
3       9              -0.002229343714503479              
6       9              -0.002229343714503562              
9       22             -0.0022293437145038397             
9       25             -0.0022293437145038397             
7       9              -0.0022293437145038675             
9       19             -0.0022293437145038675             
9       21             -0.0022293437145038952             
9       23             -0.0022293437145038952             
9       24             -0.0022293437145038952             
9       29             -0.002229343714503923              
9       30             -0.002229343714503923              
9       32             -0.002229343714503923              
9       27             -0.002229343714503923              
9       20             -0.002229343714503923              
9       26             -0.0022293437145039507             
9       28             -0.0022293437145039507             
9       31             -0.0022293437145039785             
2       9              -0.0022293437145040063             
