#======================================================================
# PARAMETERS USED FOR THIS COMPUTATION: 
#	Sequence type: RNA
#	Total number of sequences in alignment data: 2
#	Length of sequences in alignment data: 40
#	Value of sequence identity: 0.8
#	lambda_h: 7.800000000000001
#	lambda_J: 7.800000000000001
#	Number of gradient decent iterations: 500
# The First and Second columns represent sites and the
# Third column is PLMDCA Frobenius norm, average product corrected (APC) DCA score
#======================================================================
11      12             0.019386983280597715               
11      13             0.019386983280597715               
11      15             0.019386983280597715               
11      19             0.019386983280597715               
11      23             0.019386983280597715               
11      25             0.019386983280597715               
11      28             0.019386983280597715               
11      29             0.019386983280597715               
11      35             0.019386983280597715               
11      36             0.019386983280597715               
11      39             0.019386983280597715               
12      13             0.019386983280597715               
12      15             0.019386983280597715               
12      19             0.019386983280597715               
12      23             0.019386983280597715               
12      25             0.019386983280597715               
12      28             0.019386983280597715               
12      29             0.019386983280597715               
12      35             0.019386983280597715               
12      36             0.019386983280597715               
12      39             0.019386983280597715               
13      15             0.019386983280597715               
13      19             0.019386983280597715               
13      23             0.019386983280597715               
13      25             0.019386983280597715               
13      28             0.019386983280597715               
13      29             0.019386983280597715               
13      35             0.019386983280597715               
13      36             0.019386983280597715               
13      39             0.019386983280597715               
15      19             0.019386983280597715               
15      23             0.019386983280597715               
15      25             0.019386983280597715               
15      28             0.019386983280597715               
15      29             0.019386983280597715               
15      35             0.019386983280597715               
15      36             0.019386983280597715               
15      39             0.019386983280597715               
19      23             0.019386983280597715               
19      25             0.019386983280597715               
19      28             0.019386983280597715               
19      29             0.019386983280597715               
19      35             0.019386983280597715               
19      36             0.019386983280597715               
19      39             0.019386983280597715               
23      25             0.019386983280597715               
23      28             0.019386983280597715               
23      29             0.019386983280597715               
23      35             0.019386983280597715               
23      36             0.019386983280597715               
23      39             0.019386983280597715               
25      28             0.019386983280597715               
25      29             0.019386983280597715               
25      35             0.019386983280597715               
25      36             0.019386983280597715               
25      39             0.019386983280597715               
28      29             0.019386983280597715               
28      35             0.019386983280597715               
28      36             0.019386983280597715               
28      39             0.019386983280597715               
29      35             0.019386983280597715               
29      36             0.019386983280597715               
29      39             0.019386983280597715               
35      36             0.019386983280597715               
35      39             0.019386983280597715               
36      39             0.019386983280597715               
9       37             0.0036242772642286827              
9       38             0.0036242772642286827              
9       40             0.0036242772642286827              
17      37             0.0036242771996780263              
17      38             0.0036242771996780263              
17      40             0.0036242771996780263              
21      37             0.0036242771996780263              
21      38             0.0036242771996780263              
21      40             0.0036242771996780263              
17      21             0.0036242769302708075              
3       37             0.003624276854516148               
3       38             0.003624276854516148               
3       40             0.003624276854516148               
4       37             0.003624276854516148               
4       38             0.003624276854516148               
4       40             0.003624276854516148               
1       2              0.0036242753068894545              
1       5              0.0036242751020331976              
1       6              0.0036242751020331976              
1       7              0.0036242751020331976              
1       8              0.0036242751020331976              
2       5              0.0036242751020331976              
2       6              0.0036242751020331976              
2       7              0.0036242751020331976              
2       8              0.0036242751020331976              
1       10             0.003624274999605076               
1       14             0.003624274999605076               
1       16             0.003624274999605076               
1       18             0.003624274999605076               
1       20             0.003624274999605076               
1       22             0.003624274999605076               
1       24             0.003624274999605076               
1       26             0.003624274999605076               
1       27             0.003624274999605076               
1       30             0.003624274999605076               
1       31             0.003624274999605076               
1       32             0.003624274999605076               
1       33             0.003624274999605076               
1       34             0.003624274999605076               
2       10             0.003624274999605076               
2       14             0.003624274999605076               
2       16             0.003624274999605076               
2       18             0.003624274999605076               
2       20             0.003624274999605076               
2       22             0.003624274999605076               
2       24             0.003624274999605076               
2       26             0.003624274999605076               
2       27             0.003624274999605076               
2       30             0.003624274999605076               
2       31             0.003624274999605076               
2       32             0.003624274999605076               
2       33             0.003624274999605076               
2       34             0.003624274999605076               
5       6              0.0036242748971769476              
5       7              0.0036242748971769476              
5       8              0.0036242748971769476              
6       7              0.0036242748971769476              
6       8              0.0036242748971769476              
7       8              0.0036242748971769476              
5       10             0.003624274794748826               
5       14             0.003624274794748826               
5       16             0.003624274794748826               
5       18             0.003624274794748826               
5       20             0.003624274794748826               
5       22             0.003624274794748826               
5       24             0.003624274794748826               
5       26             0.003624274794748826               
5       27             0.003624274794748826               
5       30             0.003624274794748826               
5       31             0.003624274794748826               
5       32             0.003624274794748826               
5       33             0.003624274794748826               
5       34             0.003624274794748826               
6       10             0.003624274794748826               
6       14             0.003624274794748826               
6       16             0.003624274794748826               
6       18             0.003624274794748826               
6       20             0.003624274794748826               
6       22             0.003624274794748826               
6       24             0.003624274794748826               
6       26             0.003624274794748826               
6       27             0.003624274794748826               
6       30             0.003624274794748826               
6       31             0.003624274794748826               
6       32             0.003624274794748826               
6       33             0.003624274794748826               
6       34             0.003624274794748826               
7       10             0.003624274794748826               
7       14             0.003624274794748826               
7       16             0.003624274794748826               
7       18             0.003624274794748826               
7       20             0.003624274794748826               
7       22             0.003624274794748826               
7       24             0.003624274794748826               
7       26             0.003624274794748826               
7       27             0.003624274794748826               
7       30             0.003624274794748826               
7       31             0.003624274794748826               
7       32             0.003624274794748826               
7       33             0.003624274794748826               
7       34             0.003624274794748826               
8       10             0.003624274794748826               
8       14             0.003624274794748826               
8       16             0.003624274794748826               
8       18             0.003624274794748826               
8       20             0.003624274794748826               
8       22             0.003624274794748826               
8       24             0.003624274794748826               
8       26             0.003624274794748826               
8       27             0.003624274794748826               
8       30             0.003624274794748826               
8       31             0.003624274794748826               
8       32             0.003624274794748826               
8       33             0.003624274794748826               
8       34             0.003624274794748826               
10      14             0.0036242746923206975              
10      16             0.0036242746923206975              
10      18             0.0036242746923206975              
10      20             0.0036242746923206975              
10      22             0.0036242746923206975              
10      24             0.0036242746923206975              
10      26             0.0036242746923206975              
10      27             0.0036242746923206975              
10      30             0.0036242746923206975              
10      31             0.0036242746923206975              
10      32             0.0036242746923206975              
10      33             0.0036242746923206975              
10      34             0.0036242746923206975              
14      16             0.0036242746923206975              
14      18             0.0036242746923206975              
14      20             0.0036242746923206975              
14      22             0.0036242746923206975              
14      24             0.0036242746923206975              
14      26             0.0036242746923206975              
14      27             0.0036242746923206975              
14      30             0.0036242746923206975              
14      31             0.0036242746923206975              
14      32             0.0036242746923206975              
14      33             0.0036242746923206975              
14      34             0.0036242746923206975              
16      18             0.0036242746923206975              
16      20             0.0036242746923206975              
16      22             0.0036242746923206975              
16      24             0.0036242746923206975              
16      26             0.0036242746923206975              
16      27             0.0036242746923206975              
16      30             0.0036242746923206975              
16      31             0.0036242746923206975              
16      32             0.0036242746923206975              
16      33             0.0036242746923206975              
16      34             0.0036242746923206975              
18      20             0.0036242746923206975              
18      22             0.0036242746923206975              
18      24             0.0036242746923206975              
18      26             0.0036242746923206975              
18      27             0.0036242746923206975              
18      30             0.0036242746923206975              
18      31             0.0036242746923206975              
18      32             0.0036242746923206975              
18      33             0.0036242746923206975              
18      34             0.0036242746923206975              
20      22             0.0036242746923206975              
20      24             0.0036242746923206975              
20      26             0.0036242746923206975              
20      27             0.0036242746923206975              
20      30             0.0036242746923206975              
20      31             0.0036242746923206975              
20      32             0.0036242746923206975              
20      33             0.0036242746923206975              
20      34             0.0036242746923206975              
22      24             0.0036242746923206975              
22      26             0.0036242746923206975              
22      27             0.0036242746923206975              
22      30             0.0036242746923206975              
22      31             0.0036242746923206975              
22      32             0.0036242746923206975              
22      33             0.0036242746923206975              
22      34             0.0036242746923206975              
24      26             0.0036242746923206975              
24      27             0.0036242746923206975              
24      30             0.0036242746923206975              
24      31             0.0036242746923206975              
24      32             0.0036242746923206975              
24      33             0.0036242746923206975              
24      34             0.0036242746923206975              
26      27             0.0036242746923206975              
26      30             0.0036242746923206975              
26      31             0.0036242746923206975              
26      32             0.0036242746923206975              
26      33             0.0036242746923206975              
26      34             0.0036242746923206975              
27      30             0.0036242746923206975              
27      31             0.0036242746923206975              
27      32             0.0036242746923206975              
27      33             0.0036242746923206975              
27      34             0.0036242746923206975              
30      31             0.0036242746923206975              
30      32             0.0036242746923206975              
30      33             0.0036242746923206975              
30      34             0.0036242746923206975              
31      32             0.0036242746923206975              
31      33             0.0036242746923206975              
31      34             0.0036242746923206975              
32      33             0.0036242746923206975              
32      34             0.0036242746923206975              
33      34             0.0036242746923206975              
1       37             0.0036242745253422456              
1       38             0.0036242745253422456              
1       40             0.0036242745253422456              
2       37             0.0036242745253422456              
2       38             0.0036242745253422456              
2       40             0.0036242745253422456              
5       37             0.003624274320485975               
5       38             0.003624274320485975               
5       40             0.003624274320485975               
6       37             0.003624274320485975               
6       38             0.003624274320485975               
6       40             0.003624274320485975               
7       37             0.003624274320485975               
7       38             0.003624274320485975               
7       40             0.003624274320485975               
8       37             0.003624274320485975               
8       38             0.003624274320485975               
8       40             0.003624274320485975               
1       17             0.0036242742559356514              
1       21             0.0036242742559356514              
2       17             0.0036242742559356514              
2       21             0.0036242742559356514              
10      37             0.0036242742180578394              
10      38             0.0036242742180578394              
10      40             0.0036242742180578394              
14      37             0.0036242742180578394              
14      38             0.0036242742180578394              
14      40             0.0036242742180578394              
16      37             0.0036242742180578394              
16      38             0.0036242742180578394              
16      40             0.0036242742180578394              
18      37             0.0036242742180578394              
18      38             0.0036242742180578394              
18      40             0.0036242742180578394              
20      37             0.0036242742180578394              
20      38             0.0036242742180578394              
20      40             0.0036242742180578394              
22      37             0.0036242742180578394              
22      38             0.0036242742180578394              
22      40             0.0036242742180578394              
24      37             0.0036242742180578394              
24      38             0.0036242742180578394              
24      40             0.0036242742180578394              
26      37             0.0036242742180578394              
26      38             0.0036242742180578394              
26      40             0.0036242742180578394              
27      37             0.0036242742180578394              
27      38             0.0036242742180578394              
27      40             0.0036242742180578394              
30      37             0.0036242742180578394              
30      38             0.0036242742180578394              
30      40             0.0036242742180578394              
31      37             0.0036242742180578394              
31      38             0.0036242742180578394              
31      40             0.0036242742180578394              
32      37             0.0036242742180578394              
32      38             0.0036242742180578394              
32      40             0.0036242742180578394              
33      37             0.0036242742180578394              
33      38             0.0036242742180578394              
33      40             0.0036242742180578394              
34      37             0.0036242742180578394              
34      38             0.0036242742180578394              
34      40             0.0036242742180578394              
5       17             0.0036242740510793667              
5       21             0.0036242740510793667              
6       17             0.0036242740510793667              
6       21             0.0036242740510793667              
7       17             0.0036242740510793667              
7       21             0.0036242740510793667              
8       17             0.0036242740510793667              
8       21             0.0036242740510793667              
9       10             0.0036242740132015824              
9       14             0.0036242740132015824              
9       16             0.0036242740132015824              
9       18             0.0036242740132015824              
9       20             0.0036242740132015824              
9       22             0.0036242740132015824              
9       24             0.0036242740132015824              
9       26             0.0036242740132015824              
9       27             0.0036242740132015824              
9       30             0.0036242740132015824              
9       31             0.0036242740132015824              
9       32             0.0036242740132015824              
9       33             0.0036242740132015824              
9       34             0.0036242740132015824              
10      17             0.0036242739486512243              
10      21             0.0036242739486512243              
14      17             0.0036242739486512243              
14      21             0.0036242739486512243              
16      17             0.0036242739486512243              
16      21             0.0036242739486512243              
17      18             0.0036242739486512243              
17      20             0.0036242739486512243              
17      22             0.0036242739486512243              
17      24             0.0036242739486512243              
17      26             0.0036242739486512243              
17      27             0.0036242739486512243              
17      30             0.0036242739486512243              
17      31             0.0036242739486512243              
17      32             0.0036242739486512243              
17      33             0.0036242739486512243              
17      34             0.0036242739486512243              
18      21             0.0036242739486512243              
20      21             0.0036242739486512243              
21      22             0.0036242739486512243              
21      24             0.0036242739486512243              
21      26             0.0036242739486512243              
21      27             0.0036242739486512243              
21      30             0.0036242739486512243              
21      31             0.0036242739486512243              
21      32             0.0036242739486512243              
21      33             0.0036242739486512243              
21      34             0.0036242739486512243              
3       5              0.003624273705917211               
3       6              0.003624273705917211               
3       7              0.003624273705917211               
3       8              0.003624273705917211               
4       5              0.003624273705917211               
4       6              0.003624273705917211               
4       7              0.003624273705917211               
4       8              0.003624273705917211               
3       10             0.0036242736034890824              
3       14             0.0036242736034890824              
3       16             0.0036242736034890824              
3       18             0.0036242736034890824              
3       20             0.0036242736034890824              
3       22             0.0036242736034890824              
3       24             0.0036242736034890824              
3       26             0.0036242736034890824              
3       27             0.0036242736034890824              
3       30             0.0036242736034890824              
3       31             0.0036242736034890824              
3       32             0.0036242736034890824              
3       33             0.0036242736034890824              
3       34             0.0036242736034890824              
4       10             0.0036242736034890824              
4       14             0.0036242736034890824              
4       16             0.0036242736034890824              
4       18             0.0036242736034890824              
4       20             0.0036242736034890824              
4       22             0.0036242736034890824              
4       24             0.0036242736034890824              
4       26             0.0036242736034890824              
4       27             0.0036242736034890824              
4       30             0.0036242736034890824              
4       31             0.0036242736034890824              
4       32             0.0036242736034890824              
4       33             0.0036242736034890824              
4       34             0.0036242736034890824              
9       17             0.003624273269531443               
9       21             0.003624273269531443               
3       17             0.0036242728598188806              
3       21             0.0036242728598188806              
4       17             0.0036242728598188806              
4       21             0.0036242728598188806              
1       9              0.0036242705951956902              
2       9              0.0036242705951956902              
5       9              0.0036242703903394194              
6       9              0.0036242703903394194              
7       9              0.0036242703903394194              
8       9              0.0036242703903394194              
1       3              0.00362427018548319                
1       4              0.00362427018548319                
2       3              0.00362427018548319                
2       4              0.00362427018548319                
37      38             0.0036242700185043497              
37      40             0.0036242700185043497              
38      40             0.0036242700185043497              
3       9              0.003624265473788975               
4       9              0.003624265473788975               
3       4              0.003624265064076433               
9       11             -0.007851378365851515              
9       12             -0.007851378365851515              
9       13             -0.007851378365851515              
9       15             -0.007851378365851515              
9       19             -0.007851378365851515              
9       23             -0.007851378365851515              
9       25             -0.007851378365851515              
9       28             -0.007851378365851515              
9       29             -0.007851378365851515              
9       35             -0.007851378365851515              
9       36             -0.007851378365851515              
9       39             -0.007851378365851515              
3       11             -0.007851378683459163              
3       12             -0.007851378683459163              
3       13             -0.007851378683459163              
3       15             -0.007851378683459163              
3       19             -0.007851378683459163              
3       23             -0.007851378683459163              
3       25             -0.007851378683459163              
3       28             -0.007851378683459163              
3       29             -0.007851378683459163              
3       35             -0.007851378683459163              
3       36             -0.007851378683459163              
3       39             -0.007851378683459163              
4       11             -0.007851378683459163              
4       12             -0.007851378683459163              
4       13             -0.007851378683459163              
4       15             -0.007851378683459163              
4       19             -0.007851378683459163              
4       23             -0.007851378683459163              
4       25             -0.007851378683459163              
4       28             -0.007851378683459163              
4       29             -0.007851378683459163              
4       35             -0.007851378683459163              
4       36             -0.007851378683459163              
4       39             -0.007851378683459163              
11      17             -0.007851381303722288              
11      21             -0.007851381303722288              
12      17             -0.007851381303722288              
12      21             -0.007851381303722288              
13      17             -0.007851381303722288              
13      21             -0.007851381303722288              
15      17             -0.007851381303722288              
15      21             -0.007851381303722288              
19      21             -0.007851381303722288              
17      19             -0.007851381303722295              
17      23             -0.007851381303722295              
17      25             -0.007851381303722295              
17      28             -0.007851381303722295              
17      29             -0.007851381303722295              
17      35             -0.007851381303722295              
17      36             -0.007851381303722295              
17      39             -0.007851381303722295              
21      23             -0.007851381303722295              
21      25             -0.007851381303722295              
21      28             -0.007851381303722295              
21      29             -0.007851381303722295              
21      35             -0.007851381303722295              
21      36             -0.007851381303722295              
21      39             -0.007851381303722295              
11      37             -0.007851381932337982              
11      38             -0.007851381932337982              
11      40             -0.007851381932337982              
12      37             -0.007851381932337982              
12      38             -0.007851381932337982              
12      40             -0.007851381932337982              
13      37             -0.007851381932337982              
13      38             -0.007851381932337982              
13      40             -0.007851381932337982              
15      37             -0.007851381932337982              
15      38             -0.007851381932337982              
15      40             -0.007851381932337982              
19      37             -0.007851381932337982              
19      38             -0.007851381932337982              
19      40             -0.007851381932337982              
23      37             -0.007851381932337982              
23      38             -0.007851381932337982              
23      40             -0.007851381932337982              
25      37             -0.007851381932337982              
25      38             -0.007851381932337982              
25      40             -0.007851381932337982              
28      37             -0.007851381932337982              
28      38             -0.007851381932337982              
28      40             -0.007851381932337982              
29      37             -0.007851381932337982              
29      38             -0.007851381932337982              
29      40             -0.007851381932337982              
35      37             -0.007851381932337982              
35      38             -0.007851381932337982              
35      40             -0.007851381932337982              
36      37             -0.007851381932337982              
36      38             -0.007851381932337982              
36      40             -0.007851381932337982              
37      39             -0.007851381932337982              
38      39             -0.007851381932337982              
39      40             -0.007851381932337982              
1       11             -0.007851382163944105              
1       12             -0.007851382163944105              
1       13             -0.007851382163944105              
1       15             -0.007851382163944105              
1       19             -0.007851382163944105              
1       23             -0.007851382163944105              
1       25             -0.007851382163944105              
1       28             -0.007851382163944105              
1       29             -0.007851382163944105              
1       35             -0.007851382163944105              
1       36             -0.007851382163944105              
1       39             -0.007851382163944105              
2       11             -0.007851382163944105              
2       12             -0.007851382163944105              
2       13             -0.007851382163944105              
2       15             -0.007851382163944105              
2       19             -0.007851382163944105              
2       23             -0.007851382163944105              
2       25             -0.007851382163944105              
2       28             -0.007851382163944105              
2       29             -0.007851382163944105              
2       35             -0.007851382163944105              
2       36             -0.007851382163944105              
2       39             -0.007851382163944105              
5       11             -0.007851382322747937              
5       12             -0.007851382322747937              
5       13             -0.007851382322747937              
5       15             -0.007851382322747937              
5       19             -0.007851382322747937              
5       23             -0.007851382322747937              
5       25             -0.007851382322747937              
5       28             -0.007851382322747937              
5       29             -0.007851382322747937              
5       35             -0.007851382322747937              
5       36             -0.007851382322747937              
5       39             -0.007851382322747937              
6       11             -0.007851382322747937              
6       12             -0.007851382322747937              
6       13             -0.007851382322747937              
6       15             -0.007851382322747937              
6       19             -0.007851382322747937              
6       23             -0.007851382322747937              
6       25             -0.007851382322747937              
6       28             -0.007851382322747937              
6       29             -0.007851382322747937              
6       35             -0.007851382322747937              
6       36             -0.007851382322747937              
6       39             -0.007851382322747937              
7       11             -0.007851382322747937              
7       12             -0.007851382322747937              
7       13             -0.007851382322747937              
7       15             -0.007851382322747937              
7       19             -0.007851382322747937              
7       23             -0.007851382322747937              
7       25             -0.007851382322747937              
7       28             -0.007851382322747937              
7       29             -0.007851382322747937              
7       35             -0.007851382322747937              
7       36             -0.007851382322747937              
7       39             -0.007851382322747937              
8       11             -0.007851382322747937              
8       12             -0.007851382322747937              
8       13             -0.007851382322747937              
8       15             -0.007851382322747937              
8       19             -0.007851382322747937              
8       23             -0.007851382322747937              
8       25             -0.007851382322747937              
8       28             -0.007851382322747937              
8       29             -0.007851382322747937              
8       35             -0.007851382322747937              
8       36             -0.007851382322747937              
8       39             -0.007851382322747937              
11      14             -0.007851382402149845              
11      16             -0.007851382402149845              
11      18             -0.007851382402149845              
11      20             -0.007851382402149845              
11      22             -0.007851382402149845              
11      24             -0.007851382402149845              
11      26             -0.007851382402149845              
11      27             -0.007851382402149845              
11      30             -0.007851382402149845              
11      31             -0.007851382402149845              
11      32             -0.007851382402149845              
11      33             -0.007851382402149845              
11      34             -0.007851382402149845              
12      14             -0.007851382402149845              
12      16             -0.007851382402149845              
12      18             -0.007851382402149845              
12      20             -0.007851382402149845              
12      22             -0.007851382402149845              
12      24             -0.007851382402149845              
12      26             -0.007851382402149845              
12      27             -0.007851382402149845              
12      30             -0.007851382402149845              
12      31             -0.007851382402149845              
12      32             -0.007851382402149845              
12      33             -0.007851382402149845              
12      34             -0.007851382402149845              
13      14             -0.007851382402149845              
13      16             -0.007851382402149845              
13      18             -0.007851382402149845              
13      20             -0.007851382402149845              
13      22             -0.007851382402149845              
13      24             -0.007851382402149845              
13      26             -0.007851382402149845              
13      27             -0.007851382402149845              
13      30             -0.007851382402149845              
13      31             -0.007851382402149845              
13      32             -0.007851382402149845              
13      33             -0.007851382402149845              
13      34             -0.007851382402149845              
15      16             -0.007851382402149845              
15      18             -0.007851382402149845              
15      20             -0.007851382402149845              
15      22             -0.007851382402149845              
15      24             -0.007851382402149845              
15      26             -0.007851382402149845              
15      27             -0.007851382402149845              
15      30             -0.007851382402149845              
15      31             -0.007851382402149845              
15      32             -0.007851382402149845              
15      33             -0.007851382402149845              
15      34             -0.007851382402149845              
19      20             -0.007851382402149845              
19      22             -0.007851382402149845              
19      24             -0.007851382402149845              
19      26             -0.007851382402149845              
19      27             -0.007851382402149845              
19      30             -0.007851382402149845              
19      31             -0.007851382402149845              
19      32             -0.007851382402149845              
19      33             -0.007851382402149845              
19      34             -0.007851382402149845              
23      24             -0.007851382402149845              
23      26             -0.007851382402149845              
23      27             -0.007851382402149845              
23      30             -0.007851382402149845              
23      31             -0.007851382402149845              
23      32             -0.007851382402149845              
23      33             -0.007851382402149845              
23      34             -0.007851382402149845              
25      26             -0.007851382402149845              
25      27             -0.007851382402149845              
25      30             -0.007851382402149845              
25      31             -0.007851382402149845              
25      32             -0.007851382402149845              
25      33             -0.007851382402149845              
25      34             -0.007851382402149845              
28      30             -0.007851382402149845              
28      31             -0.007851382402149845              
28      32             -0.007851382402149845              
28      33             -0.007851382402149845              
28      34             -0.007851382402149845              
29      30             -0.007851382402149845              
29      31             -0.007851382402149845              
29      32             -0.007851382402149845              
29      33             -0.007851382402149845              
29      34             -0.007851382402149845              
10      11             -0.007851382402149852              
10      12             -0.007851382402149852              
10      13             -0.007851382402149852              
10      15             -0.007851382402149852              
10      19             -0.007851382402149852              
10      23             -0.007851382402149852              
10      25             -0.007851382402149852              
10      28             -0.007851382402149852              
10      29             -0.007851382402149852              
10      35             -0.007851382402149852              
10      36             -0.007851382402149852              
10      39             -0.007851382402149852              
14      15             -0.007851382402149852              
14      19             -0.007851382402149852              
14      23             -0.007851382402149852              
14      25             -0.007851382402149852              
14      28             -0.007851382402149852              
14      29             -0.007851382402149852              
14      35             -0.007851382402149852              
14      36             -0.007851382402149852              
14      39             -0.007851382402149852              
16      19             -0.007851382402149852              
16      23             -0.007851382402149852              
16      25             -0.007851382402149852              
16      28             -0.007851382402149852              
16      29             -0.007851382402149852              
16      35             -0.007851382402149852              
16      36             -0.007851382402149852              
16      39             -0.007851382402149852              
18      19             -0.007851382402149852              
18      23             -0.007851382402149852              
18      25             -0.007851382402149852              
18      28             -0.007851382402149852              
18      29             -0.007851382402149852              
18      35             -0.007851382402149852              
18      36             -0.007851382402149852              
18      39             -0.007851382402149852              
20      23             -0.007851382402149852              
20      25             -0.007851382402149852              
20      28             -0.007851382402149852              
20      29             -0.007851382402149852              
20      35             -0.007851382402149852              
20      36             -0.007851382402149852              
20      39             -0.007851382402149852              
22      23             -0.007851382402149852              
22      25             -0.007851382402149852              
22      28             -0.007851382402149852              
22      29             -0.007851382402149852              
22      35             -0.007851382402149852              
22      36             -0.007851382402149852              
22      39             -0.007851382402149852              
24      25             -0.007851382402149852              
24      28             -0.007851382402149852              
24      29             -0.007851382402149852              
24      35             -0.007851382402149852              
24      36             -0.007851382402149852              
24      39             -0.007851382402149852              
26      28             -0.007851382402149852              
26      29             -0.007851382402149852              
26      35             -0.007851382402149852              
26      36             -0.007851382402149852              
26      39             -0.007851382402149852              
27      28             -0.007851382402149852              
27      29             -0.007851382402149852              
27      35             -0.007851382402149852              
27      36             -0.007851382402149852              
27      39             -0.007851382402149852              
30      35             -0.007851382402149852              
30      36             -0.007851382402149852              
30      39             -0.007851382402149852              
31      35             -0.007851382402149852              
31      36             -0.007851382402149852              
31      39             -0.007851382402149852              
32      35             -0.007851382402149852              
32      36             -0.007851382402149852              
32      39             -0.007851382402149852              
33      35             -0.007851382402149852              
33      36             -0.007851382402149852              
33      39             -0.007851382402149852              
34      35             -0.007851382402149852              
34      36             -0.007851382402149852              
34      39             -0.007851382402149852              
