#======================================================================
# PARAMETERS USED FOR THIS COMPUTATION: 
#      Sequence type: RNA
#      Total number of sequences in alignment data: 3
#      Length of sequences in alignment data: 40
#      Effective number of sequences: 1.0
#      Value of sequence identity: 0.8
#      Value of relative pseudocount: 0.5
# The First and Second columns represent sites and the
# Third column is MFDCA Frobenius norm, average product corrected (APC) DCA score
#======================================================================
11      12             2.59181857809195                   
5       13             1.6918144503880668                 
5       14             1.1332351136824619                 
1       5              1.1332351136824612                 
12      13             1.086005154856089                  
11      13             1.0860051548560885                 
13      14             0.9355234597836758                 
1       13             0.9355234597836755                 
1       14             0.7063173716995055                 
5       12             0.1903875042266921                 
5       11             0.1903875042266917                 
11      14             0.03522831005598931                
12      14             0.03522831005598914                
1       12             0.035228310055988366               
1       11             0.035228310055988254               
17      18             0.020848653811487233               
17      19             0.020848653811486928               
17      20             0.02084865381148679                
10      21             0.020848653811486678               
10      22             0.020848653811486678               
18      20             0.020848653811486456               
18      19             0.02084865381148643                
15      21             0.0208486538114864                 
15      22             0.02084865381148629                
16      17             0.020848653811485846               
16      18             0.020848653811485457               
16      19             0.02084865381148543                
16      20             0.02084865381148518                
19      20             0.020848653811484374               
16      21             0.02084865381148432                
16      22             0.02084865381148432                
7       22             0.020848653811484125               
8       21             0.02084865381148404                
7       21             0.020848653811484014               
8       22             0.020848653811483986               
18      21             0.020848653811483986               
17      21             0.020848653811483986               
18      22             0.02084865381148393                
17      22             0.02084865381148393                
9       21             0.02084865381148357                
9       22             0.02084865381148357                
15      23             0.02084865381148296                
2       26             0.02084865381148293                
3       27             0.020848653811482876               
2       23             0.020848653811482876               
2       25             0.020848653811482876               
2       27             0.020848653811482876               
2       31             0.020848653811482876               
2       34             0.020848653811482876               
2       30             0.020848653811482848               
6       29             0.020848653811482848               
15      25             0.020848653811482848               
15      26             0.020848653811482848               
3       29             0.02084865381148282                
2       29             0.02084865381148282                
2       32             0.02084865381148282                
2       33             0.02084865381148282                
3       23             0.02084865381148282                
3       24             0.02084865381148282                
3       28             0.02084865381148282                
2       28             0.02084865381148282                
6       30             0.02084865381148282                
2       35             0.020848653811482792               
6       32             0.020848653811482792               
6       33             0.020848653811482792               
6       31             0.020848653811482792               
6       34             0.020848653811482792               
15      32             0.020848653811482792               
15      27             0.020848653811482792               
15      34             0.020848653811482792               
3       32             0.020848653811482765               
3       26             0.020848653811482765               
3       34             0.020848653811482765               
7       27             0.020848653811482765               
7       34             0.020848653811482765               
6       24             0.020848653811482737               
6       25             0.020848653811482737               
6       26             0.020848653811482737               
6       27             0.020848653811482737               
6       28             0.020848653811482737               
7       32             0.020848653811482737               
7       33             0.020848653811482737               
15      29             0.020848653811482737               
15      33             0.020848653811482737               
15      31             0.020848653811482737               
3       33             0.02084865381148271                
3       25             0.02084865381148271                
3       31             0.02084865381148271                
2       24             0.02084865381148271                
6       35             0.02084865381148271                
7       23             0.02084865381148271                
7       24             0.02084865381148271                
7       25             0.02084865381148271                
7       26             0.02084865381148271                
7       31             0.02084865381148271                
15      30             0.02084865381148271                
3       30             0.02084865381148268                
3       35             0.02084865381148268                
6       23             0.02084865381148268                
7       29             0.02084865381148268                
15      28             0.02084865381148268                
7       30             0.020848653811482654               
7       35             0.020848653811482654               
7       28             0.020848653811482654               
15      35             0.020848653811482654               
8       25             0.020848653811482598               
2       36             0.02084865381148257                
2       39             0.02084865381148257                
4       23             0.02084865381148257                
15      24             0.02084865381148257                
2       37             0.020848653811482543               
2       40             0.020848653811482543               
8       27             0.020848653811482543               
2       38             0.020848653811482515               
4       32             0.020848653811482515               
15      36             0.020848653811482515               
15      38             0.020848653811482515               
15      39             0.020848653811482515               
8       29             0.020848653811482487               
8       32             0.020848653811482487               
8       26             0.020848653811482487               
3       36             0.02084865381148246                
4       29             0.02084865381148246                
4       27             0.02084865381148246                
4       34             0.02084865381148246                
8       34             0.02084865381148246                
3       37             0.02084865381148243                
6       37             0.02084865381148243                
6       36             0.02084865381148243                
6       38             0.02084865381148243                
6       39             0.02084865381148243                
7       36             0.02084865381148243                
7       38             0.02084865381148243                
7       39             0.02084865381148243                
8       28             0.02084865381148243                
8       31             0.02084865381148243                
3       38             0.020848653811482404               
3       39             0.020848653811482404               
4       28             0.020848653811482404               
4       31             0.020848653811482404               
15      40             0.020848653811482404               
7       40             0.020848653811482376               
8       23             0.020848653811482376               
8       24             0.020848653811482376               
4       25             0.02084865381148235                
4       26             0.02084865381148235                
15      37             0.02084865381148235                
3       40             0.02084865381148232                
4       35             0.02084865381148232                
6       40             0.02084865381148232                
7       37             0.02084865381148232                
8       33             0.02084865381148232                
4       33             0.020848653811482293               
8       30             0.020848653811482293               
4       30             0.020848653811482265               
8       10             0.020848653811482237               
8       35             0.020848653811482237               
4       36             0.02084865381148221                
4       24             0.020848653811482182               
9       27             0.020848653811482126               
8       36             0.020848653811482126               
8       38             0.020848653811482126               
4       38             0.0208486538114821                 
4       39             0.0208486538114821                 
9       32             0.02084865381148207                
9       23             0.02084865381148207                
9       28             0.02084865381148207                
8       40             0.02084865381148207                
8       39             0.02084865381148207                
36      40             0.020848653811482043               
38      40             0.020848653811482043               
36      38             0.020848653811482043               
4       37             0.020848653811482015               
4       40             0.020848653811482015               
9       24             0.020848653811482015               
9       34             0.020848653811482015               
9       30             0.020848653811481987               
37      40             0.020848653811481987               
37      38             0.020848653811481987               
37      39             0.020848653811481987               
36      39             0.020848653811481987               
38      39             0.020848653811481987               
9       29             0.02084865381148196                
9       33             0.02084865381148196                
9       26             0.02084865381148196                
9       31             0.02084865381148196                
8       37             0.02084865381148196                
6       22             0.02084865381148196                
36      37             0.020848653811481932               
9       35             0.020848653811481876               
39      40             0.020848653811481876               
9       25             0.02084865381148185                
6       21             0.02084865381148185                
19      33             0.02084865381148185                
19      28             0.02084865381148185                
19      31             0.02084865381148185                
19      34             0.02084865381148185                
20      33             0.02084865381148182                
20      23             0.02084865381148182                
20      24             0.02084865381148182                
20      25             0.02084865381148182                
20      26             0.02084865381148182                
20      27             0.02084865381148182                
20      31             0.02084865381148182                
20      34             0.02084865381148182                
19      29             0.020848653811481793               
19      27             0.020848653811481793               
9       36             0.020848653811481765               
20      29             0.020848653811481765               
20      32             0.020848653811481765               
20      30             0.020848653811481738               
19      32             0.020848653811481738               
19      26             0.020848653811481738               
9       39             0.02084865381148171                
19      30             0.02084865381148171                
19      35             0.02084865381148171                
20      35             0.020848653811481682               
19      23             0.020848653811481682               
19      24             0.020848653811481682               
9       38             0.020848653811481654               
20      28             0.020848653811481654               
9       37             0.020848653811481627               
9       40             0.020848653811481627               
3       10             0.02084865381148157                
4       22             0.02084865381148157                
19      25             0.02084865381148157                
3       9              0.020848653811481543               
8       9              0.020848653811481543               
20      36             0.020848653811481543               
20      38             0.020848653811481543               
10      27             0.020848653811481516               
10      32             0.02084865381148146                
10      25             0.02084865381148146                
10      26             0.02084865381148146                
10      28             0.02084865381148146                
19      37             0.02084865381148146                
19      36             0.02084865381148146                
19      38             0.02084865381148146                
20      37             0.020848653811481432               
20      40             0.020848653811481432               
20      39             0.020848653811481432               
4       21             0.020848653811481405               
10      24             0.020848653811481405               
10      31             0.020848653811481405               
10      34             0.020848653811481405               
19      40             0.020848653811481405               
19      39             0.020848653811481405               
10      30             0.020848653811481377               
16      25             0.020848653811481377               
10      33             0.02084865381148135                
10      35             0.02084865381148132                
10      29             0.020848653811481294               
10      23             0.020848653811481294               
3       4              0.020848653811481266               
16      32             0.020848653811481266               
16      34             0.020848653811481266               
16      33             0.02084865381148121                
16      27             0.02084865381148121                
16      29             0.020848653811481155               
16      23             0.020848653811481155               
16      26             0.020848653811481155               
16      28             0.020848653811481155               
16      31             0.020848653811481155               
10      36             0.0208486538114811                 
10      39             0.0208486538114811                 
20      21             0.0208486538114811                 
16      35             0.02084865381148107                
10      40             0.020848653811481044               
10      38             0.020848653811481044               
20      22             0.020848653811481044               
16      36             0.020848653811481044               
16      24             0.020848653811481044               
17      27             0.020848653811481044               
2       10             0.020848653811481016               
16      30             0.020848653811481016               
10      37             0.02084865381148099                
18      27             0.02084865381148099                
17      29             0.02084865381148099                
17      34             0.02084865381148099                
4       10             0.02084865381148096                
17      30             0.02084865381148096                
18      32             0.020848653811480933               
18      25             0.020848653811480933               
18      28             0.020848653811480933               
17      32             0.020848653811480933               
17      23             0.020848653811480933               
17      25             0.020848653811480933               
17      28             0.020848653811480933               
16      40             0.020848653811480877               
16      39             0.020848653811480877               
18      23             0.020848653811480877               
18      26             0.020848653811480877               
17      33             0.020848653811480877               
18      30             0.02084865381148085                
16      37             0.020848653811480822               
16      38             0.020848653811480822               
18      29             0.020848653811480822               
18      24             0.020848653811480822               
18      34             0.020848653811480822               
17      26             0.020848653811480822               
17      31             0.020848653811480822               
4       9              0.020848653811480794               
18      31             0.020848653811480766               
17      35             0.02084865381148074                
18      33             0.02084865381148071                
17      24             0.02084865381148071                
18      35             0.020848653811480683               
18      36             0.0208486538114806                 
18      38             0.0208486538114806                 
17      38             0.020848653811480572               
18      39             0.020848653811480544               
17      40             0.020848653811480544               
17      36             0.020848653811480516               
17      39             0.020848653811480516               
18      37             0.02084865381148049                
18      40             0.02084865381148049                
17      37             0.02084865381148049                
7       10             0.020848653811480378               
2       3              0.02084865381148035                
6       10             0.020848653811480322               
9       10             0.02084865381148024                
2       9              0.02084865381148021                
4       7              0.020848653811480156               
2       21             0.020848653811480045               
6       8              0.02084865381147996                
2       22             0.020848653811479878               
25      29             0.020848653811479823               
26      29             0.020848653811479823               
28      29             0.020848653811479823               
35      39             0.020848653811479767               
27      29             0.020848653811479767               
28      33             0.020848653811479767               
31      33             0.020848653811479767               
23      25             0.020848653811479767               
25      26             0.020848653811479767               
25      27             0.020848653811479767               
25      28             0.020848653811479767               
26      27             0.020848653811479767               
28      30             0.02084865381147974                
34      35             0.02084865381147974                
35      37             0.02084865381147971                
35      40             0.02084865381147971                
35      36             0.02084865381147971                
35      38             0.02084865381147971                
32      33             0.02084865381147971                
24      29             0.02084865381147971                
26      33             0.02084865381147971                
29      31             0.02084865381147971                
31      32             0.02084865381147971                
23      24             0.02084865381147971                
23      26             0.02084865381147971                
23      27             0.02084865381147971                
24      27             0.02084865381147971                
24      28             0.02084865381147971                
25      31             0.02084865381147971                
26      28             0.02084865381147971                
27      28             0.02084865381147971                
28      31             0.02084865381147971                
6       9              0.020848653811479684               
7       9              0.020848653811479684               
31      35             0.020848653811479684               
32      34             0.020848653811479684               
33      34             0.020848653811479684               
28      34             0.020848653811479684               
31      34             0.020848653811479684               
19      21             0.020848653811479684               
3       21             0.020848653811479656               
21      25             0.020848653811479656               
22      23             0.020848653811479656               
29      33             0.020848653811479656               
23      29             0.020848653811479656               
24      33             0.020848653811479656               
25      32             0.020848653811479656               
25      33             0.020848653811479656               
28      32             0.020848653811479656               
23      28             0.020848653811479656               
24      26             0.020848653811479656               
24      31             0.020848653811479656               
26      31             0.020848653811479656               
27      31             0.020848653811479656               
7       8              0.020848653811479656               
29      30             0.020848653811479628               
30      33             0.020848653811479628               
25      30             0.020848653811479628               
26      30             0.020848653811479628               
27      30             0.020848653811479628               
30      31             0.020848653811479628               
29      34             0.020848653811479628               
24      34             0.020848653811479628               
25      34             0.020848653811479628               
26      34             0.020848653811479628               
27      34             0.020848653811479628               
4       6              0.0208486538114796                 
3       22             0.0208486538114796                 
21      22             0.0208486538114796                 
21      23             0.0208486538114796                 
21      26             0.0208486538114796                 
21      27             0.0208486538114796                 
22      27             0.0208486538114796                 
29      32             0.0208486538114796                 
26      32             0.0208486538114796                 
27      32             0.0208486538114796                 
27      33             0.0208486538114796                 
24      25             0.0208486538114796                 
29      35             0.020848653811479573               
30      32             0.020848653811479573               
32      35             0.020848653811479573               
33      35             0.020848653811479573               
28      35             0.020848653811479573               
30      34             0.020848653811479573               
19      22             0.020848653811479573               
30      35             0.020848653811479545               
21      29             0.020848653811479545               
21      24             0.020848653811479545               
22      26             0.020848653811479545               
24      32             0.020848653811479545               
23      31             0.020848653811479545               
23      30             0.020848653811479517               
24      30             0.020848653811479517               
25      35             0.020848653811479517               
27      35             0.020848653811479517               
2       4              0.02084865381147949                
22      29             0.02084865381147949                
21      28             0.02084865381147949                
22      24             0.02084865381147949                
22      25             0.02084865381147949                
22      28             0.02084865381147949                
23      32             0.02084865381147949                
23      33             0.02084865381147949                
34      37             0.02084865381147946                
34      36             0.02084865381147946                
34      38             0.02084865381147946                
34      39             0.02084865381147946                
24      35             0.02084865381147946                
26      35             0.02084865381147946                
23      34             0.02084865381147946                
21      31             0.020848653811479434               
22      31             0.020848653811479434               
22      34             0.020848653811479434               
32      39             0.020848653811479406               
33      36             0.020848653811479406               
33      38             0.020848653811479406               
33      39             0.020848653811479406               
21      30             0.020848653811479406               
22      30             0.020848653811479406               
28      36             0.020848653811479406               
31      36             0.020848653811479406               
31      38             0.020848653811479406               
31      39             0.020848653811479406               
23      35             0.020848653811479406               
21      32             0.02084865381147938                
21      33             0.02084865381147938                
22      32             0.02084865381147938                
22      33             0.02084865381147938                
21      34             0.02084865381147938                
32      37             0.02084865381147935                
33      40             0.02084865381147935                
28      37             0.02084865381147935                
31      40             0.02084865381147935                
29      36             0.02084865381147935                
29      38             0.02084865381147935                
29      39             0.02084865381147935                
32      36             0.02084865381147935                
32      38             0.02084865381147935                
34      40             0.02084865381147935                
25      36             0.02084865381147935                
25      38             0.02084865381147935                
25      39             0.02084865381147935                
26      39             0.02084865381147935                
28      38             0.02084865381147935                
28      39             0.02084865381147935                
30      36             0.020848653811479323               
30      38             0.020848653811479323               
30      39             0.020848653811479323               
29      37             0.020848653811479295               
32      40             0.020848653811479295               
33      37             0.020848653811479295               
31      37             0.020848653811479295               
21      35             0.020848653811479295               
22      35             0.020848653811479295               
24      36             0.020848653811479295               
24      38             0.020848653811479295               
24      39             0.020848653811479295               
26      36             0.020848653811479295               
26      38             0.020848653811479295               
27      36             0.020848653811479295               
27      38             0.020848653811479295               
27      39             0.020848653811479295               
30      37             0.020848653811479267               
30      40             0.020848653811479267               
29      40             0.02084865381147924                
24      37             0.02084865381147924                
25      37             0.02084865381147924                
25      40             0.02084865381147924                
26      37             0.02084865381147924                
26      40             0.02084865381147924                
27      37             0.02084865381147924                
27      40             0.02084865381147924                
28      40             0.02084865381147924                
23      36             0.02084865381147924                
23      39             0.02084865381147924                
23      40             0.020848653811479184               
24      40             0.020848653811479184               
23      38             0.020848653811479184               
2       6              0.02084865381147913                
21      36             0.02084865381147913                
23      37             0.02084865381147913                
21      40             0.020848653811479073               
21      38             0.020848653811479073               
21      39             0.020848653811479073               
22      36             0.020848653811479073               
22      38             0.020848653811479073               
21      37             0.020848653811479018               
22      37             0.020848653811479018               
22      39             0.020848653811479018               
22      40             0.020848653811478962               
6       7              0.020848653811478823               
4       8              0.020848653811478518               
15      17             0.020848653811478435               
6       17             0.020848653811478296               
7       17             0.02084865381147824                
2       17             0.020848653811478185               
4       16             0.0208486538114781                 
6       18             0.020848653811478046               
4       17             0.02084865381147799                
15      16             0.02084865381147799                
6       16             0.020848653811477935               
15      20             0.020848653811477935               
15      18             0.020848653811477935               
3       19             0.020848653811477907               
2       16             0.020848653811477907               
3       17             0.020848653811477907               
7       15             0.02084865381147788                
2       18             0.020848653811477852               
3       20             0.020848653811477796               
6       20             0.020848653811477796               
15      19             0.020848653811477796               
4       15             0.02084865381147777                
2       15             0.02084865381147774                
2       19             0.02084865381147774                
3       18             0.02084865381147774                
8       16             0.02084865381147774                
6       19             0.020848653811477713               
7       18             0.020848653811477713               
2       20             0.020848653811477685               
3       15             0.020848653811477685               
4       18             0.020848653811477658               
7       19             0.020848653811477658               
9       15             0.020848653811477602               
8       19             0.020848653811477574               
2       7              0.020848653811477463               
7       20             0.020848653811477463               
4       20             0.020848653811477436               
9       16             0.020848653811477436               
9       17             0.020848653811477436               
8       17             0.020848653811477436               
8       18             0.020848653811477408               
4       19             0.02084865381147738                
6       15             0.02084865381147738                
8       20             0.02084865381147738                
7       16             0.02084865381147738                
8       15             0.020848653811477352               
3       16             0.020848653811477297               
9       18             0.020848653811477103               
9       19             0.02084865381147699                
9       20             0.020848653811476825               
10      16             0.020848653811476825               
10      15             0.02084865381147677                
10      17             0.02084865381147666                
3       7              0.020848653811476575               
2       8              0.020848653811476547               
10      18             0.020848653811476492               
3       8              0.02084865381147627                
10      19             0.020848653811476214               
3       6              0.02084865381147613                
10      20             0.02084865381147613                
14      25             -0.08393161720590764               
14      31             -0.08393161720590764               
14      34             -0.08393161720590764               
14      33             -0.08393161720590767               
14      28             -0.08393161720590767               
14      27             -0.0839316172059077                
14      29             -0.08393161720590772               
14      32             -0.08393161720590772               
14      24             -0.08393161720590772               
14      26             -0.08393161720590772               
14      23             -0.08393161720590775               
14      35             -0.08393161720590778               
14      30             -0.0839316172059078                
14      38             -0.08393161720590797               
14      39             -0.08393161720590797               
14      36             -0.083931617205908                 
14      37             -0.08393161720590803               
14      40             -0.08393161720590805               
1       34             -0.08393161720590839               
1       24             -0.08393161720590842               
1       25             -0.08393161720590844               
1       26             -0.08393161720590844               
1       31             -0.08393161720590844               
1       23             -0.08393161720590847               
1       27             -0.08393161720590847               
1       28             -0.08393161720590847               
1       29             -0.0839316172059085                
1       32             -0.0839316172059085                
1       33             -0.08393161720590855               
1       30             -0.08393161720590858               
1       35             -0.08393161720590858               
1       39             -0.08393161720590872               
1       36             -0.08393161720590875               
1       38             -0.08393161720590878               
1       40             -0.0839316172059088                
1       37             -0.08393161720590886               
4       14             -0.08393161720590916               
1       21             -0.08393161720590944               
1       22             -0.08393161720590944               
8       14             -0.08393161720590947               
1       10             -0.08393161720590955               
1       2              -0.08393161720590961               
1       4              -0.08393161720590966               
14      21             -0.08393161720590989               
1       9              -0.08393161720590991               
14      22             -0.08393161720590997               
1       3              -0.08393161720591                  
2       14             -0.08393161720591                  
3       14             -0.08393161720591014               
10      14             -0.08393161720591039               
1       17             -0.08393161720591064               
14      17             -0.08393161720591064               
1       16             -0.08393161720591072               
1       18             -0.08393161720591072               
14      16             -0.08393161720591075               
14      18             -0.0839316172059108                
9       14             -0.08393161720591083               
7       14             -0.08393161720591086               
1       15             -0.08393161720591089               
1       19             -0.08393161720591089               
1       20             -0.08393161720591094               
14      15             -0.08393161720591114               
14      19             -0.08393161720591114               
14      20             -0.08393161720591122               
6       14             -0.08393161720591163               
1       7              -0.08393161720591177               
1       8              -0.08393161720591191               
1       6              -0.0839316172059123                
12      34             -0.11484768089609362               
12      28             -0.11484768089609365               
12      31             -0.11484768089609365               
12      23             -0.11484768089609368               
12      25             -0.11484768089609368               
12      26             -0.11484768089609368               
12      27             -0.11484768089609368               
11      34             -0.1148476808960937                
12      33             -0.1148476808960937                
12      29             -0.11484768089609373               
12      32             -0.11484768089609373               
12      24             -0.11484768089609373               
11      27             -0.11484768089609376               
11      28             -0.11484768089609379               
11      31             -0.11484768089609379               
11      29             -0.11484768089609382               
11      33             -0.11484768089609382               
11      24             -0.11484768089609382               
11      25             -0.11484768089609382               
11      26             -0.11484768089609382               
11      32             -0.11484768089609385               
11      23             -0.11484768089609385               
12      30             -0.11484768089609387               
12      35             -0.11484768089609387               
11      30             -0.11484768089609396               
11      35             -0.11484768089609398               
12      36             -0.11484768089609407               
12      38             -0.11484768089609407               
12      39             -0.11484768089609407               
11      36             -0.11484768089609412               
11      39             -0.11484768089609412               
11      38             -0.11484768089609415               
12      40             -0.11484768089609418               
12      37             -0.1148476808960942                
11      40             -0.11484768089609423               
11      37             -0.11484768089609426               
10      11             -0.1148476808960946                
10      12             -0.1148476808960947                
12      21             -0.1148476808960947                
12      22             -0.11484768089609476               
11      22             -0.11484768089609479               
11      21             -0.11484768089609484               
8       12             -0.11484768089609518               
2       12             -0.11484768089609551               
8       11             -0.11484768089609551               
12      17             -0.11484768089609554               
4       12             -0.11484768089609565               
12      18             -0.11484768089609576               
9       12             -0.11484768089609582               
9       11             -0.11484768089609587               
2       11             -0.11484768089609598               
3       12             -0.11484768089609598               
7       12             -0.11484768089609598               
12      16             -0.11484768089609598               
12      15             -0.11484768089609601               
4       11             -0.11484768089609607               
12      20             -0.1148476808960961                
12      19             -0.11484768089609612               
11      17             -0.11484768089609615               
11      16             -0.11484768089609618               
3       11             -0.11484768089609626               
7       11             -0.11484768089609626               
11      18             -0.11484768089609632               
11      15             -0.11484768089609643               
11      20             -0.11484768089609654               
11      19             -0.11484768089609662               
6       12             -0.1148476808960967                
6       11             -0.11484768089609709               
5       21             -0.12627677337987883               
5       22             -0.12627677337987883               
5       34             -0.12627677337987883               
5       27             -0.12627677337987886               
5       28             -0.1262767733798789                
5       31             -0.1262767733798789                
5       23             -0.12627677337987891               
5       25             -0.12627677337987891               
5       26             -0.12627677337987891               
5       29             -0.12627677337987897               
5       24             -0.12627677337987897               
5       30             -0.126276773379879                 
5       32             -0.126276773379879                 
5       33             -0.126276773379879                 
5       35             -0.12627677337987908               
5       38             -0.12627677337987928               
5       36             -0.1262767733798793                
5       39             -0.1262767733798793                
5       40             -0.12627677337987936               
5       37             -0.1262767733798794                
5       10             -0.1262767733798801                
5       9              -0.12627677337988055               
4       5              -0.12627677337988064               
5       8              -0.12627677337988066               
5       17             -0.12627677337988072               
5       7              -0.12627677337988089               
5       16             -0.12627677337988108               
5       18             -0.12627677337988116               
5       15             -0.1262767733798812                
5       6              -0.12627677337988122               
3       5              -0.12627677337988127               
5       19             -0.12627677337988139               
5       20             -0.12627677337988144               
2       5              -0.12627677337988188               
13      34             -0.16754224963839032               
13      31             -0.16754224963839037               
13      27             -0.16754224963839037               
13      24             -0.16754224963839037               
13      25             -0.1675422496383904                
13      26             -0.1675422496383904                
13      28             -0.1675422496383904                
13      32             -0.16754224963839043               
13      29             -0.16754224963839043               
13      33             -0.16754224963839043               
13      23             -0.16754224963839043               
13      35             -0.16754224963839048               
13      30             -0.16754224963839048               
13      39             -0.1675422496383907                
13      36             -0.16754224963839073               
13      38             -0.16754224963839073               
13      37             -0.16754224963839082               
13      40             -0.16754224963839082               
13      22             -0.16754224963839098               
13      21             -0.16754224963839098               
8       13             -0.16754224963839098               
10      13             -0.16754224963839126               
7       13             -0.16754224963839137               
4       13             -0.16754224963839143               
13      17             -0.1675422496383915                
2       13             -0.16754224963839154               
13      18             -0.1675422496383917                
13      16             -0.16754224963839176               
13      15             -0.16754224963839195               
13      19             -0.16754224963839198               
13      20             -0.1675422496383921                
3       13             -0.16754224963839215               
9       13             -0.1675422496383922                
6       13             -0.1675422496383928                
