# 2r8s-1-R	 L = 159
i	j	
6	112
7	111
8	110
9	109
10	108
11	107
12	106
13	105
15	104
16	103
17	102
18	101
19	100
20	99
22	97
22	99
23	96
23	100
25	95
26	94
27	93
28	92
30	91
31	90
32	89
33	88
34	86
35	81
36	80
37	79
38	63
39	62
40	61
41	60
42	59
43	58
44	57
45	56
46	55
47	54
48	53
49	52
50	146
51	122
52	148
63	77
64	74
65	73
66	72
67	87
70	71
80	85
83	110
96	99
113	156
114	155
115	154
117	152
118	151
119	150
120	149
121	148
122	146
123	124
125	145
126	144
127	143
128	142
129	141
130	140
131	139
132	138
