#======================================================================
# PARAMETERS USED FOR THIS COMPUTATION: 
#      Sequence type: RNA
#      Total number of sequences in alignment data: 50
#      Length of sequences in alignment data: 55
#      Effective number of sequences: 23.649293761793757
#      Value of sequence identity: 0.8
#      Value of relative pseudocount: 0.5
# The First and Second columns represent sites and the
# Third column is MFDCA Frobenius norm, average product corrected (APC) DCA score
#======================================================================
4       33             2.288820573139681                  
5       32             2.1673291939615504                 
12      25             2.1565641092597447                 
3       34             1.9611515244973678                 
18      53             1.664524560625302                  
6       31             1.6298410051277514                 
8       29             1.3368756189252595                 
2       35             1.306002737915396                  
9       28             1.2834879235638499                 
22      48             0.9953904750106893                 
17      54             0.9699357132157032                 
1       36             0.95588878665426                   
15      22             0.9417592535371369                 
20      50             0.8941015358369044                 
10      27             0.8908625876200619                 
1       38             0.7659328848590895                 
36      38             0.6679870820698608                 
27      42             0.6501045450578046                 
19      51             0.642300224516961                  
39      44             0.6372420109762265                 
41      50             0.5923667834395231                 
30      31             0.5899027629202651                 
28      51             0.5819001507367202                 
37      39             0.57853974082236                   
8       9              0.5415166726757288                 
19      29             0.5124038243573672                 
7       31             0.5047895407497764                 
14      41             0.5027897095190419                 
40      43             0.49556639245339185                
53      54             0.4917761059869582                 
27      53             0.4909479614882548                 
7       8              0.487703448489346                  
15      27             0.48723241646148785                
9       30             0.4763791565523494                 
4       7              0.47176557980360834                
40      55             0.46345162137894746                
7       52             0.4541505966601198                 
47      50             0.4452593609890315                 
14      21             0.4448296167884267                 
43      54             0.4370265525715925                 
10      42             0.4303803095333766                 
18      54             0.4232784614928089                 
5       46             0.41991485753360147                
3       51             0.40930566679284663                
17      31             0.4032125303908143                 
46      47             0.40041493998429667                
54      55             0.397902905313143                  
29      30             0.3934691340408192                 
28      53             0.38713134267211313                
2       27             0.38196667956322006                
15      49             0.3775796258514506                 
17      30             0.37668631509576866                
29      52             0.374706994463087                  
6       41             0.3700611638782465                 
19      46             0.3618401752496885                 
3       28             0.3551972928020638                 
43      55             0.3532223746313121                 
5       31             0.3507379083674259                 
34      36             0.35031333838310974                
32      52             0.3442571078258071                 
10      54             0.34369100573355416                
37      46             0.3396900531581628                 
47      51             0.33898947364933785                
18      27             0.3371898569805951                 
17      34             0.33691516751783135                
3       18             0.32951472374173635                
37      50             0.32922881766565937                
46      49             0.32921446301287527                
3       33             0.3286348377777729                 
37      44             0.3285090179375099                 
37      54             0.3257270603618717                 
15      48             0.3235609350063374                 
27      31             0.32313559396308333                
8       42             0.3189974747668004                 
10      19             0.31661633117164856                
6       52             0.3159075963098792                 
19      47             0.31455264857393717                
32      47             0.3127842589383605                 
5       51             0.31141953335476835                
22      49             0.3063119972725328                 
35      37             0.3022024616357794                 
32      39             0.3014102665903231                 
10      40             0.3007737173628134                 
19      52             0.3006412006781717                 
7       33             0.3003633212070773                 
27      35             0.30003785526777116                
4       6              0.29887846185358824                
5       10             0.2960623416773738                 
42      53             0.2953336389419381                 
47      52             0.2951224972876586                 
7       19             0.2946432734132378                 
3       30             0.2941813714828777                 
14      36             0.29123193323565794                
17      33             0.29019224024735546                
1       14             0.2884997849226874                 
28      34             0.28666272538438886                
4       34             0.2863633159890949                 
31      41             0.28571334844619534                
43      45             0.28569794207225546                
35      43             0.28455686439302363                
14      47             0.2844127090419103                 
1       51             0.2805484057525215                 
4       28             0.2804733767865676                 
6       17             0.27966291402179755                
7       29             0.27805554324900394                
21      37             0.2760260118079872                 
6       19             0.27482624482670537                
13      16             0.27357155199834843                
13      24             0.2735715519983476                 
13      26             0.2735715519983476                 
11      13             0.2735715519983475                 
11      16             0.27357155199834743                
13      23             0.27357155199834743                
24      26             0.27357155199834704                
16      26             0.2735715519983464                 
16      24             0.2735715519983464                 
16      23             0.2735715519983461                 
11      23             0.2735715519983457                 
11      24             0.2735715519983457                 
11      26             0.2735715519983455                 
23      24             0.2735715519983453                 
23      26             0.27357155199834515                
14      38             0.26782347987683314                
21      36             0.2655926745787584                 
17      42             0.26334313444171775                
27      30             0.2632610333820302                 
51      52             0.2626669425795112                 
5       9              0.2615585482385989                 
43      51             0.26131118562131284                
6       7              0.2592116010712814                 
33      34             0.2591289285469839                 
32      34             0.25510966622807174                
32      48             0.2541468952818422                 
2       37             0.25410121784859707                
8       28             0.2531556974042243                 
8       37             0.2518236067368501                 
1       21             0.2507488614664123                 
5       28             0.2496193718371389                 
34      43             0.24854783493129173                
15      19             0.24766724167276588                
17      43             0.2476215444446641                 
30      34             0.24621059564861036                
19      30             0.24447917489457427                
7       54             0.2439198135199846                 
26      45             0.24382479678532487                
24      45             0.24382479678532365                
23      45             0.243824796785323                  
11      45             0.2438247967853212                 
16      45             0.2438247967853207                 
13      45             0.24382479678531993                
17      37             0.24336381048471                   
19      41             0.2419393014933131                 
25      47             0.2410631081762073                 
12      47             0.24106310817620702                
17      55             0.24093075153208687                
21      51             0.2399512263799518                 
10      38             0.23821783456589418                
4       5              0.23710237569891757                
3       37             0.23470353427577983                
21      38             0.23331567703874645                
4       19             0.23062359279921518                
5       43             0.23035616444739804                
39      46             0.225190077980698                  
8       48             0.2219474306844902                 
42      43             0.22115803879116325                
42      47             0.2210611377392676                 
51      53             0.22026731318863813                
5       6              0.217892669743886                  
29      37             0.21351409859324877                
9       47             0.21279155041139375                
3       41             0.21256199706742085                
8       54             0.21224056106679956                
7       28             0.2111066778649534                 
41      47             0.2102865887348555                 
10      36             0.208248587456781                  
28      33             0.20719393736955605                
9       21             0.20708585681147468                
14      30             0.20525632823364204                
7       27             0.20497444878645266                
30      50             0.2033821864184545                 
8       15             0.20305169799875417                
34      51             0.20278426476943634                
6       51             0.19910262804413847                
15      35             0.19828222310289018                
11      20             0.19801518010564198                
13      20             0.1980151801056418                 
16      20             0.19801518010564156                
20      24             0.19801518010564112                
20      23             0.19801518010564095                
20      26             0.19801518010564095                
32      38             0.1969190513053416                 
2       15             0.19564594402761515                
35      44             0.19491821740304133                
4       10             0.19463040895258954                
2       54             0.19412076149923746                
24      49             0.1940095988213491                 
23      49             0.19400959882134883                
16      49             0.19400959882134844                
26      49             0.19400959882134788                
13      49             0.19400959882134758                
11      49             0.19400959882134727                
18      47             0.19249454331590027                
13      40             0.19207104364031888                
11      40             0.19207104364031885                
24      40             0.1920710436403186                 
26      40             0.1920710436403182                 
23      40             0.1920710436403162                 
16      40             0.19207104364031607                
6       38             0.19162469100549462                
3       36             0.19121645628940076                
6       27             0.18863522982636693                
22      25             0.18544755860845957                
12      22             0.1854475586084593                 
31      32             0.18368470608191834                
42      52             0.18350241983874005                
42      54             0.1831603729912229                 
50      51             0.18266010671168054                
3       38             0.17891932991135584                
17      29             0.1789058762126151                 
21      40             0.17850173387524673                
48      51             0.17836776177724417                
40      42             0.17698571604350094                
39      47             0.17693093571630852                
37      52             0.1765887507455297                 
6       14             0.17645599958482572                
15      25             0.17639000443766628                
12      15             0.17639000443766573                
2       32             0.17631407819547984                
19      33             0.1741934268366696                 
3       53             0.17365469408824674                
37      43             0.17337156206928928                
33      48             0.17290941297853396                
2       43             0.17274363210068888                
2       49             0.17225331333027627                
21      30             0.1710823298058305                 
35      49             0.16974841814633762                
29      47             0.1696984664474369                 
1       52             0.1690263739004229                 
10      31             0.16896068434095035                
24      44             0.16840848943076756                
23      44             0.16840848943076647                
11      44             0.16840848943076636                
26      44             0.16840848943076528                
13      44             0.168408489430765                  
16      44             0.16840848943076347                
6       32             0.16835343017251658                
48      52             0.16747022940035927                
21      33             0.16713341711976676                
7       37             0.16708965972574485                
39      52             0.16661275511095475                
10      30             0.16627917152983795                
20      45             0.16569645905302668                
3       4              0.1650504764538071                 
32      44             0.1645842514600619                 
19      49             0.1621925531177213                 
45      49             0.16198015101965277                
15      46             0.16141199918499333                
39      51             0.15886680112317547                
5       38             0.15831087966805502                
20      28             0.1579573038530515                 
34      38             0.15771335097030192                
27      41             0.15768013986877238                
29      51             0.15746857762363775                
14      42             0.15725248756957305                
10      55             0.1559283824360747                 
5       54             0.1557516561414095                 
29      48             0.15548840365615085                
39      43             0.154283748690011                  
7       34             0.15364912190890634                
2       44             0.15287350269239192                
7       50             0.1517682360570296                 
16      55             0.15158674991643548                
11      55             0.15158674991643528                
13      55             0.15158674991643412                
23      55             0.1515867499164338                 
26      55             0.15158674991643206                
24      55             0.15158674991643156                
26      39             0.15145276185327614                
11      39             0.1514527618532739                 
23      39             0.15145276185327358                
16      39             0.15145276185327336                
24      39             0.1514527618532728                 
13      39             0.15145276185327278                
44      47             0.15102337958650724                
4       35             0.1505152774929679                 
49      52             0.14908758071130052                
2       8              0.1482977870058051                 
8       36             0.1478465491723011                 
9       40             0.14773003020115633                
10      33             0.1474406560310194                 
45      46             0.145358993962638                  
22      46             0.14525473944706935                
14      31             0.14430328513582713                
10      34             0.14409115657805105                
6       34             0.14313355004266048                
9       55             0.14291985136223795                
1       28             0.1425621527848166                 
18      51             0.14238419029740135                
28      55             0.14187163541945108                
14      35             0.1410126261786474                 
7       42             0.13695788493460326                
29      42             0.13625994126312335                
12      43             0.13617365591031927                
25      43             0.13617365591031916                
27      55             0.13558112363605995                
3       21             0.13508745792218224                
12      46             0.13375836502293836                
25      46             0.13375836502293798                
33      37             0.13166658064654835                
11      48             0.13088289463995023                
13      48             0.1308828946399499                 
16      48             0.1308828946399492                 
26      48             0.1308828946399457                 
24      48             0.13088289463994554                
23      48             0.1308828946399441                 
10      20             0.13071819056135825                
21      42             0.12948471888824736                
3       6              0.12871454129802773                
24      50             0.1281457741214648                 
13      50             0.12814577412146466                
11      50             0.12814577412146455                
23      50             0.12814577412146436                
16      50             0.12814577412146425                
26      50             0.12814577412146375                
6       30             0.12800904218657894                
19      40             0.12781982573107775                
1       3              0.12729416979466224                
41      46             0.12675180141357656                
29      35             0.12672988847195144                
13      21             0.1266278864585843                 
16      21             0.12662788645858405                
21      24             0.12662788645858342                
21      26             0.12662788645858342                
11      21             0.12662788645858328                
21      23             0.12662788645858325                
33      38             0.1248785150406524                 
50      52             0.12445864669361045                
47      48             0.12384353995393294                
12      21             0.12357213656945143                
21      25             0.12357213656945104                
8       45             0.12301603355115742                
4       38             0.12112357218812786                
38      41             0.12050351700737061                
9       10             0.12018561602902345                
4       32             0.11933796638350291                
41      43             0.11721070183007776                
7       10             0.1169836686463478                 
43      44             0.11675740518053851                
32      35             0.11669561783807048                
30      36             0.11546602123645344                
30      52             0.11442811934094443                
9       46             0.1144051981765562                 
43      47             0.11335375438450912                
20      49             0.11334654513120496                
28      31             0.11216834798570097                
5       52             0.11115699333953044                
29      38             0.11019144889495835                
18      42             0.10898857240787946                
9       54             0.10831555739486753                
30      33             0.1079840132907458                 
1       7              0.10725706169270938                
1       29             0.10681461976077034                
45      50             0.10666979347802549                
41      51             0.10661116582851538                
47      53             0.10658786078251781                
2       22             0.10590078368907341                
30      54             0.10519762353533912                
31      47             0.10407254213955552                
4       17             0.10369792752783624                
18      28             0.10284034916152046                
45      55             0.10253062777520477                
9       53             0.10201037132187796                
34      42             0.10188137511417816                
21      52             0.10170729679733514                
20      41             0.10165137585320005                
9       51             0.10150762091558552                
42      48             0.10146706331781463                
37      51             0.10065683444991458                
1       9              0.09989008535607552                
30      41             0.09948422172251092                
15      29             0.09884478361606575                
4       12             0.09861380205305725                
4       25             0.09861380205305714                
8       35             0.09816331578456505                
11      14             0.09781081084592655                
14      26             0.0978108108459263                 
14      23             0.09781081084592608                
14      24             0.09781081084592608                
13      14             0.09781081084592597                
14      16             0.09781081084592458                
6       10             0.09749907862770413                
30      43             0.09720461853982387                
9       38             0.09681709711203512                
44      45             0.09645804134194536                
21      49             0.09597394794302419                
15      34             0.09543403157241248                
20      29             0.09339942045616689                
6       29             0.09335431699619601                
3       52             0.09206812415413745                
15      24             0.09141662749154622                
15      23             0.09141662749154614                
15      26             0.09141662749154611                
15      16             0.09141662749154505                
13      15             0.09141662749154486                
11      15             0.0914166274915447                 
17      46             0.08945568340722598                
6       46             0.08870779925917804                
17      18             0.08813783010155601                
33      35             0.08690664170669893                
53      55             0.08612009044326868                
8       53             0.08485440011666934                
41      54             0.08303926159751174                
20      39             0.08195750602262758                
42      55             0.08182082788341244                
40      54             0.08171113125007168                
10      22             0.08145357746539128                
29      31             0.0811395080489623                 
26      46             0.08075429017513594                
16      46             0.08075429017513583                
24      46             0.08075429017513472                
11      46             0.08075429017513469                
13      46             0.08075429017513386                
23      46             0.08075429017513355                
32      37             0.08035415563143378                
29      54             0.07963025283980552                
1       18             0.0784778240135916                 
4       20             0.07801456397635015                
10      25             0.07767056371079883                
10      12             0.07767056371079828                
40      49             0.0775745606881785                 
38      42             0.07684575794173776                
31      44             0.07678871942443138                
7       32             0.07594958383400774                
5       44             0.07584848140390615                
9       52             0.07552032002421738                
9       39             0.074336441854077                  
10      41             0.07429658225073543                
4       50             0.07412643161177801                
49      55             0.07399721131795992                
35      51             0.07372344162164857                
9       32             0.07322528069596723                
17      53             0.07256883928294644                
8       34             0.07137616366431243                
6       8              0.07126934534162965                
9       43             0.07053876677698179                
22      27             0.07039436891529127                
18      55             0.07039274496979075                
34      53             0.06817820721482248                
50      54             0.06717537596806544                
9       12             0.06670314973961006                
9       25             0.06670314973960989                
36      42             0.06646624630416398                
11      36             0.06547408283384482                
13      36             0.06547408283384473                
24      36             0.06547408283384434                
23      36             0.06547408283384407                
16      36             0.06547408283384393                
26      36             0.0654740828338431                 
45      48             0.06528804943900332                
40      45             0.06459398549348508                
25      42             0.0638525691260578                 
12      42             0.06385256912605775                
4       14             0.06333692589760215                
7       20             0.06302622221890802                
22      35             0.06267407023169858                
40      41             0.061904540864734015               
22      31             0.06164601424947591                
3       10             0.06135500329239174                
10      18             0.0609665993898717                 
27      32             0.06017358206149637                
12      33             0.05998948912320379                
25      33             0.059989489123202344               
13      22             0.059702106764599444               
16      22             0.059702106764599305               
11      22             0.05970210676459867                
22      23             0.05970210676459686                
22      24             0.05970210676459686                
22      26             0.059702106764596724               
21      55             0.059286484881881374               
46      53             0.059079695104476415               
21      45             0.05822758897392932                
27      45             0.05785818365969919                
8       55             0.05782786907023196                
34      48             0.057736192796514374               
49      50             0.057219073722681646               
4       54             0.0568927973367388                 
40      44             0.05567788298300225                
20      30             0.05529590648980354                
15      30             0.05457954276085264                
14      45             0.054130660060394326               
1       16             0.0539232039972167                 
1       24             0.05392320399721667                
1       26             0.05392320399721659                
1       23             0.05392320399721651                
1       13             0.05392320399721642                
1       11             0.05392320399721584                
12      27             0.053336750335496896               
25      27             0.05333675033549612                
22      34             0.05084339991270148                
44      48             0.0505774775293506                 
21      47             0.05020486810854935                
9       42             0.049763103599564706               
28      38             0.0493067755847898                 
2       31             0.048243070855971903               
15      31             0.048066554377453                  
39      45             0.04769618625974811                
35      39             0.04725890836872143                
1       34             0.04722250566203173                
43      49             0.047133392744739155               
3       46             0.047009722676014776               
20      33             0.04697997676904647                
4       31             0.04657156666446938                
41      52             0.04351015015909532                
28      45             0.04331385627041434                
18      34             0.0431219301019613                 
2       51             0.04208974401785792                
7       22             0.04208888785824061                
8       22             0.04167567976668429                
8       43             0.041187402282845564               
12      51             0.04067867615376308                
25      51             0.04067867615376264                
34      54             0.040666352110320214               
30      55             0.04052848403144571                
32      54             0.03922084239332424                
22      52             0.03917330709445749                
46      54             0.039103056160539995               
22      33             0.03892595737768523                
27      54             0.03850811549819699                
19      37             0.03820354806381454                
17      32             0.038196736174427315               
5       30             0.03729881564874071                
35      42             0.03703141908682328                
35      52             0.03604325382924306                
38      54             0.035800967972568376               
9       17             0.03552434128650739                
18      26             0.03512597986693708                
18      24             0.035125979866936996               
18      23             0.03512597986693686                
13      18             0.035125979866936385               
11      18             0.035125979866936136               
16      18             0.03512597986693586                
9       37             0.03500642172522961                
2       39             0.034707859903663874               
2       26             0.034034372961084275               
2       23             0.03403437296108419                
2       24             0.03403437296108419                
2       16             0.034034372961084025               
2       13             0.03403437296108358                
2       11             0.0340343729610835                 
3       7              0.03363894984252003                
1       8              0.03321086232620041                
20      44             0.032748347118975174               
32      50             0.03244104495783995                
29      55             0.03224083264532368                
17      44             0.032213254593038754               
2       14             0.03142303599257157                
6       45             0.03071284773122107                
15      45             0.03062133906002626                
5       48             0.030460838689412517               
23      35             0.030408769225160753               
24      35             0.030408769225160753               
13      35             0.030408769225160004               
16      35             0.030408769225159504               
11      35             0.030408769225159504               
26      35             0.030408769225159366               
5       37             0.029764576461500658               
4       37             0.029213640810030306               
8       18             0.029082210887332538               
31      33             0.02862054510309886                
18      45             0.02827872766125597                
23      25             0.028162392023928312               
12      16             0.028162392023927618               
12      13             0.028162392023926952               
12      24             0.028162392023926813               
12      26             0.028162392023926758               
12      23             0.028162392023926647               
11      12             0.028162392023926452               
25      26             0.028162392023926397               
24      25             0.028162392023926064               
13      25             0.02816239202392562                
16      25             0.02816239202392551                
11      25             0.02816239202392537                
19      22             0.027523031259231168               
8       27             0.02696284720528297                
8       20             0.026946419257569576               
4       27             0.02662085354790278                
20      40             0.026298412841131158               
20      25             0.026277789087968628               
12      20             0.02627778908796846                
20      55             0.02585425377906267                
28      36             0.025730287159071275               
37      49             0.025448195526868944               
19      25             0.025428237294094158               
12      19             0.02542823729409338                
3       48             0.024388416591334283               
44      49             0.023974556672737873               
34      52             0.023813296004499107               
27      39             0.023518224140057165               
7       53             0.023196210612564494               
46      52             0.023185723107024492               
5       47             0.02289636802683681                
30      39             0.020468181835373134               
19      34             0.019740417972325175               
33      42             0.019469630191127907               
5       35             0.019330331331713246               
9       29             0.01911119309396303                
21      41             0.018670409164446178               
18      46             0.01706406349524503                
6       20             0.01677244322737892                
17      35             0.016451888244998603               
32      43             0.01531764694886284                
29      32             0.015126812752147445               
2       19             0.013687488613335519               
7       17             0.013602846576120764               
14      55             0.0132317703276002                 
2       30             0.013067335037684535               
12      18             0.012487907775510398               
18      25             0.012487907775510232               
19      43             0.012478831006848656               
33      41             0.01240560275832181                
31      37             0.012269096752963948               
25      44             0.011820386247448245               
12      44             0.011820386247448078               
31      38             0.009752104044376764               
9       18             0.008276385742267356               
25      49             0.008176760867805916               
12      49             0.008176760867804972               
44      55             0.007938049262860875               
48      55             0.007286869852087485               
13      38             0.006805915594625789               
16      38             0.0068059155946257055              
11      38             0.0068059155946254835              
23      38             0.00680591559462515                
26      38             0.006805915594622375               
24      38             0.006805915594622125               
20      21             0.006654595213091641               
3       19             0.006372226328600239               
10      53             0.005501528033854286               
6       54             0.0054202273387741196              
9       45             0.0049721216465784535              
12      53             0.004421318689782738               
25      53             0.004421318689781739               
38      49             0.004116304219885264               
8       19             0.003988774031574049               
14      40             0.003896128116867792               
10      14             0.003504764154414697               
19      48             0.00329073310022604                
27      28             0.0031996246359095037              
41      45             0.0030313600527182016              
1       33             0.001988376327121788               
28      30             0.0015610752659063198              
23      47             0.0015129763934788876              
26      47             0.0015129763934782492              
24      47             0.0015129763934781382              
11      47             0.0015129763934775275              
13      47             0.0015129763934773055              
16      47             0.0015129763934771112              
1       5              0.0015009777663065327              
22      45             0.0010625375201679388              
14      49             0.0010521714475696942              
15      40             7.267245652739507e-05              
18      50             -0.0008795021922854973             
1       6              -0.0009104162077223643             
19      28             -0.0010731308634214232             
27      33             -0.0023236111993381048             
2       4              -0.002565069472317383              
8       50             -0.0025849557064596684             
43      50             -0.002731264129458455              
9       33             -0.0030389423793250048             
30      46             -0.0033589922303505215             
14      33             -0.003817648795733042              
4       41             -0.004509964375120634              
39      55             -0.0054241792114221865             
1       31             -0.006489011481703                 
8       51             -0.0067873248089521665             
3       42             -0.006874775201879291              
45      47             -0.008032335888465025              
18      49             -0.008588861908852996              
39      48             -0.008969293587224425              
2       5              -0.00928641875220415               
5       41             -0.00949422895045704               
25      45             -0.010174574836849387              
12      45             -0.010174574836850497              
2       46             -0.010200604762179155              
11      52             -0.010413083943713042              
13      52             -0.010413083943713541              
26      52             -0.010413083943713902              
23      52             -0.010413083943714208              
24      52             -0.010413083943714208              
16      52             -0.01041308394371429               
2       40             -0.010422938387785907              
2       45             -0.010737666543994218              
27      46             -0.011028473245484172              
23      53             -0.012011752684328858              
26      53             -0.01201175268432908               
24      53             -0.012011752684329441              
13      53             -0.01201175268432994               
11      53             -0.01201175268432994               
16      53             -0.012011752684329968              
20      47             -0.012074926444082257              
36      49             -0.012470011243905815              
35      50             -0.012769052737527209              
3       43             -0.012877933715485956              
19      31             -0.014982411571095033              
27      36             -0.01501590986054524               
1       32             -0.015152307710482038              
6       50             -0.016132230955470117              
25      41             -0.01653724247187416               
12      41             -0.01653724247187449               
44      54             -0.016743328655153877              
1       53             -0.017588709811955483              
8       14             -0.017972095725497628              
4       53             -0.017990426462659248              
33      36             -0.018266383595788194              
45      53             -0.01835602366332842               
2       3              -0.01841896042733887               
30      40             -0.018799626017643012              
40      48             -0.019031620645016595              
40      47             -0.01919571921439317               
1       30             -0.01933317810350521               
6       33             -0.019372998768927285              
30      35             -0.01947304907685321               
48      49             -0.021236111273011088              
29      50             -0.02178583177943061               
35      45             -0.02190303184297987               
6       36             -0.022432084042524614              
28      32             -0.022677602553999976              
2       47             -0.022907433467887983              
7       39             -0.023361169434581386              
18      36             -0.023441115034650517              
36      45             -0.02344419329156197               
27      43             -0.02347908409525945               
18      20             -0.023952933084198547              
4       8              -0.02406993967894555               
7       38             -0.024778328130055538              
22      40             -0.025085238154340356              
39      49             -0.025952414076980596              
33      54             -0.02640330876600694               
38      51             -0.027045241835032652              
34      41             -0.027420939371273323              
15      41             -0.0278062873275855                
1       49             -0.028227317275016095              
18      43             -0.02828919034653604               
14      27             -0.028384010456461828              
1       41             -0.028410981730388307              
1       55             -0.028508287773086033              
15      21             -0.028638619458189574              
10      52             -0.02875865271305278               
7       21             -0.02876964588513964               
7       43             -0.028820286969415077              
31      34             -0.029043285443771327              
8       44             -0.029258405815288158              
3       40             -0.0296260080756785                
20      48             -0.03016667850032939               
5       36             -0.03028022446711115               
33      53             -0.03192697013217349               
15      39             -0.032516394388814124              
18      40             -0.03285891826010731               
5       7              -0.03462371301353118               
14      20             -0.03496986381738748               
21      39             -0.03529756264602668               
36      40             -0.035326207649243296              
2       33             -0.03573446581416273               
29      36             -0.03610207500668661               
36      54             -0.036427804307407774              
28      54             -0.03693201997625406               
35      41             -0.037317274229527186              
31      36             -0.037934112275200604              
6       37             -0.03798073350804898               
1       45             -0.038685812429207794              
49      53             -0.038776768137594175              
33      50             -0.03905072836330692               
18      39             -0.03950590554159522               
35      46             -0.0395214435313207                
21      44             -0.04054726845119283               
8       17             -0.04101039709709531               
2       50             -0.041089571813898496              
11      17             -0.04178973529828059               
17      24             -0.041789735298280783              
17      26             -0.04178973529828087               
16      17             -0.04178973529828098               
17      23             -0.04178973529828103               
13      17             -0.04178973529828112               
42      44             -0.04235944035989714               
1       42             -0.043026063980211804              
47      49             -0.04525773588822657               
31      35             -0.04565006892193191               
14      52             -0.046811142508521086              
19      55             -0.04743584556731434               
27      38             -0.04779550533752275               
15      20             -0.04855192354707463               
17      22             -0.04867179005320127               
1       20             -0.04877536354586656               
15      43             -0.049181373929776395              
22      29             -0.04934002874385346               
10      50             -0.049585183103737995              
18      52             -0.05016927717613212               
34      55             -0.050499136297221636              
5       20             -0.050542031818498645              
39      40             -0.051450371589499666              
4       48             -0.052993922936429017              
2       6              -0.053523088887010184              
7       36             -0.05357897894625907               
20      31             -0.05364160153402786               
15      55             -0.05426976585452303               
9       36             -0.05449625296366961               
20      22             -0.05456747139544632               
36      44             -0.05461385742222957               
22      47             -0.0546419152223388                
17      20             -0.05465077620037673               
30      47             -0.054652765005388626              
14      32             -0.05502399627082705               
33      52             -0.055435066542903866              
25      40             -0.0558171222191651                
12      40             -0.05581712221916549               
22      39             -0.05596152226754786               
15      44             -0.05624196818202307               
34      44             -0.056281077874415664              
40      53             -0.0564227988110618                
5       50             -0.05659834053903323               
20      35             -0.057125172477742236              
21      31             -0.057561244727876604              
12      48             -0.057708805866464985              
25      48             -0.057708805866467094              
6       12             -0.05774958639960592               
6       25             -0.057749586399606145              
3       22             -0.05856880682527327               
36      41             -0.059009555195745356              
5       29             -0.05916209572144138               
5       14             -0.05934391345889323               
33      44             -0.05939238291842713               
3       32             -0.059847088126839476              
40      50             -0.060795970799130045              
5       22             -0.061225913183212965              
23      37             -0.06163703823400199               
13      37             -0.0616370382340026                
26      37             -0.06163703823400274               
24      37             -0.06163703823400293               
11      37             -0.06163703823400313               
16      37             -0.06163703823400371               
17      49             -0.06188276010349064               
7       14             -0.06225962585210787               
1       40             -0.06253424712724323               
10      46             -0.06255851225745879               
14      54             -0.06280232292416738               
37      47             -0.0628896515567744                
29      44             -0.06292706579906832               
36      53             -0.06300651423527642               
10      29             -0.06339331107545365               
21      48             -0.06369485495913879               
22      55             -0.06448527251738781               
44      50             -0.06452024617153274               
25      38             -0.06487031006953708               
12      38             -0.06487031006953731               
35      40             -0.06488213492687409               
20      36             -0.06498342767599655               
20      46             -0.06551108651179999               
8       41             -0.06590428522064695               
27      34             -0.06620001737224324               
50      55             -0.0674208823333789                
28      42             -0.06832669333139163               
14      44             -0.06836840021191956               
43      53             -0.06912261223603233               
39      50             -0.06929103563475619               
1       48             -0.07018335787785765               
48      50             -0.07037966740092658               
28      29             -0.07046101637213875               
17      19             -0.07101269808422572               
20      53             -0.07114881136994378               
33      51             -0.07135803167112087               
15      18             -0.0730863953995523                
33      39             -0.07315209124096467               
20      42             -0.07323029469535264               
10      37             -0.07355859676872745               
19      39             -0.0742241151221481                
36      55             -0.07443656315905009               
28      40             -0.07523910697465025               
9       22             -0.07652536071085314               
4       44             -0.07685854722477342               
43      48             -0.07689777628054939               
21      50             -0.07722176194949637               
42      45             -0.07810078866285702               
3       35             -0.0791214732420557                
18      37             -0.07972072163602845               
1       44             -0.0797993072362749                
3       31             -0.08045200020387422               
9       48             -0.08136350435610745               
35      54             -0.08151594408116952               
29      41             -0.08169100730059409               
41      49             -0.08268275318185031               
22      41             -0.08321557133020846               
17      38             -0.08358309681048381               
2       20             -0.08360823877972026               
5       39             -0.08378752126601224               
4       39             -0.0838058343218131                
32      36             -0.0840063639661569                
15      50             -0.08414054723215031               
27      29             -0.08478120976314751               
30      45             -0.08484572796750384               
21      32             -0.08490672988291875               
38      45             -0.08491266137057502               
12      55             -0.08503829456822315               
25      55             -0.0850382945682232                
39      41             -0.08514614924330577               
3       5              -0.08577861175482193               
17      40             -0.08589528981163813               
2       29             -0.08610381665643863               
14      39             -0.08629701831173289               
27      49             -0.08713139403830206               
12      35             -0.08780439465732903               
25      35             -0.08780439465732953               
7       41             -0.08810563512630099               
41      42             -0.08810611321878348               
18      30             -0.08887644357433483               
50      53             -0.08998248951777577               
44      52             -0.09014204047518076               
2       38             -0.09026170076550505               
15      32             -0.09067462511920715               
27      40             -0.09079597591836602               
41      48             -0.09104271833641941               
1       46             -0.09154174835073597               
22      44             -0.09155681442671912               
10      32             -0.09170502688763926               
14      48             -0.09211098308478954               
7       30             -0.09253886143724366               
17      39             -0.09292590201870721               
18      44             -0.09298439481740159               
18      29             -0.09329473876203026               
42      51             -0.09654657130493205               
9       27             -0.09738968442958684               
6       43             -0.09779458298972277               
4       30             -0.09813417463408936               
10      45             -0.09861448123630695               
2       41             -0.09890955705899762               
17      28             -0.09948304644937928               
25      28             -0.09971465945344249               
12      28             -0.09971465945344254               
30      48             -0.09997008765487364               
10      15             -0.10011922318402472               
29      53             -0.10046061797423733               
14      28             -0.10048579064208196               
32      42             -0.1005460265424778                
36      39             -0.10059801824138431               
7       51             -0.10082528067332286               
22      43             -0.10090026446419159               
23      42             -0.10136355003059491               
24      42             -0.101363550030595                 
26      42             -0.10136355003059533               
16      42             -0.10136355003059591               
13      42             -0.101363550030596                 
11      42             -0.10136355003059613               
22      32             -0.1014318618812809                
43      52             -0.10253659620350797               
30      32             -0.10284897230628731               
19      54             -0.10315248634442553               
34      40             -0.10533313559705593               
25      39             -0.10559372489297411               
12      39             -0.1055937248929743                
28      46             -0.10575190055458228               
6       47             -0.1063489506047075                
22      38             -0.10649622380478907               
40      46             -0.10736485408733173               
2       55             -0.1075132451236456                
32      49             -0.10780177212727851               
9       16             -0.10871934062535982               
9       24             -0.10871934062535998               
9       26             -0.10871934062536004               
9       23             -0.10871934062536012               
9       13             -0.10871934062536023               
9       11             -0.10871934062536034               
46      55             -0.10880996506622465               
7       12             -0.10909128870903934               
7       25             -0.10909128870904011               
41      53             -0.10936077377702763               
38      43             -0.1094555950259557                
20      38             -0.10996617578222315               
22      50             -0.11001949539796163               
6       44             -0.11017905503018116               
4       46             -0.11028650488180952               
3       12             -0.11080793309515086               
3       25             -0.11080793309515102               
22      37             -0.11100193288087423               
21      54             -0.111914131109984                 
34      49             -0.11213728687846503               
2       48             -0.1134304469649835                
4       52             -0.11353926855642804               
35      55             -0.11410726840202737               
5       21             -0.11411897067256438               
29      34             -0.11477777594023764               
14      15             -0.11521658276852192               
5       42             -0.11530337303423399               
45      52             -0.11563780921406605               
44      46             -0.11612724378060013               
28      44             -0.11680531543365774               
38      47             -0.11791394738552335               
29      33             -0.11828657055971914               
9       41             -0.11847843371515576               
9       44             -0.11875546604908938               
35      48             -0.11887070704733593               
19      27             -0.11928550101585278               
14      37             -0.11994939613827815               
15      53             -0.1208051726296234                
7       48             -0.12122695120235932               
14      50             -0.12129126804719037               
2       36             -0.12165955973714473               
31      46             -0.12224731969115682               
5       53             -0.12271706611689137               
17      45             -0.12271777768766381               
8       31             -0.12338592370490808               
18      38             -0.12408527168924688               
6       21             -0.12414594186421918               
6       15             -0.12444731681098409               
17      52             -0.12450793849548114               
21      22             -0.12482646945792286               
7       11             -0.12488657333014583               
7       24             -0.12488657333014583               
7       26             -0.12488657333014583               
7       23             -0.12488657333014594               
7       16             -0.12488657333014605               
7       13             -0.1248865733301461                
12      50             -0.1262879061376263                
25      50             -0.12628790613762686               
29      45             -0.1263527580762582                
46      48             -0.1266163841290022                
18      21             -0.1268307515079868                
38      48             -0.12716165910323696               
10      39             -0.1276273864505087                
27      51             -0.12763366407738463               
6       55             -0.12764986255842892               
31      40             -0.12825212906724304               
18      35             -0.12848142241885924               
13      19             -0.12853091806151754               
11      19             -0.12853091806151784               
16      19             -0.12853091806151817               
19      24             -0.12853091806151826               
19      26             -0.12853091806151837               
19      23             -0.12853091806151848               
19      36             -0.1286332024688071                
6       28             -0.12867085062865946               
28      43             -0.1287323111241344                
44      51             -0.12886278796431938               
36      43             -0.1301381117046574                
13      28             -0.13038206857035461               
11      28             -0.13038206857035461               
24      28             -0.13038206857035464               
26      28             -0.13038206857035464               
23      28             -0.13038206857035478               
16      28             -0.13038206857035517               
18      48             -0.1311953625272059                
17      21             -0.1312734184421086                
21      53             -0.13127601531857977               
4       36             -0.13148462936951777               
23      41             -0.13149918040175                  
24      41             -0.13149918040175002               
26      41             -0.13149918040175013               
13      41             -0.13149918040175057               
11      41             -0.13149918040175063               
16      41             -0.13149918040175085               
7       44             -0.13183660953927023               
12      30             -0.13197191181585088               
25      30             -0.1319719118158511                
30      37             -0.13249414009072147               
4       49             -0.13252775759196925               
8       24             -0.13264706491476308               
8       26             -0.1326470649147631                
8       23             -0.1326470649147633                
8       16             -0.1326470649147635                
8       11             -0.1326470649147641                
8       13             -0.13264706491476438               
31      49             -0.13289447287369024               
2       21             -0.1329592065738188                
1       50             -0.13302119797138628               
19      38             -0.13308792603071185               
15      36             -0.13315173299932737               
1       39             -0.1337649675992985                
33      49             -0.1338985101678759                
4       51             -0.13396525443445817               
36      50             -0.13524676527286122               
6       42             -0.13648445093500328               
15      37             -0.13685218359105844               
28      47             -0.13762175991376685               
39      54             -0.13780725112575665               
32      51             -0.13788147341520252               
29      40             -0.13794008669991004               
25      31             -0.13850874917333855               
12      31             -0.138508749173339                 
15      52             -0.13868961392218504               
10      28             -0.1389642431143271                
18      41             -0.13919500154604741               
2       52             -0.13958673504668917               
23      27             -0.1397696971812579                
24      27             -0.13976969718125792               
26      27             -0.139769697181258                 
11      27             -0.13976969718125823               
16      27             -0.1397696971812583                
13      27             -0.13976969718125845               
4       22             -0.13977131637782542               
17      51             -0.1406329510987787                
31      48             -0.14071888851681497               
29      43             -0.14107157542915894               
19      35             -0.14211176577830315               
20      52             -0.14235440586531384               
32      41             -0.14246595640420157               
15      38             -0.14337775256300583               
42      50             -0.14372716621702086               
28      37             -0.143849254540162                 
3       17             -0.14425565039873517               
15      47             -0.14456413962346798               
14      43             -0.14474988811720751               
21      28             -0.1450940922076121                
36      46             -0.14559069905053176               
24      51             -0.14598063301226022               
23      51             -0.1459806330122604                
11      51             -0.1459806330122608                
26      51             -0.14598063301226083               
16      51             -0.145980633012261                 
13      51             -0.14598063301226158               
8       40             -0.1463267417093802                
49      54             -0.1468618608817911                
22      28             -0.14688778444864464               
45      51             -0.1471167219614856                
21      46             -0.14783388816722337               
26      54             -0.14800587840639903               
11      54             -0.14800587840639923               
23      54             -0.14800587840639978               
24      54             -0.14800587840639987               
16      54             -0.1480058784064                   
13      54             -0.14800587840640012               
36      48             -0.14835103896882823               
21      29             -0.14840937552687145               
21      35             -0.14853515567109066               
1       10             -0.14886872695511644               
10      43             -0.14894727270730646               
38      40             -0.14953436828014613               
39      53             -0.1496863819295429                
1       15             -0.1499272425108907                
14      18             -0.14994366264317327               
5       18             -0.1513907606202769                
9       14             -0.15145306076048515               
38      55             -0.1520442682543359                
4       9              -0.15244300301064062               
35      47             -0.152680424217514                 
1       22             -0.15430741398981218               
14      22             -0.1543758892399945                
35      38             -0.1543973751348401                
6       40             -0.1555796859730204                
38      53             -0.15564847661024395               
22      36             -0.1558658838340333                
49      51             -0.15630038153035894               
1       2              -0.15673991493562908               
8       33             -0.15687023102277164               
8       12             -0.15712537066384252               
8       25             -0.15712537066384297               
30      53             -0.1576737367375145                
17      41             -0.15817205182013655               
7       45             -0.15869154035730867               
22      42             -0.15970479226148648               
10      48             -0.1603207582056963                
12      36             -0.16173419752679563               
25      36             -0.1617341975267958                
1       54             -0.16229194574123124               
9       20             -0.16284389488768747               
46      50             -0.16284577926872537               
37      48             -0.16285700684722293               
27      44             -0.1628900298414333                
28      49             -0.1638019688824526                
4       29             -0.16443927081625642               
12      14             -0.16480160332840368               
14      25             -0.16480160332840457               
2       12             -0.16540201478278005               
2       25             -0.16540201478278052               
38      50             -0.1659268870421856                
28      48             -0.16604172663265537               
3       55             -0.1661422805119041                
31      50             -0.16624518877022815               
2       17             -0.16681912699497037               
14      46             -0.1669694581146962                
19      50             -0.16776070643258373               
15      17             -0.16870855953411876               
31      42             -0.1687834304973983                
17      50             -0.16913252788516442               
47      55             -0.16937122684104056               
3       24             -0.1697824836229259                
3       26             -0.16978248362292592               
3       23             -0.16978248362292597               
3       16             -0.16978248362292625               
3       13             -0.16978248362292647               
3       11             -0.16978248362292647               
37      45             -0.16996361558252576               
12      32             -0.17007419779137684               
25      32             -0.17007419779137722               
1       43             -0.1704734986897008                
14      17             -0.1710973940123356                
1       19             -0.17150302248044375               
1       12             -0.17170208826997121               
1       25             -0.17170208826997174               
10      24             -0.17237138870550406               
10      26             -0.17237138870550406               
10      16             -0.1723713887055041                
10      23             -0.17237138870550428               
10      11             -0.17237138870550453               
10      13             -0.17237138870550467               
44      53             -0.17256904848743673               
9       49             -0.17320497703965965               
45      54             -0.17333699482309148               
15      42             -0.173704670423119                 
33      46             -0.17478569772992825               
5       40             -0.1751973588895879                
8       38             -0.1762131756040135                
5       17             -0.17623686898897656               
16      32             -0.17654145361533663               
13      32             -0.17654145361533682               
23      32             -0.17654145361533702               
11      32             -0.17654145361533735               
26      32             -0.1765414536153374                
24      32             -0.17654145361533763               
8       30             -0.17759596783741316               
3       20             -0.17767327496370422               
14      19             -0.1780981047245509                
40      52             -0.17967635736620635               
32      46             -0.17967657635892165               
31      51             -0.18007985369278434               
14      34             -0.18017347585196553               
8       49             -0.18046429988313192               
41      55             -0.18053544884074804               
18      32             -0.18114634891837306               
6       39             -0.18278079874314973               
22      51             -0.18303428117470405               
2       34             -0.18332571833857053               
31      45             -0.1836398979003772                
24      29             -0.18394783019654695               
11      29             -0.18394783019654698               
23      29             -0.18394783019654706               
26      29             -0.18394783019654717               
13      29             -0.18394783019654737               
16      29             -0.18394783019654765               
1       35             -0.18442597683197312               
17      27             -0.1845812524396298                
31      43             -0.1845923338012374                
20      32             -0.18466351412324372               
9       19             -0.1851287209927449                
35      36             -0.1854493182398929                
1       4              -0.18655063507373798               
34      37             -0.18660101996526418               
10      44             -0.18686221498887368               
36      51             -0.1877411626142388                
7       55             -0.18804745769085407               
37      40             -0.18965266516053553               
30      44             -0.189683480274088                 
17      48             -0.19090188618609677               
23      34             -0.19163695755729748               
24      34             -0.191636957557298                 
26      34             -0.191636957557298                 
16      34             -0.19163695755729804               
13      34             -0.19163695755729804               
11      34             -0.19163695755729843               
5       15             -0.1924910533935818                
29      46             -0.19263943714048803               
3       49             -0.19322933768838513               
8       39             -0.19350694284279052               
19      45             -0.19377648449677218               
31      53             -0.19405976336826847               
10      35             -0.19445440132808361               
38      44             -0.1946228935633868                
25      37             -0.1952187504321522                
12      37             -0.1952187504321528                
37      55             -0.1955666725990865                
31      55             -0.19568109140128054               
34      46             -0.19672856055131444               
6       24             -0.1969682112623954                
6       26             -0.1969682112623954                
6       23             -0.19696821126239555               
6       16             -0.19696821126239572               
6       11             -0.196968211262396                 
6       13             -0.1969682112623964                
5       26             -0.19803081262318062               
5       24             -0.19803081262318067               
5       16             -0.19803081262318079               
5       11             -0.19803081262318079               
5       23             -0.19803081262318084               
5       13             -0.19803081262318106               
31      54             -0.19821560362899915               
2       28             -0.1985463036147025                
14      51             -0.19860616189127084               
18      22             -0.19896458208827117               
31      52             -0.19925449234609194               
52      55             -0.1993331934382473                
23      43             -0.19950961855027205               
16      43             -0.19950961855027255               
24      43             -0.19950961855027316               
13      43             -0.19950961855027338               
26      43             -0.19950961855027347               
11      43             -0.19950961855027388               
36      52             -0.19987010273412625               
7       40             -0.20164860363756967               
52      53             -0.20273288845630005               
9       31             -0.20319920605278974               
38      39             -0.2037199492714718                
12      17             -0.20424292580385123               
17      25             -0.20424292580385128               
19      32             -0.20437502828326015               
38      46             -0.20445330060123842               
39      42             -0.2045055592823024                
29      39             -0.20491633020994066               
2       42             -0.20510267898410728               
2       18             -0.206791471957964                 
35      53             -0.20711312763329381               
37      41             -0.20781574577578132               
5       45             -0.20785600602883333               
20      34             -0.20790235162184514               
19      53             -0.20817743903781472               
40      51             -0.20877679461881712               
24      33             -0.20895092338724358               
26      33             -0.20895092338724375               
23      33             -0.2089509233872442                
16      33             -0.20895092338724497               
11      33             -0.20895092338724497               
13      33             -0.20895092338724536               
2       10             -0.20944040858836138               
17      36             -0.20963586233281536               
8       46             -0.210489283416404                 
5       25             -0.21064845178845226               
5       12             -0.21064845178845237               
48      53             -0.21090238429071967               
3       45             -0.21262889792081596               
32      40             -0.21284594885556615               
19      44             -0.21325860092602467               
5       49             -0.2134276416964222                
37      53             -0.21351670528725142               
4       42             -0.21387083296415216               
5       55             -0.2140888330759415                
42      49             -0.2143391070109821                
3       29             -0.21483542471943146               
18      19             -0.21549961267216405               
3       54             -0.2171261399049882                
5       8              -0.21719353959029764               
4       45             -0.2179063260092251                
14      53             -0.21812227270630039               
22      30             -0.21852205211926273               
3       44             -0.21866985092866498               
4       16             -0.2188999439278988                
4       26             -0.21889994392789885               
4       24             -0.21889994392789885               
4       23             -0.21889994392789913               
4       13             -0.2188999439278993                
4       11             -0.2188999439278998                
24      30             -0.21940626906221933               
13      30             -0.21940626906221958               
26      30             -0.2194062690622196                
23      30             -0.21940626906221977               
16      30             -0.21940626906221988               
11      30             -0.21940626906221997               
10      49             -0.21977186984493136               
7       9              -0.2199860972058998                
31      39             -0.22049317841696336               
6       49             -0.22107846091956448               
4       55             -0.22177005997693622               
16      31             -0.2232603661588312                
13      31             -0.22326036615883127               
26      31             -0.2232603661588313                
11      31             -0.22326036615883135               
23      31             -0.22326036615883144               
24      31             -0.22326036615883144               
29      49             -0.22344413928916393               
28      35             -0.22347702342018516               
43      46             -0.2241694072693884                
34      45             -0.22476247929557472               
28      39             -0.22478949213787328               
17      47             -0.22484664820675976               
3       47             -0.22644383082509417               
5       34             -0.22951256513850293               
7       49             -0.23019316814380048               
15      54             -0.2336943564299462                
38      52             -0.23374873257558476               
36      37             -0.23415530486428693               
34      39             -0.23469419293653077               
10      17             -0.23485128422067497               
20      27             -0.23708325795221694               
15      51             -0.23722481899400366               
4       47             -0.23804242698803013               
33      55             -0.23882570766003205               
7       47             -0.2395964144699938                
5       19             -0.23989683248882498               
3       15             -0.2401934321580227                
25      54             -0.2411497090393384                
12      54             -0.2411497090393384                
9       34             -0.2412125848986979                
1       17             -0.24285624616579468               
32      33             -0.24333596703771154               
32      53             -0.24493788041307457               
3       8              -0.24496131352780098               
15      33             -0.2473567116365224                
51      54             -0.24785347978641448               
19      20             -0.24865851104383588               
12      29             -0.2494060199962035                
25      29             -0.24940601999620388               
8       52             -0.24956316473041157               
2       9              -0.25001450402745357               
22      53             -0.2504378318199635                
3       14             -0.25053044389626256               
33      45             -0.2507122208669348                
4       43             -0.2532683711190383                
28      52             -0.2534476951992645                
9       15             -0.25401768949397346               
51      55             -0.2542118087139201                
8       47             -0.25485541469324063               
32      45             -0.2557144287923586                
12      52             -0.25626951140832527               
25      52             -0.25626951140832543               
2       53             -0.2569109867541722                
3       39             -0.257504802369832                 
7       46             -0.25754351844896123               
36      47             -0.25769619674095423               
27      52             -0.25898324804245604               
18      31             -0.2600661424826101                
20      37             -0.2640339130058958                
30      49             -0.2704084118874277                
15      28             -0.2710876245108042                
41      44             -0.27304823869634054               
1       37             -0.2747809787389277                
37      42             -0.2754327988885965                
20      43             -0.2756581918709584                
33      40             -0.27627585248784003               
9       35             -0.27688277096682035               
42      46             -0.2773953121888104                
4       15             -0.27866413747636287               
30      51             -0.27952455899001727               
22      54             -0.2823579462829534                
21      43             -0.2831787852877623                
3       50             -0.28375022997734245               
7       15             -0.2850460204263927                
4       40             -0.28761112283412626               
27      37             -0.29217310427343895               
37      38             -0.2927103954421211                
21      27             -0.29290565575262967               
27      50             -0.29294379620436806               
32      55             -0.2933115087149498                
46      51             -0.294187177497976                 
20      54             -0.29675068340250166               
33      47             -0.2999589424636947                
20      51             -0.3011621526520386                
19      21             -0.3014030950501796                
12      34             -0.3017645204683402                
25      34             -0.3017645204683405                
10      21             -0.30381829517603925               
5       27             -0.30571129576523304               
8       21             -0.30612165814601844               
30      38             -0.3087669499312868                
7       18             -0.30896858954826456               
34      50             -0.3091793990487923                
8       10             -0.30936476755507647               
34      47             -0.3130007778824977                
28      50             -0.3144204813858337                
48      54             -0.31472437130894215               
1       47             -0.3189404619037809                
28      41             -0.31909516736833937               
9       50             -0.3195133595799521                
18      33             -0.324326305282732                 
1       27             -0.3252188084126296                
30      42             -0.32561887527687167               
6       48             -0.33020125460241145               
21      34             -0.33130590565948714               
3       9              -0.3324579197657818                
27      48             -0.333750935146337                 
34      35             -0.3348249689993381                
10      51             -0.33553142878983067               
19      42             -0.33716155604068504               
3       27             -0.3404885234659407                
4       18             -0.34055740200137286               
52      54             -0.3408931360161263                
2       7              -0.3422078182143855                
5       33             -0.3485244242309164                
4       21             -0.34975146569786414               
14      29             -0.3522859284467259                
27      47             -0.3526578045928689                
6       35             -0.35631477359968167               
33      43             -0.3634647210299544                
6       53             -0.3665644147346372                
6       9              -0.36846314695833493               
6       22             -0.3687531963933779                
6       18             -0.3794634610101487                
10      47             -0.3886216645142628                
8       32             -0.39315153363648797               
47      54             -0.4240448915932172                
7       35             -0.4293182540056002                
