#======================================================================
# PARAMETERS USED FOR THIS COMPUTATION: 
#      Sequence type: RNA
#      Total number of sequences in alignment data: 3
#      Length of sequences in alignment data: 55
#      Effective number of sequences: 2.0
#      Value of sequence identity: 0.8
#      Value of relative pseudocount: 0.5
# The First and Second columns represent sites and the
# Third column is MFDCA Frobenius norm, average product corrected (APC) DCA score
#======================================================================
34      37             2.0496956166082145                 
27      33             0.12926585590596706                
27      45             0.129265855905967                  
27      48             0.1292658559059669                 
27      36             0.12926585590596684                
16      45             0.12926585590596676                
16      48             0.1292658559059667                 
26      45             0.12926585590596668                
16      33             0.12926585590596665                
26      48             0.12926585590596662                
16      36             0.1292658559059666                 
26      33             0.12926585590596656                
26      36             0.1292658559059665                 
14      33             0.12926585590596645                
15      45             0.12926585590596631                
14      45             0.1292658559059663                 
14      36             0.1292658559059663                 
14      48             0.12926585590596626                
15      48             0.12926585590596626                
15      36             0.12926585590596626                
15      33             0.1292658559059662                 
11      33             0.12926585590596612                
11      36             0.1292658559059661                 
11      45             0.12926585590596607                
11      48             0.12926585590596604                
21      45             0.129265855905966                  
21      36             0.129265855905966                  
21      33             0.12926585590596584                
21      48             0.1292658559059658                 
3       30             0.12926585590596562                
5       33             0.12926585590596545                
14      21             0.12926585590596537                
3       15             0.12926585590596537                
3       16             0.12926585590596537                
30      46             0.12926585590596534                
3       46             0.1292658559059653                 
14      27             0.12926585590596526                
5       48             0.12926585590596526                
5       36             0.12926585590596526                
4       36             0.12926585590596526                
5       45             0.12926585590596523                
15      27             0.12926585590596523                
14      26             0.12926585590596515                
4       33             0.12926585590596515                
15      26             0.12926585590596512                
15      21             0.12926585590596512                
4       48             0.12926585590596504                
5       16             0.12926585590596504                
3       36             0.12926585590596504                
3       45             0.129265855905965                  
4       45             0.129265855905965                  
45      46             0.129265855905965                  
11      26             0.12926585590596498                
3       33             0.12926585590596498                
36      46             0.12926585590596495                
5       21             0.12926585590596493                
11      21             0.12926585590596493                
16      21             0.1292658559059649                 
33      46             0.1292658559059649                 
11      27             0.12926585590596487                
3       48             0.12926585590596487                
4       16             0.12926585590596487                
21      27             0.12926585590596484                
21      30             0.12926585590596482                
4       15             0.12926585590596476                
21      26             0.12926585590596473                
21      46             0.1292658559059647                 
16      26             0.12926585590596468                
16      27             0.12926585590596468                
5       46             0.12926585590596468                
5       30             0.12926585590596468                
5       27             0.12926585590596465                
26      27             0.1292658559059646                 
5       26             0.1292658559059646                 
5       15             0.1292658559059646                 
4       46             0.12926585590596457                
4       30             0.12926585590596457                
4       21             0.12926585590596448                
11      14             0.12926585590596443                
4       27             0.12926585590596432                
4       26             0.12926585590596426                
4       11             0.12926585590596423                
11      16             0.1292658559059642                 
3       21             0.12926585590596415                
5       11             0.12926585590596407                
11      15             0.12926585590596404                
3       5              0.129265855905964                  
11      46             0.129265855905964                  
11      30             0.129265855905964                  
3       26             0.12926585590596398                
4       14             0.12926585590596398                
3       27             0.12926585590596393                
27      30             0.1292658559059639                 
14      15             0.1292658559059638                 
3       11             0.12926585590596373                
26      30             0.12926585590596373                
14      16             0.12926585590596368                
5       14             0.12926585590596365                
27      46             0.12926585590596365                
15      30             0.12926585590596365                
16      30             0.1292658559059636                 
14      46             0.12926585590596357                
15      46             0.12926585590596357                
14      30             0.12926585590596357                
3       4              0.1292658559059635                 
15      16             0.12926585590596348                
16      46             0.12926585590596346                
26      46             0.12926585590596343                
3       14             0.12926585590596326                
4       5              0.12926585590596312                
30      36             0.12926585590596293                
30      33             0.1292658559059627                 
30      48             0.12926585590596254                
30      45             0.12926585590596248                
46      48             0.12926585590596243                
33      36             0.12926585590596232                
45      48             0.12926585590596204                
36      48             0.12926585590596204                
33      48             0.12926585590596193                
36      45             0.12926585590596187                
33      45             0.12926585590596176                
30      37             0.10329218624854689                
37      46             0.10329218624854647                
36      37             0.10329218624854603                
3       37             0.103292186248546                  
33      37             0.10329218624854597                
5       37             0.10329218624854533                
4       37             0.10329218624854528                
21      37             0.10329218624854503                
11      37             0.10329218624854422                
27      37             0.10329218624854408                
16      37             0.10329218624854403                
14      37             0.10329218624854383                
26      37             0.1032921862485438                 
15      37             0.10329218624854375                
37      45             0.10329218624854328                
37      48             0.10329218624854325                
18      22             0.02898392066234981                
22      25             0.028983920662349727               
22      23             0.02898392066234956                
38      42             0.02898392066234945                
18      20             0.028983920662349366               
17      22             0.028983920662349366               
18      19             0.02898392066234934                
22      24             0.02898392066234931                
22      28             0.02898392066234931                
38      47             0.02898392066234931                
10      13             0.028983920662349227               
10      12             0.0289839206623492                 
18      25             0.028983920662349172               
38      53             0.028983920662349172               
18      28             0.028983920662349116               
38      49             0.028983920662349116               
38      55             0.028983920662349116               
38      51             0.02898392066234906                
38      50             0.028983920662349033               
38      52             0.028983920662349033               
38      54             0.028983920662349005               
17      25             0.028983920662348978               
18      23             0.02898392066234895                
42      47             0.028983920662348922               
18      24             0.02898392066234884                
17      20             0.02898392066234884                
17      18             0.028983920662348783               
17      19             0.028983920662348756               
42      55             0.0289839206623487                 
17      28             0.028983920662348672               
42      51             0.028983920662348672               
42      53             0.028983920662348645               
42      50             0.028983920662348645               
42      49             0.028983920662348617               
42      54             0.028983920662348617               
17      23             0.02898392066234859                
47      55             0.02898392066234859                
42      52             0.02898392066234859                
52      55             0.02898392066234856                
47      50             0.02898392066234856                
17      24             0.028983920662348533               
47      51             0.028983920662348533               
47      53             0.028983920662348533               
51      53             0.028983920662348506               
50      53             0.028983920662348506               
51      55             0.028983920662348506               
47      49             0.028983920662348506               
47      54             0.028983920662348506               
52      53             0.028983920662348478               
49      50             0.028983920662348478               
49      52             0.028983920662348478               
49      55             0.028983920662348478               
53      55             0.028983920662348478               
54      55             0.028983920662348478               
47      52             0.028983920662348478               
50      51             0.02898392066234845                
51      52             0.02898392066234845                
50      52             0.02898392066234845                
50      55             0.02898392066234845                
49      51             0.028983920662348422               
49      53             0.028983920662348422               
51      54             0.028983920662348422               
53      54             0.028983920662348422               
50      54             0.028983920662348395               
52      54             0.028983920662348395               
49      54             0.02898392066234834                
32      38             0.02898392066234784                
29      38             0.028983920662347812               
31      38             0.028983920662347784               
35      38             0.028983920662347756               
7       8              0.02898392066234773                
6       8              0.028983920662347534               
44      47             0.028983920662347534               
39      42             0.028983920662347507               
40      42             0.028983920662347507               
41      42             0.028983920662347507               
43      47             0.02898392066234748                
31      42             0.02898392066234745                
32      42             0.028983920662347396               
35      42             0.028983920662347368               
39      47             0.02898392066234734                
40      47             0.02898392066234734                
41      47             0.02898392066234734                
31      47             0.028983920662347284               
43      49             0.028983920662347257               
29      42             0.028983920662347257               
29      47             0.02898392066234723                
32      47             0.02898392066234723                
35      47             0.02898392066234723                
43      53             0.0289839206623472                 
43      50             0.0289839206623472                 
44      49             0.028983920662347173               
44      51             0.028983920662347173               
44      53             0.028983920662347173               
43      52             0.028983920662347173               
43      55             0.028983920662347173               
44      50             0.028983920662347173               
44      55             0.028983920662347173               
39      53             0.028983920662347146               
44      52             0.028983920662347146               
39      55             0.028983920662347118               
40      55             0.028983920662347118               
41      55             0.028983920662347118               
43      51             0.028983920662347118               
43      54             0.028983920662347118               
1       2              0.028983920662347118               
40      50             0.02898392066234709                
41      50             0.02898392066234709                
44      54             0.02898392066234709                
39      51             0.028983920662347062               
40      49             0.028983920662347062               
40      54             0.028983920662347062               
41      54             0.028983920662347062               
39      52             0.028983920662347062               
29      55             0.028983920662347035               
31      50             0.028983920662347035               
31      55             0.028983920662347035               
41      49             0.028983920662347035               
32      51             0.028983920662347007               
31      49             0.028983920662347007               
29      50             0.028983920662347007               
32      50             0.028983920662347007               
32      55             0.028983920662347007               
39      49             0.028983920662347007               
39      54             0.028983920662347007               
40      51             0.028983920662347007               
40      53             0.028983920662347007               
41      51             0.028983920662347007               
41      53             0.028983920662347007               
39      50             0.028983920662347007               
40      52             0.028983920662347007               
41      52             0.028983920662347007               
29      49             0.02898392066234698                
29      53             0.02898392066234698                
32      49             0.02898392066234698                
31      53             0.02898392066234698                
35      53             0.02898392066234698                
35      55             0.02898392066234698                
29      51             0.02898392066234695                
29      54             0.02898392066234695                
32      53             0.02898392066234695                
32      54             0.02898392066234695                
29      52             0.02898392066234695                
31      52             0.02898392066234695                
31      51             0.028983920662346924               
31      54             0.028983920662346924               
35      49             0.028983920662346924               
35      50             0.028983920662346924               
35      52             0.028983920662346924               
35      51             0.028983920662346896               
32      52             0.028983920662346896               
35      54             0.028983920662346868               
6       9              0.028983920662346757               
19      43             0.028983920662346563               
19      44             0.028983920662346507               
19      40             0.02898392066234648                
19      41             0.02898392066234648                
19      29             0.028983920662346424               
19      31             0.028983920662346396               
19      39             0.028983920662346396               
1       12             0.028983920662346396               
19      32             0.02898392066234634                
19      35             0.028983920662346258               
2       7              0.02898392066234584                
1       13             0.028983920662345786               
2       22             0.028983920662345758               
1       22             0.028983920662345758               
1       6              0.028983920662345564               
8       13             0.028983920662345508               
2       25             0.028983920662345508               
2       13             0.02898392066234548                
13      44             0.028983920662345425               
6       39             0.028983920662345397               
6       44             0.028983920662345397               
13      43             0.02898392066234537                
6       43             0.02898392066234537                
1       18             0.02898392066234537                
1       20             0.02898392066234534                
13      41             0.028983920662345314               
6       41             0.028983920662345314               
13      29             0.028983920662345286               
6       7              0.028983920662345286               
1       17             0.028983920662345286               
2       20             0.028983920662345286               
13      40             0.02898392066234526                
1       7              0.02898392066234526                
13      35             0.02898392066234523                
13      39             0.02898392066234523                
2       12             0.02898392066234523                
1       19             0.02898392066234523                
13      32             0.028983920662345203               
2       28             0.028983920662345203               
6       40             0.028983920662345203               
2       18             0.028983920662345203               
1       25             0.028983920662345203               
23      44             0.028983920662345175               
2       17             0.028983920662345147               
13      31             0.02898392066234512                
23      43             0.02898392066234512                
23      35             0.028983920662345092               
23      41             0.028983920662345092               
6       35             0.028983920662345092               
12      44             0.028983920662345036               
6       31             0.028983920662345036               
2       19             0.028983920662345036               
7       9              0.028983920662345036               
23      40             0.02898392066234501                
6       32             0.02898392066234501                
1       24             0.02898392066234501                
1       23             0.02898392066234501                
23      29             0.02898392066234498                
12      43             0.02898392066234498                
1       28             0.02898392066234498                
2       23             0.028983920662344953               
2       24             0.028983920662344898               
23      39             0.02898392066234487                
12      35             0.028983920662344842               
12      41             0.028983920662344842               
6       29             0.028983920662344842               
2       8              0.028983920662344842               
20      43             0.028983920662344814               
20      44             0.028983920662344814               
8       12             0.028983920662344786               
12      31             0.02898392066234476                
12      40             0.02898392066234476                
23      32             0.02898392066234473                
6       10             0.02898392066234473                
23      31             0.028983920662344703               
12      39             0.028983920662344703               
20      41             0.028983920662344703               
12      29             0.028983920662344675               
12      32             0.028983920662344675               
20      40             0.028983920662344675               
20      29             0.02898392066234462                
20      35             0.028983920662344564               
18      39             0.028983920662344564               
20      31             0.02898392066234448                
24      43             0.028983920662344426               
9       43             0.028983920662344426               
9       44             0.028983920662344426               
7       10             0.028983920662344426               
24      44             0.028983920662344398               
8       22             0.028983920662344398               
20      39             0.02898392066234437                
18      43             0.02898392066234437                
10      44             0.02898392066234437                
20      32             0.028983920662344342               
9       40             0.028983920662344342               
18      44             0.028983920662344315               
8       20             0.028983920662344315               
10      43             0.028983920662344315               
20      22             0.028983920662344315               
9       10             0.028983920662344315               
24      40             0.028983920662344287               
24      41             0.028983920662344287               
10      41             0.02898392066234426                
24      39             0.02898392066234423                
9       12             0.02898392066234423                
9       13             0.028983920662344204               
10      40             0.028983920662344204               
9       39             0.028983920662344204               
9       41             0.028983920662344204               
24      35             0.028983920662344176               
7       39             0.028983920662344176               
9       35             0.028983920662344176               
18      40             0.028983920662344148               
18      41             0.028983920662344148               
10      39             0.028983920662344148               
25      28             0.02898392066234412                
18      35             0.02898392066234412                
10      35             0.02898392066234412                
10      31             0.028983920662344093               
9       29             0.028983920662344093               
9       31             0.028983920662344093               
7       22             0.028983920662344093               
24      29             0.028983920662344065               
18      31             0.028983920662344065               
9       32             0.028983920662344065               
24      31             0.028983920662344037               
10      29             0.028983920662344037               
10      32             0.028983920662344037               
7       43             0.028983920662344037               
7       44             0.028983920662344037               
20      25             0.028983920662344037               
24      32             0.02898392066234401                
7       35             0.02898392066234401                
8       25             0.02898392066234401                
7       41             0.02898392066234398                
7       40             0.028983920662343926               
7       25             0.028983920662343926               
2       9              0.028983920662343926               
18      32             0.0289839206623439                 
7       31             0.02898392066234387                
18      29             0.028983920662343843               
22      39             0.028983920662343843               
7       32             0.028983920662343815               
7       18             0.028983920662343815               
8       17             0.028983920662343815               
22      44             0.028983920662343815               
20      23             0.028983920662343787               
8       19             0.028983920662343787               
8       18             0.028983920662343787               
22      43             0.02898392066234376                
6       22             0.02898392066234376                
7       20             0.028983920662343732               
20      24             0.028983920662343676               
22      40             0.028983920662343676               
7       29             0.02898392066234365                
8       28             0.02898392066234365                
7       17             0.02898392066234362                
8       9              0.02898392066234362                
20      28             0.028983920662343593               
8       23             0.028983920662343593               
17      39             0.028983920662343593               
22      41             0.028983920662343593               
9       22             0.028983920662343593               
28      44             0.028983920662343565               
12      22             0.028983920662343565               
22      35             0.028983920662343565               
28      43             0.028983920662343537               
8       24             0.028983920662343537               
6       20             0.028983920662343537               
6       25             0.028983920662343537               
10      22             0.028983920662343537               
28      31             0.028983920662343482               
28      39             0.028983920662343482               
28      40             0.028983920662343482               
9       25             0.028983920662343482               
28      32             0.028983920662343454               
28      35             0.028983920662343454               
28      41             0.028983920662343454               
7       28             0.028983920662343454               
6       18             0.028983920662343454               
28      29             0.028983920662343426               
9       20             0.028983920662343426               
6       17             0.028983920662343426               
7       24             0.0289839206623434                 
9       17             0.0289839206623434                 
17      43             0.02898392066234337                
17      44             0.02898392066234337                
6       13             0.02898392066234337                
22      32             0.02898392066234337                
22      31             0.02898392066234337                
12      20             0.028983920662343288               
17      40             0.028983920662343288               
7       13             0.02898392066234326                
17      32             0.02898392066234326                
12      25             0.02898392066234326                
17      41             0.02898392066234326                
6       24             0.02898392066234326                
13      22             0.028983920662343232               
8       43             0.028983920662343232               
8       44             0.028983920662343232               
17      31             0.028983920662343204               
9       18             0.028983920662343204               
13      25             0.028983920662343177               
7       23             0.028983920662343177               
17      35             0.028983920662343177               
10      25             0.028983920662343177               
8       10             0.028983920662343177               
12      17             0.02898392066234315                
7       19             0.02898392066234315                
8       41             0.02898392066234315                
6       12             0.02898392066234315                
8       40             0.02898392066234312                
22      29             0.02898392066234312                
6       28             0.02898392066234312                
8       39             0.028983920662343093               
9       23             0.028983920662343093               
6       19             0.028983920662343093               
13      20             0.028983920662343066               
6       23             0.028983920662343066               
10      20             0.028983920662343066               
13      17             0.028983920662343038               
8       29             0.028983920662343038               
8       31             0.028983920662343038               
10      19             0.028983920662343038               
10      17             0.028983920662343038               
8       32             0.02898392066234301                
8       35             0.02898392066234301                
10      18             0.02898392066234301                
9       28             0.028983920662342955               
12      28             0.028983920662342927               
7       12             0.028983920662342927               
9       24             0.028983920662342927               
1       10             0.028983920662342927               
12      24             0.0289839206623429                 
12      19             0.0289839206623429                 
17      29             0.0289839206623429                 
12      18             0.0289839206623429                 
9       19             0.0289839206623429                 
1       43             0.0289839206623429                 
2       10             0.0289839206623429                 
12      23             0.02898392066234287                
13      18             0.028983920662342844               
23      25             0.028983920662342844               
2       43             0.028983920662342844               
10      28             0.028983920662342816               
2       39             0.028983920662342816               
1       39             0.028983920662342788               
10      23             0.02898392066234276                
2       41             0.02898392066234276                
2       44             0.02898392066234276                
13      28             0.028983920662342733               
2       29             0.028983920662342705               
1       41             0.028983920662342705               
1       44             0.028983920662342705               
2       40             0.028983920662342677               
10      24             0.02898392066234265                
13      19             0.02898392066234262                
1       40             0.02898392066234262                
13      24             0.028983920662342594               
13      23             0.028983920662342594               
23      24             0.02898392066234254                
2       35             0.028983920662342483               
1       32             0.028983920662342455               
2       31             0.028983920662342455               
38      44             0.028983920662342455               
38      41             0.028983920662342427               
24      25             0.0289839206623424                 
25      29             0.0289839206623424                 
2       32             0.0289839206623424                 
25      43             0.028983920662342372               
25      44             0.028983920662342372               
19      22             0.028983920662342372               
38      43             0.028983920662342372               
1       35             0.028983920662342344               
23      28             0.028983920662342316               
1       31             0.028983920662342316               
38      40             0.028983920662342316               
25      31             0.02898392066234229                
1       29             0.02898392066234229                
38      39             0.02898392066234229                
25      32             0.02898392066234226                
25      40             0.02898392066234226                
25      41             0.02898392066234226                
19      25             0.028983920662342233               
25      35             0.028983920662342233               
19      20             0.028983920662342205               
25      39             0.02898392066234215                
24      28             0.028983920662342122               
12      13             0.028983920662342066               
2       6              0.028983920662342066               
42      44             0.028983920662342066               
42      43             0.02898392066234201                
1       8              0.028983920662341983               
1       38             0.028983920662341983               
2       50             0.028983920662341817               
2       55             0.028983920662341817               
19      28             0.02898392066234179                
2       52             0.02898392066234179                
2       38             0.02898392066234179                
2       49             0.02898392066234176                
1       50             0.02898392066234176                
1       55             0.02898392066234176                
1       42             0.02898392066234176                
2       54             0.028983920662341733               
2       42             0.028983920662341733               
2       51             0.028983920662341706               
2       53             0.028983920662341706               
1       51             0.028983920662341706               
1       54             0.028983920662341706               
1       52             0.028983920662341706               
1       49             0.028983920662341678               
19      23             0.02898392066234165                
1       53             0.028983920662341622               
19      24             0.02898392066234154                
1       47             0.02898392066234151                
2       47             0.028983920662341345               
25      38             0.02898392066234126                
1       9              0.028983920662341178               
8       38             0.02898392066234104                
24      38             0.028983920662340845               
25      42             0.028983920662340706               
8       42             0.028983920662340706               
9       38             0.02898392066234065                
25      47             0.028983920662340623               
8       47             0.028983920662340568               
43      44             0.02898392066234054                
39      44             0.028983920662340484               
40      43             0.028983920662340457               
40      44             0.028983920662340457               
41      43             0.028983920662340457               
41      44             0.028983920662340457               
24      42             0.028983920662340457               
12      38             0.028983920662340457               
39      43             0.02898392066234043                
25      53             0.02898392066234043                
8       49             0.02898392066234043                
31      44             0.0289839206623404                 
24      47             0.0289839206623404                 
7       49             0.0289839206623404                 
28      38             0.0289839206623404                 
25      49             0.028983920662340373               
25      55             0.028983920662340373               
10      38             0.028983920662340373               
31      43             0.028983920662340346               
25      50             0.028983920662340346               
8       55             0.028983920662340346               
39      41             0.028983920662340318               
25      51             0.028983920662340318               
13      38             0.028983920662340318               
8       54             0.028983920662340318               
8       50             0.028983920662340318               
8       52             0.028983920662340318               
32      44             0.02898392066234029                
39      40             0.02898392066234029                
35      44             0.02898392066234029                
25      54             0.02898392066234029                
8       51             0.02898392066234029                
8       53             0.02898392066234029                
31      41             0.028983920662340262               
32      43             0.028983920662340262               
40      41             0.028983920662340262               
9       42             0.028983920662340262               
7       38             0.028983920662340262               
32      41             0.028983920662340235               
35      41             0.028983920662340235               
35      43             0.028983920662340235               
28      51             0.028983920662340235               
25      52             0.028983920662340235               
29      43             0.028983920662340207               
28      52             0.028983920662340207               
28      55             0.028983920662340207               
28      42             0.028983920662340207               
7       51             0.028983920662340207               
7       53             0.028983920662340207               
7       54             0.028983920662340207               
9       47             0.028983920662340207               
31      35             0.02898392066234018                
28      49             0.02898392066234018                
28      53             0.02898392066234018                
28      54             0.02898392066234018                
12      42             0.02898392066234018                
7       55             0.02898392066234018                
7       42             0.02898392066234018                
32      35             0.02898392066234015                
31      39             0.02898392066234015                
31      40             0.02898392066234015                
29      44             0.02898392066234015                
7       52             0.02898392066234015                
32      39             0.028983920662340124               
35      39             0.028983920662340124               
28      50             0.028983920662340124               
7       50             0.028983920662340124               
10      42             0.028983920662340124               
29      32             0.028983920662340096               
35      40             0.028983920662340096               
29      41             0.028983920662340068               
32      40             0.028983920662340068               
24      49             0.028983920662340068               
12      47             0.028983920662340068               
6       49             0.028983920662340068               
29      31             0.02898392066234004                
29      40             0.02898392066234004                
24      54             0.02898392066234004                
24      50             0.02898392066234004                
24      55             0.02898392066234004                
29      39             0.028983920662340013               
24      51             0.028983920662340013               
6       38             0.028983920662340013               
24      52             0.028983920662339985               
28      47             0.028983920662339985               
6       51             0.028983920662339985               
6       50             0.028983920662339985               
29      35             0.028983920662339957               
31      32             0.028983920662339957               
24      53             0.028983920662339957               
6       55             0.028983920662339957               
10      47             0.02898392066233993                
6       52             0.02898392066233993                
6       53             0.0289839206623399                 
6       54             0.0289839206623399                 
13      42             0.028983920662339874               
9       50             0.028983920662339874               
9       55             0.028983920662339874               
6       42             0.028983920662339874               
12      53             0.028983920662339846               
12      52             0.028983920662339846               
9       49             0.028983920662339846               
9       51             0.028983920662339846               
9       53             0.028983920662339846               
9       52             0.028983920662339846               
12      49             0.028983920662339818               
12      51             0.028983920662339818               
13      47             0.028983920662339818               
7       47             0.028983920662339818               
12      50             0.02898392066233979                
12      55             0.02898392066233979                
9       54             0.02898392066233979                
10      52             0.028983920662339763               
10      53             0.028983920662339735               
10      54             0.028983920662339707               
10      55             0.028983920662339707               
12      54             0.02898392066233968                
23      38             0.02898392066233968                
10      51             0.02898392066233968                
10      50             0.02898392066233968                
10      49             0.02898392066233957                
20      38             0.028983920662339485               
6       47             0.028983920662339485               
13      49             0.02898392066233943                
13      52             0.02898392066233943                
13      51             0.028983920662339402               
13      50             0.028983920662339402               
13      55             0.028983920662339402               
13      54             0.028983920662339374               
13      53             0.028983920662339346               
23      47             0.028983920662339263               
19      38             0.02898392066233918                
23      42             0.028983920662339097               
20      42             0.02898392066233893                
19      42             0.028983920662338902               
20      47             0.028983920662338902               
17      51             0.028983920662338875               
17      55             0.028983920662338875               
17      50             0.028983920662338847               
17      52             0.028983920662338847               
19      47             0.02898392066233879                
17      53             0.02898392066233879                
17      54             0.02898392066233879                
17      49             0.028983920662338764               
19      51             0.02898392066233868                
19      50             0.02898392066233868                
19      54             0.028983920662338625               
19      52             0.028983920662338625               
19      53             0.028983920662338597               
19      55             0.028983920662338597               
19      49             0.02898392066233857                
23      49             0.028983920662338375               
23      53             0.028983920662338375               
23      54             0.028983920662338375               
23      52             0.028983920662338375               
23      55             0.028983920662338375               
17      42             0.028983920662338375               
23      51             0.028983920662338347               
23      50             0.028983920662338347               
17      38             0.028983920662338347               
20      52             0.02898392066233832                
20      51             0.02898392066233829                
20      53             0.02898392066233829                
20      54             0.02898392066233829                
20      50             0.02898392066233829                
20      55             0.02898392066233829                
20      49             0.028983920662338264               
22      50             0.028983920662338097               
22      49             0.02898392066233807                
22      53             0.02898392066233807                
22      51             0.028983920662338042               
22      54             0.028983920662338042               
22      55             0.028983920662338014               
22      52             0.028983920662337986               
17      47             0.028983920662337875               
22      42             0.02898392066233782                
22      38             0.02898392066233782                
18      49             0.02898392066233757                
18      50             0.02898392066233757                
18      52             0.02898392066233757                
18      55             0.028983920662337542               
18      51             0.028983920662337515               
18      53             0.028983920662337487               
18      54             0.02898392066233743                
22      47             0.028983920662337403               
18      42             0.02898392066233721                
18      38             0.02898392066233718                
18      47             0.028983920662336682               
11      34             -0.008495079948428241              
5       34             -0.008495079948428297              
4       34             -0.008495079948428325              
16      34             -0.008495079948428491              
30      34             -0.00849507994842863               
21      34             -0.008495079948428685              
15      34             -0.008495079948428769              
14      34             -0.008495079948428824              
3       34             -0.008495079948428935              
27      34             -0.008495079948429296              
26      34             -0.008495079948429324              
33      34             -0.00849507994842938               
34      36             -0.00849507994843049               
34      45             -0.008495079948430628              
34      48             -0.008495079948430656              
34      46             -0.008495079948430767              
9       34             -0.051478947976885014              
6       34             -0.051478947976885875              
10      34             -0.05147894797688596               
8       34             -0.05147894797688615               
20      34             -0.05147894797688626               
7       34             -0.05147894797688635               
1       34             -0.051478947976886374              
25      34             -0.05147894797688715               
23      34             -0.051478947976887485              
2       34             -0.05147894797688768               
19      34             -0.05147894797688782               
24      34             -0.05147894797688796               
12      34             -0.051478947976888234              
28      34             -0.05147894797688879               
13      34             -0.051478947976888983              
18      34             -0.05147894797688912               
22      34             -0.05147894797688954               
17      34             -0.05147894797689015               
34      38             -0.05147894797689062               
31      34             -0.051478947976890954              
32      34             -0.05147894797689104               
29      34             -0.051478947976891065              
34      47             -0.051478947976891065              
34      42             -0.05147894797689115               
34      43             -0.05147894797689162               
34      44             -0.05147894797689162               
34      49             -0.05147894797689165               
34      51             -0.05147894797689165               
34      50             -0.05147894797689165               
34      55             -0.05147894797689165               
34      53             -0.051478947976891676              
34      54             -0.051478947976891676              
34      52             -0.051478947976891676              
34      41             -0.05147894797689173               
34      40             -0.05147894797689176               
34      35             -0.05147894797689184               
34      39             -0.05147894797689187               
4       7              -0.05538005551064151               
23      30             -0.05538005551064153               
25      30             -0.05538005551064157               
24      30             -0.05538005551064165               
3       7              -0.05538005551064183               
3       13             -0.0553800555106419                
4       8              -0.05538005551064196               
5       8              -0.055380055510641985              
24      46             -0.055380055510642                 
25      46             -0.05538005551064201               
4       13             -0.055380055510642026              
23      46             -0.055380055510642026              
3       12             -0.05538005551064221               
2       3              -0.05538005551064222               
5       12             -0.055380055510642234              
4       12             -0.05538005551064225               
5       7              -0.05538005551064226               
10      14             -0.05538005551064226               
3       8              -0.05538005551064226               
5       13             -0.05538005551064229               
15      22             -0.05538005551064229               
28      30             -0.055380055510642304              
9       14             -0.05538005551064236               
14      22             -0.05538005551064236               
5       22             -0.05538005551064239               
4       22             -0.05538005551064239               
11      22             -0.0553800555106424                
16      22             -0.055380055510642415              
20      30             -0.055380055510642456              
3       22             -0.055380055510642484              
28      46             -0.0553800555106425                
10      11             -0.055380055510642526              
38      46             -0.05538005551064257               
11      13             -0.055380055510642595              
15      20             -0.055380055510642595              
4       25             -0.05538005551064261               
5       25             -0.05538005551064262               
5       6              -0.05538005551064262               
21      22             -0.05538005551064264               
16      25             -0.05538005551064265               
14      18             -0.055380055510642665              
5       17             -0.055380055510642665              
4       20             -0.055380055510642665              
15      18             -0.055380055510642665              
15      25             -0.055380055510642665              
5       20             -0.05538005551064268               
11      18             -0.055380055510642706              
4       18             -0.055380055510642734              
11      25             -0.05538005551064275               
11      20             -0.05538005551064276               
4       17             -0.05538005551064276               
11      17             -0.055380055510642776              
3       25             -0.055380055510642776              
5       18             -0.05538005551064279               
3       20             -0.05538005551064279               
15      17             -0.05538005551064279               
16      18             -0.05538005551064279               
16      20             -0.05538005551064279               
9       11             -0.05538005551064279               
9       21             -0.05538005551064279               
3       18             -0.05538005551064282               
14      17             -0.05538005551064283               
14      25             -0.05538005551064283               
6       21             -0.05538005551064283               
20      21             -0.055380055510642845              
42      46             -0.055380055510642845              
14      20             -0.05538005551064286               
16      17             -0.05538005551064286               
9       16             -0.05538005551064286               
21      25             -0.05538005551064287               
20      46             -0.05538005551064289               
30      38             -0.05538005551064289               
25      26             -0.0553800555106429                
25      27             -0.055380055510642914              
38      45             -0.055380055510642914              
9       27             -0.05538005551064293               
3       17             -0.05538005551064294               
9       26             -0.05538005551064294               
10      21             -0.05538005551064294               
9       15             -0.05538005551064294               
38      48             -0.05538005551064294               
15      23             -0.055380055510642956              
15      19             -0.055380055510642956              
3       19             -0.055380055510642984              
15      28             -0.055380055510642984              
7       11             -0.055380055510642984              
6       11             -0.055380055510642984              
15      24             -0.055380055510643                 
20      33             -0.055380055510643                 
20      36             -0.055380055510643                 
6       26             -0.055380055510643                 
4       19             -0.05538005551064301               
16      19             -0.05538005551064301               
6       27             -0.05538005551064301               
7       21             -0.055380055510643025              
11      28             -0.05538005551064304               
5       19             -0.05538005551064304               
4       28             -0.05538005551064304               
16      28             -0.05538005551064304               
20      26             -0.05538005551064304               
22      26             -0.05538005551064305               
22      27             -0.05538005551064305               
13      30             -0.05538005551064305               
11      19             -0.05538005551064307               
16      23             -0.05538005551064307               
8       14             -0.05538005551064307               
9       36             -0.05538005551064307               
14      19             -0.05538005551064308               
13      16             -0.05538005551064308               
20      45             -0.05538005551064308               
9       33             -0.05538005551064308               
5       28             -0.055380055510643095              
13      15             -0.055380055510643095              
16      24             -0.055380055510643095              
20      27             -0.055380055510643095              
14      28             -0.05538005551064311               
4       23             -0.05538005551064311               
25      36             -0.05538005551064311               
11      24             -0.05538005551064312               
10      27             -0.05538005551064312               
18      21             -0.05538005551064312               
6       14             -0.05538005551064312               
9       30             -0.05538005551064312               
14      24             -0.055380055510643136              
20      48             -0.055380055510643136              
4       24             -0.05538005551064315               
5       23             -0.05538005551064315               
10      26             -0.05538005551064315               
14      23             -0.055380055510643164              
3       23             -0.05538005551064318               
3       28             -0.05538005551064318               
8       21             -0.05538005551064318               
9       45             -0.05538005551064318               
42      45             -0.05538005551064318               
3       24             -0.05538005551064319               
21      28             -0.055380055510643206              
25      33             -0.055380055510643206              
9       48             -0.055380055510643206              
42      48             -0.055380055510643206              
5       24             -0.05538005551064322               
11      23             -0.05538005551064322               
21      23             -0.05538005551064322               
7       27             -0.05538005551064322               
19      30             -0.05538005551064322               
25      48             -0.05538005551064325               
1       3              -0.05538005551064325               
7       26             -0.05538005551064326               
12      21             -0.055380055510643275              
25      45             -0.055380055510643275              
10      30             -0.05538005551064329               
30      47             -0.05538005551064329               
21      24             -0.0553800555106433                
12      15             -0.0553800555106433                
17      21             -0.0553800555106433                
10      15             -0.0553800555106433                
10      36             -0.05538005551064332               
11      12             -0.05538005551064333               
12      16             -0.05538005551064333               
18      27             -0.05538005551064333               
30      42             -0.05538005551064333               
12      27             -0.055380055510643345              
10      33             -0.055380055510643345              
47      48             -0.05538005551064336               
12      26             -0.05538005551064337               
8       27             -0.0553800555106434                
10      45             -0.055380055510643414              
36      38             -0.055380055510643414              
10      48             -0.05538005551064343               
8       26             -0.05538005551064344               
33      38             -0.05538005551064344               
23      36             -0.055380055510643456              
13      46             -0.055380055510643456              
7       14             -0.055380055510643456              
3       6              -0.055380055510643456              
27      28             -0.05538005551064347               
17      27             -0.05538005551064347               
10      16             -0.05538005551064347               
9       46             -0.05538005551064347               
18      26             -0.05538005551064348               
1       21             -0.0553800555106435                
17      26             -0.05538005551064351               
23      33             -0.055380055510643525              
19      46             -0.05538005551064354               
12      30             -0.05538005551064354               
2       14             -0.05538005551064354               
1       14             -0.05538005551064354               
26      28             -0.05538005551064355               
23      45             -0.05538005551064355               
12      36             -0.05538005551064355               
13      21             -0.05538005551064357               
10      46             -0.05538005551064357               
23      48             -0.05538005551064358               
24      36             -0.05538005551064358               
12      33             -0.05538005551064358               
8       11             -0.05538005551064358               
46      47             -0.05538005551064361               
24      45             -0.055380055510643636              
24      33             -0.055380055510643636              
19      36             -0.055380055510643636              
3       10             -0.055380055510643636              
1       27             -0.055380055510643636              
8       36             -0.05538005551064365               
12      45             -0.055380055510643664              
19      33             -0.055380055510643664              
1       26             -0.055380055510643664              
1       11             -0.055380055510643664              
23      27             -0.05538005551064369               
12      48             -0.05538005551064369               
3       9              -0.05538005551064369               
8       33             -0.055380055510643705              
2       5              -0.055380055510643705              
4       6              -0.055380055510643705              
24      48             -0.05538005551064372               
6       36             -0.05538005551064372               
30      50             -0.05538005551064372               
13      27             -0.05538005551064373               
23      26             -0.05538005551064373               
30      55             -0.05538005551064373               
19      45             -0.05538005551064375               
6       33             -0.05538005551064375               
19      48             -0.05538005551064376               
30      54             -0.05538005551064376               
8       48             -0.055380055510643775              
13      26             -0.05538005551064379               
30      51             -0.05538005551064379               
30      52             -0.05538005551064379               
8       45             -0.0553800555106438                
2       11             -0.0553800555106438                
2       21             -0.0553800555106438                
36      42             -0.0553800555106438                
30      49             -0.0553800555106438                
30      53             -0.0553800555106438                
2       4              -0.055380055510643816              
24      26             -0.05538005551064383               
12      46             -0.055380055510643844              
8       15             -0.05538005551064386               
6       48             -0.05538005551064386               
24      27             -0.05538005551064387               
13      36             -0.05538005551064387               
5       10             -0.05538005551064387               
7       36             -0.05538005551064387               
36      47             -0.05538005551064387               
2       26             -0.055380055510643886              
6       45             -0.055380055510643886              
33      42             -0.055380055510643886              
7       33             -0.0553800555106439                
2       27             -0.0553800555106439                
33      47             -0.055380055510643914              
12      14             -0.05538005551064393               
13      33             -0.05538005551064393               
45      47             -0.05538005551064394               
13      45             -0.05538005551064397               
8       16             -0.05538005551064398               
13      48             -0.055380055510644                 
7       48             -0.05538005551064401               
8       30             -0.05538005551064401               
7       45             -0.055380055510644025              
13      14             -0.05538005551064404               
29      30             -0.05538005551064404               
19      21             -0.055380055510644066              
46      50             -0.055380055510644066              
46      52             -0.05538005551064408               
46      55             -0.05538005551064408               
4       10             -0.055380055510644094              
28      36             -0.05538005551064411               
46      49             -0.05538005551064411               
46      51             -0.05538005551064411               
46      54             -0.05538005551064411               
46      53             -0.05538005551064412               
28      33             -0.055380055510644136              
43      46             -0.05538005551064419               
44      46             -0.05538005551064419               
19      26             -0.055380055510644205              
28      45             -0.05538005551064423               
1       36             -0.05538005551064423               
19      27             -0.05538005551064425               
28      48             -0.05538005551064425               
1       33             -0.05538005551064425               
5       9              -0.05538005551064426               
39      46             -0.055380055510644274              
41      46             -0.055380055510644274              
30      43             -0.05538005551064429               
40      46             -0.0553800555106443                
30      44             -0.0553800555106443                
36      50             -0.0553800555106443                
7       16             -0.055380055510644316              
36      51             -0.055380055510644316              
36      52             -0.055380055510644316              
36      55             -0.055380055510644316              
30      41             -0.05538005551064433               
36      49             -0.05538005551064433               
36      54             -0.05538005551064433               
31      46             -0.055380055510644344              
8       46             -0.055380055510644344              
30      40             -0.055380055510644344              
36      53             -0.055380055510644344              
32      46             -0.05538005551064436               
35      46             -0.05538005551064436               
1       45             -0.05538005551064436               
1       48             -0.05538005551064436               
22      30             -0.05538005551064436               
33      55             -0.05538005551064436               
33      52             -0.05538005551064437               
22      46             -0.055380055510644385              
45      50             -0.055380055510644385              
45      55             -0.055380055510644385              
33      50             -0.055380055510644385              
29      46             -0.0553800555106444                
48      50             -0.0553800555106444                
48      52             -0.0553800555106444                
48      55             -0.0553800555106444                
33      51             -0.0553800555106444                
33      53             -0.0553800555106444                
33      54             -0.0553800555106444                
45      51             -0.05538005551064441               
30      31             -0.05538005551064443               
30      35             -0.05538005551064443               
48      49             -0.05538005551064443               
48      51             -0.05538005551064443               
48      54             -0.05538005551064443               
45      52             -0.05538005551064443               
27      44             -0.05538005551064444               
4       9              -0.05538005551064444               
30      32             -0.05538005551064444               
7       30             -0.05538005551064444               
48      53             -0.05538005551064444               
45      54             -0.05538005551064444               
33      49             -0.05538005551064444               
27      39             -0.055380055510644455              
45      49             -0.055380055510644455              
45      53             -0.055380055510644455              
21      38             -0.055380055510644455              
27      43             -0.05538005551064447               
16      39             -0.05538005551064447               
16      43             -0.05538005551064447               
30      39             -0.05538005551064447               
6       30             -0.05538005551064447               
16      44             -0.05538005551064448               
1       4              -0.05538005551064448               
26      38             -0.05538005551064448               
15      38             -0.05538005551064451               
6       16             -0.055380055510644524              
27      41             -0.05538005551064454               
43      45             -0.05538005551064454               
44      45             -0.05538005551064454               
43      48             -0.05538005551064455               
44      48             -0.05538005551064455               
11      38             -0.05538005551064455               
27      40             -0.055380055510644566              
7       46             -0.055380055510644566              
29      36             -0.05538005551064458               
31      36             -0.05538005551064458               
6       46             -0.05538005551064458               
35      36             -0.055380055510644594              
15      39             -0.055380055510644594              
15      43             -0.055380055510644594              
39      48             -0.05538005551064461               
40      48             -0.05538005551064461               
16      40             -0.05538005551064461               
15      44             -0.05538005551064461               
2       36             -0.05538005551064461               
27      35             -0.05538005551064462               
41      48             -0.05538005551064462               
32      36             -0.05538005551064462               
16      41             -0.05538005551064462               
2       33             -0.05538005551064462               
31      33             -0.055380055510644635              
39      45             -0.055380055510644635              
40      45             -0.055380055510644635              
41      45             -0.05538005551064465               
27      31             -0.05538005551064466               
29      33             -0.05538005551064466               
32      33             -0.05538005551064466               
21      42             -0.05538005551064468               
27      32             -0.05538005551064469               
26      43             -0.05538005551064469               
26      44             -0.05538005551064469               
31      45             -0.05538005551064469               
16      35             -0.05538005551064469               
16      31             -0.055380055510644705              
15      49             -0.055380055510644705              
35      48             -0.05538005551064472               
35      45             -0.05538005551064472               
21      39             -0.05538005551064472               
21      43             -0.05538005551064472               
21      44             -0.05538005551064472               
15      50             -0.05538005551064472               
15      52             -0.05538005551064472               
15      55             -0.05538005551064472               
31      48             -0.05538005551064473               
15      40             -0.05538005551064473               
21      50             -0.05538005551064473               
15      51             -0.05538005551064473               
15      53             -0.05538005551064473               
15      42             -0.05538005551064473               
27      29             -0.055380055510644746              
32      48             -0.055380055510644746              
16      32             -0.055380055510644746              
2       45             -0.055380055510644746              
21      55             -0.055380055510644746              
15      54             -0.055380055510644746              
29      48             -0.05538005551064476               
32      45             -0.05538005551064476               
15      41             -0.05538005551064476               
36      43             -0.05538005551064476               
36      44             -0.05538005551064476               
2       48             -0.05538005551064476               
4       51             -0.05538005551064476               
4       55             -0.05538005551064476               
21      49             -0.05538005551064476               
21      53             -0.05538005551064476               
21      52             -0.05538005551064476               
3       38             -0.05538005551064476               
4       53             -0.055380055510644774              
4       50             -0.055380055510644774              
21      54             -0.055380055510644774              
11      42             -0.055380055510644774              
26      40             -0.05538005551064479               
26      41             -0.05538005551064479               
29      45             -0.05538005551064479               
21      41             -0.05538005551064479               
1       5              -0.05538005551064479               
4       52             -0.05538005551064479               
21      51             -0.05538005551064479               
21      40             -0.0553800555106448                
6       15             -0.0553800555106448                
4       54             -0.0553800555106448                
26      39             -0.055380055510644816              
15      35             -0.055380055510644816              
5       51             -0.05538005551064483               
26      42             -0.05538005551064483               
14      38             -0.05538005551064483               
5       53             -0.05538005551064484               
5       50             -0.05538005551064484               
5       52             -0.05538005551064484               
5       55             -0.05538005551064484               
4       49             -0.05538005551064484               
26      32             -0.05538005551064486               
15      32             -0.05538005551064486               
15      31             -0.05538005551064486               
2       15             -0.05538005551064486               
14      52             -0.05538005551064486               
3       50             -0.05538005551064486               
3       55             -0.05538005551064486               
27      38             -0.05538005551064486               
26      29             -0.05538005551064487               
26      35             -0.05538005551064487               
16      29             -0.05538005551064487               
33      43             -0.05538005551064487               
33      44             -0.05538005551064487               
7       15             -0.05538005551064487               
5       54             -0.05538005551064487               
1       30             -0.05538005551064487               
21      47             -0.05538005551064487               
16      38             -0.05538005551064487               
14      39             -0.055380055510644885              
21      31             -0.055380055510644885              
21      35             -0.055380055510644885              
14      51             -0.055380055510644885              
14      53             -0.055380055510644885              
14      50             -0.055380055510644885              
14      55             -0.055380055510644885              
5       49             -0.055380055510644885              
26      47             -0.055380055510644885              
3       51             -0.055380055510644885              
3       53             -0.055380055510644885              
36      40             -0.0553800555106449                
36      41             -0.0553800555106449                
14      49             -0.0553800555106449                
11      50             -0.0553800555106449                
3       49             -0.0553800555106449                
3       54             -0.0553800555106449                
3       52             -0.0553800555106449                
14      54             -0.05538005551064491               
11      55             -0.05538005551064491               
11      52             -0.05538005551064493               
4       38             -0.05538005551064493               
26      31             -0.05538005551064494               
21      32             -0.05538005551064494               
11      49             -0.05538005551064494               
11      54             -0.05538005551064494               
2       30             -0.05538005551064494               
14      43             -0.055380055510644954              
14      44             -0.055380055510644954              
33      40             -0.055380055510644954              
11      51             -0.055380055510644954              
11      53             -0.055380055510644954              
11      47             -0.055380055510644954              
3       42             -0.055380055510644954              
33      41             -0.05538005551064497               
2       16             -0.05538005551064497               
36      39             -0.05538005551064498               
14      42             -0.05538005551064498               
33      35             -0.055380055510644996              
18      46             -0.055380055510644996              
4       42             -0.055380055510644996              
15      47             -0.055380055510644996              
5       38             -0.055380055510644996              
5       39             -0.05538005551064501               
18      30             -0.05538005551064501               
16      42             -0.05538005551064501               
16      49             -0.055380055510645024              
15      29             -0.05538005551064504               
16      52             -0.05538005551064504               
16      55             -0.05538005551064504               
33      39             -0.05538005551064505               
16      51             -0.05538005551064505               
16      53             -0.05538005551064505               
16      50             -0.05538005551064505               
14      41             -0.055380055510645065              
21      29             -0.055380055510645065              
4       39             -0.055380055510645065              
14      40             -0.05538005551064508               
27      42             -0.05538005551064508               
16      54             -0.05538005551064508               
3       39             -0.05538005551064509               
1       46             -0.05538005551064509               
5       42             -0.05538005551064509               
3       43             -0.05538005551064511               
14      31             -0.05538005551064512               
14      35             -0.05538005551064512               
3       44             -0.05538005551064512               
2       46             -0.05538005551064512               
26      55             -0.05538005551064512               
3       47             -0.05538005551064512               
18      36             -0.055380055510645135              
27      55             -0.055380055510645135              
5       43             -0.05538005551064515               
26      50             -0.05538005551064515               
26      52             -0.05538005551064515               
27      50             -0.05538005551064515               
14      32             -0.05538005551064516               
5       44             -0.05538005551064516               
4       43             -0.05538005551064516               
4       44             -0.05538005551064516               
26      53             -0.05538005551064516               
27      51             -0.05538005551064516               
27      54             -0.05538005551064516               
27      52             -0.05538005551064516               
18      33             -0.055380055510645176              
22      36             -0.055380055510645176              
26      49             -0.055380055510645176              
26      51             -0.055380055510645176              
26      54             -0.055380055510645176              
27      53             -0.055380055510645176              
27      49             -0.05538005551064519               
5       41             -0.055380055510645204              
1       15             -0.055380055510645204              
3       40             -0.05538005551064522               
4       41             -0.05538005551064522               
22      33             -0.05538005551064522               
14      47             -0.05538005551064522               
5       32             -0.05538005551064523               
4       31             -0.055380055510645246              
3       41             -0.055380055510645246              
18      45             -0.055380055510645246              
17      33             -0.055380055510645246              
17      36             -0.055380055510645246              
1       16             -0.055380055510645246              
27      47             -0.055380055510645246              
4       40             -0.05538005551064526               
16      47             -0.05538005551064526               
5       40             -0.055380055510645274              
18      48             -0.055380055510645274              
3       31             -0.05538005551064529               
3       35             -0.05538005551064529               
4       47             -0.0553800555106453                
17      30             -0.055380055510645315              
4       32             -0.05538005551064533               
4       35             -0.05538005551064534               
17      45             -0.05538005551064536               
17      46             -0.05538005551064536               
22      45             -0.05538005551064536               
22      48             -0.05538005551064536               
3       32             -0.05538005551064537               
5       35             -0.055380055510645385              
17      48             -0.055380055510645385              
5       47             -0.0553800555106454                
14      29             -0.05538005551064541               
5       31             -0.05538005551064541               
3       29             -0.05538005551064554               
11      43             -0.05538005551064554               
11      44             -0.05538005551064554               
11      39             -0.05538005551064558               
11      41             -0.05538005551064559               
5       29             -0.05538005551064562               
11      40             -0.05538005551064562               
4       29             -0.055380055510645634              
11      29             -0.05538005551064566               
11      35             -0.05538005551064569               
11      31             -0.05538005551064576               
11      32             -0.055380055510645815              
25      37             -0.09923417678879982               
23      37             -0.09923417678879984               
24      37             -0.09923417678880005               
20      37             -0.09923417678880031               
9       37             -0.09923417678880077               
28      37             -0.09923417678880088               
10      37             -0.09923417678880103               
37      38             -0.09923417678880103               
13      37             -0.09923417678880132               
19      37             -0.09923417678880145               
37      42             -0.09923417678880152               
37      47             -0.09923417678880156               
12      37             -0.09923417678880157               
8       37             -0.09923417678880166               
6       37             -0.09923417678880202               
37      55             -0.09923417678880209               
37      49             -0.0992341767888021                
37      50             -0.0992341767888021                
37      51             -0.09923417678880211               
37      54             -0.09923417678880213               
37      52             -0.09923417678880213               
7       37             -0.09923417678880214               
37      53             -0.09923417678880216               
1       37             -0.09923417678880238               
22      37             -0.09923417678880245               
35      37             -0.09923417678880256               
31      37             -0.0992341767888026                
29      37             -0.09923417678880266               
32      37             -0.09923417678880267               
2       37             -0.09923417678880272               
37      44             -0.09923417678880281               
37      43             -0.09923417678880282               
37      40             -0.09923417678880296               
37      41             -0.09923417678880296               
37      39             -0.0992341767888031                
18      37             -0.09923417678880311               
17      37             -0.09923417678880353               
