#======================================================================
# PARAMETERS USED FOR THIS COMPUTATION: 
#	Sequence type: RNA
#	Total number of sequences in alignment data: 2
#	Length of sequences in alignment data: 51
#	Value of sequence identity: 0.8
#	lambda_h: 10.0
#	lambda_J: 10.0
#	Number of gradient decent iterations: 500
# The First and Second columns represent sites and the
# Third column is PLMDCA Frobenius norm, average product corrected (APC) DCA score
#======================================================================
7       44             0.02825288262905297                
7       32             0.02825288251355857                
15      16             0.028252882090079097               
4       44             0.028252881859090313               
4       32             0.028252881743595908               
7       46             0.02825288162810148                
14      44             0.02825288158960338                
14      32             0.028252881474108975               
11      16             0.028252881397112697               
14      16             0.02825288135861457                
4       7              0.028252881089127616               
15      19             0.028252881089127616               
7       33             0.028252880896636946               
4       46             0.028252880858138804               
7       14             0.028252880819640676               
28      43             0.02825288078114254                
7       39             0.028252880627150007               
11      15             0.028252880550153736               
14      15             0.0282528805116556                 
7       30             0.028252880434659337               
19      33             0.028252880434659337               
11      19             0.028252880396161202               
14      19             0.028252880357663067               
15      39             0.028252880319164925               
19      39             0.02825288016517239                
4       33             0.028252880126674255               
28      33             0.028252880049677992               
4       14             0.028252880049677985               
19      30             0.02825287997268172                
14      33             0.028252879857187316               
4       39             0.02825287985718731                
11      14             0.028252879818689174               
4       30             0.02825287966469664                
33      39             0.028252879664696633               
11      39             0.028252879626198497               
28      30             0.02825287958770037                
14      39             0.028252879587700362               
30      33             0.02825287947220597                
14      30             0.028252879395209693               
30      39             0.028252879202719017               
32      44             0.028252875832940637               
16      44             0.028252875717446238               
16      32             0.02825287560195184                
23      44             0.02825287498598171                
43      44             0.028252874947483575               
44      46             0.028252874947483575               
7       16             0.028252874947483568               
15      44             0.02825287487048731                
23      32             0.02825287487048731                
32      43             0.028252874831989162               
32      46             0.028252874831989162               
15      32             0.028252874754992906               
16      23             0.028252874754992906               
19      44             0.028252874716494777               
16      43             0.028252874716494764               
16      46             0.028252874716494764               
19      32             0.02825287460100038                
16      19             0.028252874485505973               
28      44             0.028252874331513453               
28      32             0.028252874216019047               
33      44             0.028252874216019047               
7       23             0.028252874216019026               
11      44             0.028252874177520912               
4       16             0.028252874177520905               
7       43             0.028252874177520884               
16      28             0.02825287410052464                
32      33             0.02825287410052464                
7       15             0.02825287410052462                
11      32             0.028252874062026506               
16      33             0.028252873985030243               
23      43             0.028252873985030222               
23      46             0.028252873985030222               
39      44             0.028252873946532114               
7       19             0.028252873946532094               
43      46             0.02825287394653208                
15      23             0.02825287390803395                
15      43             0.028252873869535816               
15      46             0.028252873869535816               
32      39             0.0282528738310377                 
30      44             0.028252873754041452               
19      23             0.028252873754041417               
16      39             0.028252873715543303               
19      43             0.028252873715543282               
19      46             0.028252873715543282               
30      32             0.028252873638547046               
7       28             0.028252873561550755               
16      30             0.028252873523052634               
4       23             0.02825287344605635                
7       11             0.028252873407558214               
4       43             0.028252873407558207               
23      28             0.028252873369060086               
4       15             0.028252873330561944               
28      46             0.028252873330561944               
15      28             0.02825287325356568                
23      33             0.02825287325356568                
11      23             0.028252873215067545               
33      43             0.028252873215067538               
33      46             0.028252873215067538               
4       19             0.02825287317656941                
14      23             0.02825287317656941                
11      43             0.028252873176569403               
11      46             0.028252873176569403               
15      33             0.028252873138071274               
14      43             0.028252873138071267               
14      46             0.028252873138071267               
19      28             0.028252873099573146               
23      39             0.02825287298407874                
39      43             0.028252872945580598               
39      46             0.028252872945580598               
23      30             0.02825287279158807                
4       28             0.028252872791588064               
30      43             0.02825287275308993                
30      46             0.02825287275308993                
15      30             0.02825287267609366                
4       11             0.028252872637595523               
11      28             0.02825287256059926                
14      28             0.028252872522101125               
11      33             0.028252872445104854               
28      39             0.02825287232961045                
11      30             0.02825287198312723                
29      38             0.005660746855323098               
29      34             0.005660746708588495               
8       36             0.005660746671904852               
8       49             0.005660746635221203               
20      38             0.005660746635221189               
20      22             0.00566074659853754                
38      49             0.005660746525170242               
22      36             0.005660746525170235               
17      38             0.005660746488486586               
22      49             0.005660746488486586               
20      34             0.005660746488486579               
17      22             0.0056607464518029366              
24      38             0.0056607464518029366              
34      36             0.0056607464151192805              
34      49             0.005660746378435631               
17      34             0.005660746341751982               
3       36             0.0056607463253096416              
24      34             0.005660746305068326               
3       49             0.005660746288625992               
3       5              0.005660745958473094               
8       35             0.005660745938231834               
12      36             0.005660745921789459               
12      49             0.00566074588510581                
22      35             0.00566074579149721                
31      49             0.005660745738371199               
48      49             0.005660745738371199               
49      51             0.005660745738371199               
34      35             0.005660745681446255               
26      36             0.005660745665003887               
36      47             0.005660745628320238               
26      49             0.005660745628320231               
47      49             0.005660745591636582               
3       35             0.005660745591636547               
9       29             0.005660745554952953               
10      29             0.005660745554952953               
18      29             0.005660745554952953               
21      29             0.005660745554952953               
6       13             0.005660745554952933               
13      36             0.005660745554952933               
5       12             0.005660745554952912               
13      49             0.0056607455182692765              
13      17             0.00566074548158562                
13      24             0.005660745444901964               
6       37             0.005660745371534659               
36      37             0.005660745371534659               
9       20             0.005660745334851017               
10      20             0.005660745334851017               
18      20             0.005660745334851017               
20      21             0.005660745334851017               
37      49             0.00566074533485101                
5       26             0.005660745298167333               
1       3              0.005660745298167305               
6       9              0.0056607452614837045              
6       10             0.0056607452614837045              
6       18             0.0056607452614837045              
6       21             0.0056607452614837045              
9       36             0.0056607452614837045              
10      36             0.0056607452614837045              
18      36             0.0056607452614837045              
21      36             0.0056607452614837045              
24      37             0.0056607452614836976              
5       47             0.005660745261483684               
27      35             0.005660745261483663               
9       49             0.005660745224800048               
10      49             0.005660745224800048               
18      49             0.005660745224800048               
21      49             0.005660745224800048               
9       17             0.005660745188116392               
10      17             0.005660745188116392               
17      18             0.005660745188116392               
17      21             0.005660745188116392               
5       13             0.005660745188116378               
12      35             0.005660745188116358               
9       24             0.005660745151432743               
10      24             0.005660745151432743               
18      24             0.005660745151432743               
21      24             0.005660745151432743               
35      45             0.0056607451514327015              
1       25             0.0056607451514326945              
35      50             0.005660745114749052               
35      41             0.005660745078065396               
35      42             0.005660745078065396               
31      35             0.005660745041381747               
35      48             0.005660745041381747               
35      51             0.005660745041381747               
5       37             0.005660745004698105               
1       27             0.005660744968014421               
2       6              0.005660744947773154               
2       36             0.005660744947773154               
26      35             0.005660744931330779               
2       49             0.005660744911089498               
5       9              0.00566074489464715                
5       10             0.00566074489464715                
5       18             0.00566074489464715                
5       21             0.00566074489464715                
35      47             0.0056607448946471225              
1       12             0.005660744894647109               
1       40             0.0056607448579634595              
1       45             0.0056607448579634595              
13      35             0.005660744821279817               
1       50             0.005660744821279803               
1       41             0.005660744784596154               
1       42             0.005660744784596154               
1       31             0.005660744747912498               
1       48             0.005660744747912498               
1       51             0.005660744747912498               
35      37             0.005660744637861544               
1       26             0.00566074463786153                
1       47             0.005660744601177881               
2       5              0.0056607445809366275              
9       35             0.005660744527810589               
10      35             0.005660744527810589               
18      35             0.005660744527810589               
21      35             0.005660744527810589               
1       13             0.005660744527810575               
1       37             0.005660744344392295               
1       9              0.00566074423434134                
1       10             0.00566074423434134                
1       18             0.00566074423434134                
1       21             0.00566074423434134                
2       35             0.005660744214100094               
3       25             0.005660744124290344               
3       27             0.005660743940872064               
3       12             0.005660743867504751               
3       40             0.005660743830821102               
3       45             0.005660743830821102               
3       50             0.005660743794137446               
25      27             0.005660743794137446               
3       41             0.00566074375745379                
3       42             0.00566074375745379                
3       31             0.005660743720770141               
3       48             0.005660743720770141               
3       51             0.005660743720770141               
12      25             0.005660743720770134               
25      40             0.005660743684086485               
25      45             0.005660743684086485               
25      50             0.005660743647402829               
25      41             0.0056607436107191725              
25      42             0.0056607436107191725              
3       26             0.0056607436107191655              
25      31             0.005660743574035523               
25      48             0.005660743574035523               
25      51             0.005660743574035523               
3       47             0.005660743574035516               
12      27             0.005660743537351853               
3       13             0.005660743500668204               
27      40             0.005660743500668204               
27      45             0.005660743500668204               
25      26             0.005660743463984548               
27      50             0.005660743463984548               
12      40             0.005660743427300892               
12      45             0.005660743427300892               
25      47             0.005660743427300892               
27      41             0.005660743427300892               
27      42             0.005660743427300892               
12      50             0.005660743390617236               
27      31             0.005660743390617236               
27      48             0.005660743390617236               
27      51             0.005660743390617236               
40      45             0.005660743390617236               
12      41             0.005660743353933587               
12      42             0.005660743353933587               
13      25             0.005660743353933587               
40      50             0.005660743353933587               
45      50             0.005660743353933587               
3       37             0.0056607433172499305              
12      31             0.0056607433172499305              
12      48             0.0056607433172499305              
12      51             0.0056607433172499305              
40      41             0.0056607433172499305              
40      42             0.0056607433172499305              
41      45             0.0056607433172499305              
42      45             0.0056607433172499305              
31      40             0.005660743280566274               
31      45             0.005660743280566274               
40      48             0.005660743280566274               
40      51             0.005660743280566274               
41      50             0.005660743280566274               
42      50             0.005660743280566274               
45      48             0.005660743280566274               
45      51             0.005660743280566274               
26      27             0.0056607432805662675              
31      50             0.005660743243882618               
41      42             0.005660743243882618               
48      50             0.005660743243882618               
50      51             0.005660743243882618               
27      47             0.005660743243882611               
8       29             0.005660743240083768               
3       9              0.005660743207198962               
3       10             0.005660743207198962               
3       18             0.005660743207198962               
3       21             0.005660743207198962               
31      41             0.005660743207198962               
31      42             0.005660743207198962               
41      48             0.005660743207198962               
41      51             0.005660743207198962               
42      48             0.005660743207198962               
42      51             0.005660743207198962               
12      26             0.005660743207198955               
31      48             0.005660743170515313               
31      51             0.005660743170515313               
48      51             0.005660743170515313               
12      47             0.005660743170515306               
13      27             0.005660743170515306               
25      37             0.005660743170515306               
26      40             0.005660743170515306               
26      45             0.005660743170515306               
26      50             0.00566074313383165                
40      47             0.00566074313383165                
45      47             0.00566074313383165                
12      13             0.005660743097147994               
26      41             0.005660743097147994               
26      42             0.005660743097147994               
47      50             0.005660743097147994               
22      29             0.005660743093349151               
9       25             0.005660743060464345               
10      25             0.005660743060464345               
18      25             0.005660743060464345               
21      25             0.005660743060464345               
13      40             0.005660743060464338               
13      45             0.005660743060464338               
26      31             0.005660743060464338               
26      48             0.005660743060464338               
26      51             0.005660743060464338               
41      47             0.005660743060464338               
42      47             0.005660743060464338               
13      50             0.005660743023780682               
31      47             0.005660743023780682               
47      48             0.005660743023780682               
47      51             0.005660743023780682               
8       20             0.005660743019981859               
13      41             0.0056607429870970324              
13      42             0.0056607429870970324              
27      37             0.0056607429870970255              
13      31             0.005660742950413376               
13      48             0.005660742950413376               
13      51             0.005660742950413376               
6       8              0.005660742946614554               
12      37             0.005660742913729713               
26      47             0.005660742913729713               
9       27             0.005660742877046057               
10      27             0.005660742877046057               
18      27             0.005660742877046057               
21      27             0.005660742877046057               
37      40             0.005660742877046057               
37      45             0.005660742877046057               
8       17             0.005660742873247256               
13      26             0.005660742840362401               
37      50             0.005660742840362401               
8       24             0.0056607428365636064              
6       38             0.0056607428365635926              
36      38             0.0056607428365635926              
9       12             0.005660742803678752               
10      12             0.005660742803678752               
12      18             0.005660742803678752               
12      21             0.005660742803678752               
37      41             0.005660742803678752               
37      42             0.005660742803678752               
13      47             0.005660742803678745               
6       22             0.0056607427998799364              
9       40             0.005660742766995096               
9       45             0.005660742766995096               
10      40             0.005660742766995096               
10      45             0.005660742766995096               
18      40             0.005660742766995096               
18      45             0.005660742766995096               
21      40             0.005660742766995096               
21      45             0.005660742766995096               
31      37             0.005660742766995096               
37      48             0.005660742766995096               
37      51             0.005660742766995096               
2       25             0.005660742746753981               
9       50             0.00566074273031144                
10      50             0.00566074273031144                
18      50             0.00566074273031144                
21      50             0.00566074273031144                
9       41             0.0056607426936277835              
9       42             0.0056607426936277835              
10      41             0.0056607426936277835              
10      42             0.0056607426936277835              
18      41             0.0056607426936277835              
18      42             0.0056607426936277835              
21      41             0.0056607426936277835              
21      42             0.0056607426936277835              
22      24             0.005660742689828989               
6       34             0.005660742689828982               
9       31             0.005660742656944127               
9       48             0.005660742656944127               
9       51             0.005660742656944127               
10      31             0.005660742656944127               
10      48             0.005660742656944127               
10      51             0.005660742656944127               
18      31             0.005660742656944127               
18      48             0.005660742656944127               
18      51             0.005660742656944127               
21      31             0.005660742656944127               
21      48             0.005660742656944127               
21      51             0.005660742656944127               
26      37             0.0056607426569441205              
37      47             0.005660742620260464               
5       8              0.005660742579778041               
2       27             0.005660742563335708               
9       26             0.005660742546893159               
10      26             0.005660742546893159               
18      26             0.005660742546893159               
21      26             0.005660742546893159               
13      37             0.005660742546893152               
20      25             0.005660742526652045               
9       47             0.005660742510209503               
10      47             0.005660742510209503               
18      47             0.005660742510209503               
21      47             0.005660742510209503               
2       12             0.0056607424899684095              
5       38             0.00566074246972708                
2       40             0.005660742453284753               
2       45             0.005660742453284753               
29      40             0.005660742453284753               
29      45             0.005660742453284753               
6       25             0.0056607424532847395              
9       13             0.005660742436842191               
10      13             0.005660742436842191               
13      18             0.005660742436842191               
13      21             0.005660742436842191               
5       22             0.005660742433043424               
2       50             0.005660742416601104               
29      50             0.005660742416601104               
2       41             0.005660742379917455               
2       42             0.005660742379917455               
29      41             0.005660742379917455               
29      42             0.005660742379917455               
17      25             0.005660742379917427               
2       31             0.005660742343233799               
2       48             0.005660742343233799               
2       51             0.005660742343233799               
29      31             0.005660742343233799               
29      48             0.005660742343233799               
29      51             0.005660742343233799               
20      27             0.005660742343233778               
24      25             0.005660742343233771               
5       34             0.005660742322992469               
6       27             0.005660742269866466               
9       37             0.00566074225342391                
10      37             0.00566074225342391                
18      37             0.00566074225342391                
21      37             0.00566074225342391                
2       26             0.0056607422331828375              
20      40             0.005660742233182824               
20      45             0.005660742233182824               
2       47             0.005660742196499181               
29      47             0.005660742196499181               
20      50             0.0056607421964991675              
6       12             0.0056607421964991606              
17      27             0.0056607421964991606              
20      41             0.005660742159815518               
20      42             0.005660742159815518               
6       40             0.005660742159815511               
6       45             0.005660742159815511               
36      40             0.005660742159815511               
36      45             0.005660742159815511               
24      27             0.0056607421598155044              
9       10             0.005660742143372942               
9       18             0.005660742143372942               
9       21             0.005660742143372942               
10      18             0.005660742143372942               
10      21             0.005660742143372942               
18      21             0.005660742143372942               
2       13             0.005660742123131883               
6       50             0.005660742123131862               
20      31             0.005660742123131862               
20      48             0.005660742123131862               
20      51             0.005660742123131862               
36      50             0.005660742123131862               
35      38             0.0056607421028905675              
6       41             0.005660742086448206               
6       42             0.005660742086448206               
36      41             0.005660742086448206               
36      42             0.005660742086448206               
49      50             0.005660742086448206               
17      40             0.005660742086448199               
17      45             0.005660742086448199               
5       25             0.005660742086448185               
6       31             0.005660742049764557               
6       48             0.005660742049764557               
6       51             0.005660742049764557               
36      48             0.005660742049764557               
36      51             0.005660742049764557               
17      50             0.00566074204976455                
24      40             0.00566074204976455                
24      45             0.00566074204976455                
17      41             0.005660742013080901               
17      42             0.005660742013080901               
20      26             0.005660742013080901               
24      50             0.005660742013080894               
17      31             0.005660741976397245               
17      48             0.005660741976397245               
17      51             0.005660741976397245               
20      47             0.005660741976397245               
24      41             0.005660741976397245               
24      42             0.005660741976397245               
2       37             0.005660741939713609               
29      37             0.005660741939713609               
6       26             0.005660741939713589               
24      31             0.005660741939713589               
24      48             0.005660741939713589               
24      51             0.005660741939713589               
1       8              0.005660741919472322               
6       47             0.005660741903029939               
5       27             0.005660741903029912               
17      26             0.005660741866346283               
2       9              0.005660741829662655               
2       10             0.005660741829662655               
2       18             0.005660741829662655               
2       21             0.005660741829662655               
17      47             0.005660741829662627               
24      26             0.005660741829662627               
1       38             0.005660741809421353               
24      47             0.005660741792978971               
5       40             0.005660741792978957               
5       45             0.005660741792978957               
1       22             0.005660741772737697               
5       50             0.005660741756295308               
20      37             0.005660741719611673               
5       41             0.005660741719611652               
5       42             0.005660741719611652               
5       31             0.005660741682928003               
5       48             0.005660741682928003               
5       51             0.005660741682928003               
1       34             0.005660741662686743               
17      37             0.005660741572877055               
2       29             0.005660741515952077               
35      40             0.005660741426142403               
2       20             0.005660741295850154               
20      29             0.005660741295850154               
6       29             0.0056607412224828554              
2       17             0.00566074114911555                
17      29             0.00566074114911555                
2       24             0.005660741112431901               
24      29             0.005660741112431894               
6       20             0.005660741002380933               
17      20             0.005660740929013627               
3       8              0.005660740892330082               
20      24             0.005660740892329978               
5       29             0.005660740855646322               
6       17             0.005660740855646322               
6       24             0.005660740818962673               
3       38             0.005660740782279107               
8       25             0.005660740745595479               
3       22             0.005660740745595451               
17      24             0.005660740745595368               
25      38             0.005660740635544503               
3       34             0.0056607406355444895              
5       20             0.005660740635544399               
22      25             0.005660740598860854               
8       27             0.005660740562177219               
8       12             0.0056607404888099205              
25      34             0.005660740488809886               
5       17             0.005660740488809789               
8       40             0.005660740452126264               
8       45             0.005660740452126264               
27      38             0.005660740452126244               
5       24             0.0056607404521261395              
8       50             0.005660740415442615               
22      27             0.005660740415442594               
8       41             0.005660740378758966               
8       42             0.005660740378758966               
12      38             0.005660740378758945               
8       31             0.005660740342075317               
8       48             0.005660740342075317               
8       51             0.005660740342075317               
38      40             0.005660740342075296               
38      45             0.005660740342075296               
12      22             0.005660740342075289               
38      50             0.005660740305391647               
22      40             0.00566074030539164                
22      45             0.00566074030539164                
27      34             0.005660740305391626               
38      41             0.005660740268707998               
38      42             0.005660740268707998               
22      50             0.005660740268707991               
8       26             0.0056607402320243555              
38      48             0.0056607402320243486              
38      51             0.0056607402320243486              
22      41             0.005660740232024342               
22      42             0.005660740232024342               
31      38             0.005660740232024342               
12      34             0.005660740232024328               
8       47             0.005660740195340706               
22      31             0.0056607401953406924              
22      48             0.0056607401953406924              
22      51             0.0056607401953406924              
34      40             0.005660740195340679               
34      45             0.005660740195340679               
1       2              0.0056607401953405745              
1       29             0.0056607401953405745              
34      50             0.005660740158657029               
8       13             0.005660740121973408               
26      38             0.00566074012197338                
34      41             0.005660740121973373               
34      42             0.005660740121973373               
38      47             0.005660740085289738               
22      26             0.005660740085289731               
31      34             0.005660740085289724               
34      48             0.005660740085289724               
34      51             0.005660740085289724               
22      47             0.005660740048606082               
13      38             0.005660740011922433               
13      22             0.005660739975238777               
26      34             0.005660739975238763               
1       20             0.005660739975238645               
8       37             0.005660739938555148               
34      47             0.0056607399385551135              
13      34             0.005660739865187815               
8       9              0.005660739828504194               
8       10             0.005660739828504194               
8       18             0.005660739828504194               
8       21             0.005660739828504194               
37      38             0.005660739828504173               
1       17             0.005660739828504034               
22      37             0.005660739791820517               
1       24             0.005660739791820378               
9       38             0.0056607397184532185              
10      38             0.0056607397184532185              
18      38             0.0056607397184532185              
21      38             0.0056607397184532185              
9       22             0.005660739681769562               
10      22             0.005660739681769562               
18      22             0.005660739681769562               
21      22             0.005660739681769562               
34      37             0.0056607396817695554              
9       34             0.005660739571718601               
10      34             0.005660739571718601               
18      34             0.005660739571718601               
21      34             0.005660739571718601               
2       8              0.00566073951479347                
2       38             0.005660739404742501               
2       22             0.005660739368058852               
2       34             0.005660739258007898               
2       3              0.005660739168198287               
3       29             0.005660739168198287               
25      29             0.005660739021463676               
3       20             0.005660738948096357               
3       6              0.005660738874729045               
27      29             0.005660738838045409               
3       17             0.005660738801361739               
12      29             0.005660738764678111               
3       24             0.005660738764678083               
25      36             0.005660738727994434               
25      49             0.005660738691310785               
12      20             0.005660738544576174               
27      36             0.005660738544576167               
26      29             0.005660738507892539               
27      49             0.005660738507892511               
13      29             0.005660738397841578               
12      17             0.005660738397841557               
40      49             0.005660738397841557               
45      49             0.005660738397841557               
12      24             0.005660738361157901               
31      36             0.0056607383244742515              
41      49             0.0056607383244742515              
42      49             0.0056607383244742515              
13      20             0.005660738177739641               
25      35             0.0056607379943213396              
29      36             0.005660737497192557               
29      49             0.005660737460508901               
8       38             0.005660737403583825               
8       22             0.005660737366900176               
20      36             0.005660737277090634               
8       34             0.0056607372568492215              
22      38             0.0056607372568492145              
20      49             0.005660737240406978               
6       36             0.005660737203723329               
6       49             0.00566073716703968                
36      49             0.00566073716703968                
34      38             0.005660737146798267               
17      36             0.005660737130356024               
22      34             0.005660737110114611               
17      49             0.005660737093672374               
24      36             0.005660737093672374               
24      49             0.005660737056988718               
5       6              0.0056607368368867955              
5       36             0.0056607368368867955              
5       49             0.005660736800203146               
29      35             0.005660736763519497               
20      35             0.005660736543417574               
6       35             0.005660736470050269               
35      36             0.005660736470050269               
35      49             0.005660736433366613               
17      35             0.005660736396682964               
24      35             0.005660736359999308               
1       6              0.005660736176581041               
1       36             0.005660736176581041               
1       49             0.005660736139897392               
5       35             0.005660736103213729               
1       5              0.005660735809744501               
1       35             0.00566073544290796                
8       23             -0.012067764047140606              
22      23             -0.012067764201133147              
8       32             -0.012067765102745417              
8       16             -0.012067765212796379              
22      32             -0.012067765256737958              
16      38             -0.012067765328290785              
16      22             -0.012067765366788913              
16      34             -0.012067765482283312              
2       23             -0.012067765856552906              
8       43             -0.012067765946469411              
8       46             -0.012067765946469411              
8       15             -0.01206776601983671               
23      38             -0.01206776602528016               
38      43             -0.012067766061963817              
38      46             -0.012067766061963817              
22      43             -0.012067766100461945              
22      46             -0.012067766100461945              
15      38             -0.012067766135331115              
8       19             -0.012067766166571306              
15      22             -0.01206776617382925               
23      34             -0.012067766179272688              
34      43             -0.01206776621595635               
34      46             -0.01206776621595635               
19      38             -0.012067766282065719              
15      34             -0.012067766289323649              
19      22             -0.012067766320563854              
19      34             -0.012067766436058253              
4       8              -0.01206776646004052               
28      29             -0.012067766480174998              
8       28             -0.012067766533407819              
4       38             -0.012067766575534933              
4       22             -0.012067766614033061              
28      38             -0.012067766648902231              
8       11             -0.012067766680142429              
22      28             -0.01206776668740036               
4       34             -0.012067766729527467              
28      36             -0.01206776678816008               
11      38             -0.012067766795636842              
28      34             -0.012067766802894765              
11      22             -0.012067766834134977              
2       32             -0.012067766912157683              
11      34             -0.012067766949629376              
40      46             -0.012067766956449594              
38      44             -0.012067766970834018              
2       16             -0.012067767022208645              
29      30             -0.012067767030429798              
41      46             -0.012067767033445864              
42      46             -0.012067767033445864              
8       30             -0.012067767083662598              
34      44             -0.012067767124826545              
30      38             -0.012067767199157003              
22      30             -0.012067767237655139              
6       16             -0.012067767330193713              
30      34             -0.012067767353149537              
24      30             -0.012067767453909285              
28      35             -0.012067767558122763              
5       16             -0.012067767715175044              
23      29             -0.012067767719198048              
2       43             -0.012067767755881711              
2       46             -0.012067767755881711              
29      43             -0.012067767755881711              
29      46             -0.012067767755881711              
2       15             -0.01206776782924901               
15      29             -0.01206776782924901               
20      23             -0.01206776795018686               
2       19             -0.01206776797598362               
19      29             -0.01206776797598362               
20      43             -0.012067767986870516              
20      46             -0.012067767986870516              
6       23             -0.012067768027183123              
23      36             -0.012067768027183123              
15      20             -0.012067768060237821              
6       43             -0.01206776806386678               
6       46             -0.01206776806386678               
36      43             -0.01206776806386678               
36      46             -0.01206776806386678               
23      49             -0.012067768065681252              
43      49             -0.012067768102364915              
46      49             -0.012067768102364915              
17      23             -0.012067768104179394              
6       15             -0.012067768137234085              
15      36             -0.012067768137234085              
17      43             -0.01206776814086305               
17      46             -0.01206776814086305               
23      24             -0.012067768142677522              
15      49             -0.01206776817573222               
24      43             -0.012067768179361178              
24      46             -0.012067768179361178              
19      20             -0.012067768206972432              
15      17             -0.012067768214230348              
15      24             -0.012067768252728484              
2       4              -0.012067768269452842              
4       29             -0.012067768269452842              
6       19             -0.012067768283968695              
19      36             -0.012067768283968695              
3       23             -0.012067768320433485              
19      49             -0.01206776832246683               
2       28             -0.012067768342820147              
17      19             -0.012067768360964959              
19      24             -0.012067768399463094              
1       16             -0.012067768408141444              
5       23             -0.012067768412164462              
5       43             -0.012067768448848118              
5       46             -0.012067768448848118              
37      39             -0.012067768449198525              
29      33             -0.012067768452871108              
23      25             -0.012067768474426012              
11      29             -0.012067768489554764              
4       20             -0.012067768500441653              
25      43             -0.012067768511109675              
5       15             -0.012067768522215423              
14      29             -0.012067768526238414              
20      28             -0.012067768573808958              
4       6              -0.012067768577437923              
4       36             -0.012067768577437923              
8       14             -0.012067768579471234              
4       49             -0.012067768615936052              
6       28             -0.012067768650805222              
4       17             -0.012067768654434187              
29      44             -0.012067768664751878              
23      27             -0.012067768666916681              
5       19             -0.012067768668950034              
20      33             -0.01206776868385992               
28      49             -0.012067768689303357              
4       24             -0.012067768692932322              
14      38             -0.01206776869496564               
27      43             -0.012067768703600344              
27      46             -0.012067768703600344              
29      39             -0.012067768709656687              
8       44             -0.012067768717984761              
11      20             -0.012067768720543576              
17      28             -0.012067768727801492              
14      22             -0.012067768733463775              
14      20             -0.012067768757227225              
6       33             -0.012067768760856183              
33      36             -0.01206776876085619               
24      28             -0.012067768766299627              
29      32             -0.012067768774802833              
12      43             -0.012067768780596615              
23      40             -0.01206776878241108               
23      45             -0.01206776878241108               
23      35             -0.0120677687971458                
6       11             -0.01206776879753984               
11      36             -0.01206776879753984               
33      49             -0.012067768799354325              
40      43             -0.012067768819094743              
45      46             -0.012067768819094743              
23      50             -0.012067768820909215              
35      43             -0.012067768833829456              
35      46             -0.012067768833829456              
6       14             -0.012067768834223495              
14      36             -0.012067768834223495              
11      49             -0.012067768836037975              
17      33             -0.012067768837852454              
14      34             -0.012067768848958174              
23      41             -0.01206776885940735               
23      42             -0.01206776885940735               
22      44             -0.012067768871977302              
14      49             -0.01206776887272163               
11      17             -0.01206776887453611               
24      33             -0.012067768876350589              
38      39             -0.0120677688783839                
2       30             -0.012067768893074947              
20      44             -0.012067768895740676              
41      43             -0.012067768896091013              
42      43             -0.012067768896091013              
23      31             -0.012067768897905479              
23      48             -0.012067768897905479              
23      51             -0.012067768897905479              
15      35             -0.012067768907196762              
14      17             -0.012067768911219759              
11      24             -0.012067768913034245              
31      43             -0.012067768934589142              
31      46             -0.012067768934589142              
20      39             -0.012067768940645499              
32      38             -0.012067768943530129              
14      24             -0.012067768949717894              
4       5              -0.012067768962419262              
6       44             -0.01206776897273694               
36      44             -0.01206776897273694               
20      32             -0.012067769005791637              
44      49             -0.012067769011235074              
23      26             -0.012067769013399891              
6       39             -0.012067769017641762              
36      39             -0.012067769017641762              
34      39             -0.012067769032376434              
5       28             -0.012067769035786567              
17      44             -0.012067769049733203              
26      43             -0.012067769050083554              
23      47             -0.01206776905189802               
19      35             -0.012067769053931372              
39      49             -0.012067769056139897              
6       32             -0.0120677690827879                
24      44             -0.012067769088231338              
17      39             -0.012067769094638033              
32      34             -0.012067769097522656              
25      28             -0.012067769098048145              
1       23             -0.012067769105130875              
20      30             -0.012067769124063758              
24      39             -0.012067769133136168              
1       43             -0.012067769141814531              
1       46             -0.012067769141814531              
5       33             -0.012067769145837529              
17      32             -0.012067769159784164              
13      43             -0.012067769165577953              
5       11             -0.012067769182521185              
24      32             -0.0120677691982823                
30      36             -0.012067769201060022              
6       30             -0.012067769201060029              
25      33             -0.012067769208099113              
1       15             -0.012067769215181837              
5       14             -0.012067769219204848              
30      49             -0.012067769239558157              
11      25             -0.01206776924478277               
17      30             -0.0120677692780563                
27      28             -0.012067769290538821              
23      37             -0.01206776932138496               
4       35             -0.012067769347400607              
5       44             -0.01206776935771827               
37      43             -0.012067769358068622              
37      46             -0.012067769358068622              
1       19             -0.012067769361916447              
12      28             -0.012067769367535092              
3       32             -0.012067769376038213              
7       29             -0.012067769398424938              
27      33             -0.01206776940058979               
5       39             -0.012067769402623114              
28      40             -0.012067769406033227              
28      45             -0.012067769406033227              
25      44             -0.01206776941997978               
11      27             -0.012067769437273453              
28      50             -0.012067769444531355              
7       8              -0.012067769451657794              
25      39             -0.012067769464884706              
5       32             -0.012067769467769232              
9       43             -0.012067769473563021              
10      43             -0.012067769473563021              
18      43             -0.012067769473563021              
21      43             -0.012067769473563021              
12      33             -0.01206776947758606               
28      41             -0.01206776948302949               
28      42             -0.01206776948302949               
3       16             -0.012067769486089182              
11      12             -0.012067769514269716              
33      40             -0.012067769516084195              
33      45             -0.012067769516084195              
28      31             -0.012067769521527626              
28      48             -0.012067769521527626              
28      51             -0.012067769521527626              
25      32             -0.012067769530030747              
33      35             -0.012067769530818881              
11      40             -0.012067769552767851              
11      45             -0.012067769552767851              
33      50             -0.01206776955458233               
7       38             -0.012067769567152206              
11      35             -0.01206776956750253               
5       30             -0.012067769586041381              
11      50             -0.012067769591265987              
33      41             -0.012067769593080459              
33      42             -0.012067769593080459              
14      35             -0.012067769604186186              
7       22             -0.012067769605650334              
27      44             -0.012067769612470448              
7       20             -0.012067769629413742              
11      41             -0.012067769629764115              
11      42             -0.012067769629764115              
31      33             -0.012067769631578594              
33      48             -0.012067769631578594              
33      51             -0.012067769631578594              
26      28             -0.012067769637022031              
16      25             -0.012067769640081709              
25      30             -0.01206776964830298               
1       4              -0.012067769655385682              
27      39             -0.012067769657375382              
11      31             -0.01206776966826225               
11      48             -0.01206776966826225               
11      51             -0.01206776966826225               
28      47             -0.012067769675520167              
12      44             -0.012067769689466712              
7       36             -0.012067769706410006              
6       7              -0.012067769706410013              
7       34             -0.012067769721144733              
27      32             -0.012067769722521417              
44      45             -0.01206776972796484               
40      44             -0.012067769727964847              
1       28             -0.012067769728752988              
12      39             -0.012067769734371653              
35      44             -0.012067769742699602              
7       49             -0.012067769744908141              
26      33             -0.012067769747073                 
13      28             -0.012067769752516437              
44      50             -0.012067769766462975              
39      40             -0.012067769772869788              
39      45             -0.012067769772869788              
7       17             -0.012067769783406276              
11      26             -0.012067769783756663              
33      47             -0.012067769785571142              
35      39             -0.01206776978760446               
12      32             -0.01206776979951768               
41      44             -0.01206776980496111               
42      44             -0.01206776980496111               
39      50             -0.012067769811367916              
7       24             -0.012067769821904405              
11      47             -0.012067769822254791              
16      27             -0.012067769832572385              
32      40             -0.012067769838015815              
32      45             -0.012067769838015815              
1       33             -0.012067769838803956              
27      30             -0.012067769840793663              
31      44             -0.012067769843459239              
44      48             -0.012067769843459239              
44      51             -0.012067769843459239              
39      41             -0.012067769849866052              
39      42             -0.012067769849866052              
13      33             -0.012067769862567405              
1       11             -0.012067769875487612              
32      50             -0.012067769876513944              
31      39             -0.012067769888364187              
39      48             -0.012067769888364187              
39      51             -0.012067769888364187              
11      13             -0.012067769899251062              
12      16             -0.012067769909568649              
1       14             -0.012067769912171268              
32      41             -0.012067769915012079              
32      42             -0.012067769915012079              
12      30             -0.012067769917789926              
28      37             -0.012067769945007113              
16      40             -0.012067769948066777              
16      45             -0.012067769948066777              
31      32             -0.012067769953510207              
32      48             -0.012067769953510207              
32      51             -0.012067769953510207              
30      40             -0.012067769956288055              
30      45             -0.012067769956288055              
26      44             -0.012067769958953645              
30      35             -0.01206776997102272               
16      50             -0.012067769986564912              
30      50             -0.01206776999478619               
44      47             -0.01206776999745178               
3       7              -0.012067769999660354              
26      39             -0.0120677700038586                
16      41             -0.01206777002506304               
16      42             -0.01206777002506304               
30      41             -0.012067770033284325              
30      42             -0.012067770033284325              
39      47             -0.012067770042356728              
1       44             -0.012067770050684663              
33      37             -0.012067770055058082              
9       28             -0.012067770060501512              
10      28             -0.012067770060501512              
18      28             -0.012067770060501512              
21      28             -0.012067770060501512              
16      31             -0.012067770063561176              
16      48             -0.012067770063561176              
16      51             -0.012067770063561176              
26      32             -0.012067770069004613              
30      31             -0.01206777007178246               
30      48             -0.01206777007178246               
30      51             -0.01206777007178246               
13      44             -0.012067770074448043              
5       7              -0.012067770091391344              
11      37             -0.012067770091741738              
1       39             -0.012067770095589535              
32      47             -0.012067770107502748              
13      39             -0.012067770119352998              
7       25             -0.012067770153652888              
1       32             -0.012067770160735632              
9       33             -0.01206777017055248               
10      33             -0.01206777017055248               
18      33             -0.01206777017055248               
21      33             -0.01206777017055248               
16      26             -0.012067770179055581              
13      32             -0.012067770184499012              
26      30             -0.012067770187276873              
11      18             -0.012067770207236136              
11      21             -0.012067770207236136              
9       11             -0.012067770207236143              
10      11             -0.012067770207236143              
16      47             -0.012067770217553717              
3       43             -0.01206777021976229               
3       46             -0.01206777021976229               
30      47             -0.012067770225775001              
37      44             -0.012067770266938713              
1       30             -0.012067770279007808              
3       15             -0.012067770293129595              
13      16             -0.01206777029454998               
13      30             -0.012067770302771279              
7       27             -0.012067770346143557              
2       11             -0.012067770352199914              
8       33             -0.012067770368749071              
25      46             -0.012067770373754824              
32      37             -0.012067770376989681              
9       44             -0.012067770382433105              
10      44             -0.012067770382433105              
18      44             -0.012067770382433105              
21      44             -0.012067770382433105              
2       14             -0.01206777038888357               
7       12             -0.012067770423139827              
9       39             -0.01206777042733808               
10      39             -0.01206777042733808               
18      39             -0.01206777042733808               
21      39             -0.01206777042733808               
3       19             -0.012067770439864213              
15      25             -0.01206777044712213               
7       40             -0.012067770461637956              
7       45             -0.012067770461637956              
7       35             -0.012067770476372683              
33      38             -0.012067770484243491              
16      37             -0.01206777048704065               
9       32             -0.01206777049248408               
10      32             -0.01206777049248408               
18      32             -0.01206777049248408               
21      32             -0.01206777049248408               
30      37             -0.012067770495261955              
7       50             -0.01206777050013609               
22      33             -0.01206777052274162               
2       44             -0.012067770527397027              
7       41             -0.012067770538634226              
7       42             -0.012067770538634226              
7       31             -0.012067770577132354              
7       48             -0.012067770577132354              
7       51             -0.012067770577132354              
19      25             -0.012067770593856747              
9       16             -0.012067770602535048              
10      16             -0.012067770602535048              
16      18             -0.012067770602535048              
16      21             -0.012067770602535048              
12      23             -0.0120677706065581                
9       30             -0.01206777061075636               
10      30             -0.01206777061075636               
18      30             -0.01206777061075636               
21      30             -0.01206777061075636               
8       39             -0.012067770625534636              
33      34             -0.012067770638236025              
15      27             -0.012067770639612806              
12      46             -0.012067770643241764              
43      45             -0.012067770681739892              
7       26             -0.01206777069262676               
12      15             -0.01206777071660907               
43      50             -0.012067770720238027              
46      50             -0.012067770720238027              
7       47             -0.012067770731124895              
3       4              -0.012067770733333455              
16      29             -0.012067770747498943              
15      40             -0.012067770755107204              
15      45             -0.012067770755107204              
22      39             -0.012067770779527184              
1       7              -0.01206777078435775               
19      27             -0.012067770786347423              
15      50             -0.012067770793605333              
43      48             -0.012067770797234291              
43      51             -0.012067770797234291              
46      48             -0.012067770797234291              
46      51             -0.012067770797234291              
3       28             -0.01206777080670076               
7       13             -0.012067770808121159              
15      41             -0.012067770832103468              
15      42             -0.012067770832103468              
12      19             -0.012067770863343687              
15      31             -0.012067770870601603              
15      48             -0.012067770870601603              
15      51             -0.012067770870601603              
4       25             -0.012067770887325989              
19      40             -0.012067770901841822              
19      45             -0.012067770901841822              
26      46             -0.012067770912728704              
3       33             -0.012067770916751729              
19      50             -0.01206777094033995               
32      36             -0.012067770945433057              
43      47             -0.012067770951226832              
46      47             -0.012067770951226832              
3       11             -0.012067770953435385              
16      20             -0.012067770978487748              
19      41             -0.012067770978838085              
19      42             -0.012067770978838085              
32      49             -0.012067770983931185              
15      26             -0.012067770986096009              
3       14             -0.012067770990119048              
13      23             -0.01206777099153944               
7       37             -0.012067771000611835              
19      31             -0.01206777101733622               
19      48             -0.01206777101733622               
19      51             -0.01206777101733622               
15      47             -0.012067771024594144              
13      46             -0.012067771028223102              
16      36             -0.012067771055484011              
4       27             -0.012067771079816665              
16      49             -0.012067771093982146              
13      15             -0.012067771101590408              
7       9              -0.012067771116106234              
7       10             -0.012067771116106234              
7       18             -0.012067771116106234              
7       21             -0.012067771116106234              
16      17             -0.012067771132480275              
19      26             -0.012067771132830626              
14      25             -0.012067771144111575              
4       12             -0.012067771156812929              
16      24             -0.01206777117097841               
19      47             -0.012067771171328762              
3       39             -0.012067771173537321              
4       40             -0.012067771195311064              
4       45             -0.012067771195311064              
4       50             -0.0120677712338092                
13      19             -0.012067771248325025              
2       7              -0.012067771261070087              
4       41             -0.012067771272307334              
4       42             -0.012067771272307334              
15      37             -0.012067771294081084              
9       23             -0.012067771299524514              
10      23             -0.012067771299524514              
18      23             -0.012067771299524514              
21      23             -0.012067771299524514              
4       31             -0.012067771310805463              
4       48             -0.012067771310805463              
4       51             -0.012067771310805463              
9       46             -0.01206777133620817               
10      46             -0.01206777133620817               
18      46             -0.01206777133620817               
21      46             -0.01206777133620817               
14      27             -0.012067771336602251              
3       30             -0.012067771356955595              
9       15             -0.012067771409575483              
10      15             -0.012067771409575483              
15      18             -0.012067771409575483              
15      21             -0.012067771409575483              
12      14             -0.012067771413598528              
4       26             -0.012067771426299875              
19      37             -0.012067771440815701              
14      40             -0.012067771452096657              
14      45             -0.012067771452096657              
4       47             -0.01206777146479801               
14      50             -0.012067771490594785              
14      41             -0.01206777152909292               
14      42             -0.01206777152909292               
4       13             -0.012067771541794274              
9       19             -0.0120677715563101                
10      19             -0.0120677715563101                
18      19             -0.0120677715563101                
19      21             -0.0120677715563101                
14      31             -0.012067771567591055              
14      48             -0.012067771567591055              
14      51             -0.012067771567591055              
14      26             -0.012067771683085468              
32      35             -0.012067771715395713              
14      47             -0.012067771721583596              
4       37             -0.01206777173428495               
13      14             -0.012067771798579874              
16      35             -0.012067771825446674              
4       9              -0.012067771849779349              
4       10             -0.012067771849779349              
4       18             -0.012067771849779349              
4       21             -0.012067771849779349              
14      37             -0.012067771991070543              
14      18             -0.012067772106564942              
14      21             -0.012067772106564942              
9       14             -0.012067772106564949              
10      14             -0.012067772106564949              
2       33             -0.012067772178161407              
2       39             -0.012067772434946986              
3       44             -0.01206777299127755               
