#======================================================================
# PARAMETERS USED FOR THIS COMPUTATION: 
#      Sequence type: RNA
#      Total number of sequences in alignment data: 548
#      Length of sequences in alignment data: 52
#      Effective number of sequences: 30.431163050560674
#      Value of sequence identity: 0.8
#      Value of relative pseudocount: 0.5
# The First and Second columns represent sites and the
# Third column is MFDCA Frobenius norm, average product corrected (APC) DCA score
#======================================================================
41      42             1.308372359748898                  
35      44             1.201485083984835                  
51      52             0.936366749632126                  
2       3              0.9173466431441465                 
29      51             0.9164477034373992                 
33      47             0.8941478714309832                 
9       10             0.8857114962579359                 
15      19             0.7995739959965555                 
21      22             0.758732292985674                  
30      50             0.7567570833229136                 
14      15             0.719691177823259                  
5       31             0.699098041621913                  
36      43             0.6622572696580562                 
1       2              0.6125683157393327                 
39      40             0.6069763734757241                 
16      24             0.6032438440621992                 
11      12             0.596126321818301                  
26      27             0.568208474663627                  
8       9              0.5418054328063631                 
11      45             0.5113511734902948                 
32      48             0.5076915531095161                 
14      16             0.4955339143774101                 
1       3              0.48255395570195636                
34      46             0.4797888553445345                 
42      46             0.47651399813726814                
4       29             0.4688396703961489                 
22      38             0.4657768330954376                 
36      37             0.4650858588250255                 
46      47             0.4517659276700146                 
33      34             0.44617595313920494                
14      19             0.43794547578304194                
6       20             0.4284231058190002                 
14      50             0.42511429952500535                
7       8              0.4104736171203002                 
42      43             0.400138828851591                  
13      16             0.3944766349908976                 
6       45             0.3827239394493854                 
46      50             0.38227847714075613                
12      19             0.3687112118267181                 
29      44             0.35980945758303573                
9       23             0.3576601899608164                 
48      49             0.354878311752337                  
47      51             0.3441268042189759                 
3       11             0.3402290873036285                 
20      21             0.33804414998476817                
45      50             0.3379578936861242                 
5       22             0.33674385884063696                
6       28             0.33669865000844484                
30      45             0.3351067304423917                 
7       29             0.33387438289951404                
7       33             0.33110361991814063                
5       21             0.3297955860592388                 
40      41             0.32824700354316744                
31      38             0.325048072503259                  
22      36             0.3248745299607767                 
9       36             0.32192572045861645                
14      46             0.3183864063954076                 
21      31             0.3163905877629986                 
12      36             0.315485271063379                  
8       11             0.3154814353183826                 
6       7              0.31390375031197953                
10      36             0.30887049633773567                
20      31             0.3072735459489792                 
4       10             0.3060993743686794                 
20      40             0.30223067797355563                
15      25             0.3016266691004759                 
19      26             0.3005679477030868                 
29      52             0.3003515954952232                 
35      36             0.2997084292244737                 
30      42             0.2972236245977875                 
5       49             0.29421734303609914                
15      41             0.2915291753906718                 
11      27             0.2874140552467389                 
4       49             0.2850770819034767                 
41      44             0.28445657740415764                
31      49             0.28013010961741125                
14      24             0.2775418361189864                 
30      52             0.2745821948259719                 
17      24             0.26910915980404865                
12      44             0.268515929923714                  
47      48             0.2675827459083626                 
12      26             0.2647735587196748                 
28      29             0.26252766636633507                
24      49             0.26113726523519454                
25      52             0.2574929470243583                 
9       22             0.2543547305038795                 
8       10             0.2537522074834939                 
29      33             0.25373918483993513                
33      51             0.25342036915259647                
42      47             0.25147554867719857                
43      52             0.24835724520508512                
20      45             0.24821691050117956                
12      45             0.24707974321746073                
32      49             0.24669967863247366                
13      19             0.24654544826567742                
5       38             0.2461713355297337                 
37      49             0.24512638775609336                
10      51             0.24284501824491145                
31      32             0.23878804449997731                
6       18             0.23803168288094312                
23      35             0.2368246006978808                 
10      11             0.23388875934401265                
3       30             0.23213097406199273                
13      24             0.23014923460940595                
22      31             0.22954178786396                   
13      50             0.22900353293791076                
38      45             0.228841323465083                  
10      33             0.22533772607808977                
17      39             0.22489803232864206                
26      29             0.22315675870221002                
43      47             0.22156363569183601                
9       38             0.22153294315403155                
18      31             0.21915285315745678                
1       11             0.21867299241074561                
12      13             0.21821108911813114                
42      44             0.218055442581073                  
35      41             0.21804433437940496                
47      50             0.21771872413395188                
8       14             0.21113960088591494                
8       28             0.20837956842214572                
34      35             0.20788816060741566                
22      42             0.20689681818457428                
7       38             0.20497980948226247                
27      46             0.20487398292589065                
4       17             0.20143852040427923                
9       35             0.20122445509157905                
11      13             0.20047276858721286                
4       22             0.20010579869669642                
19      36             0.19891481184016147                
5       45             0.19890663746192927                
38      39             0.19871442276569104                
13      30             0.19766591225804397                
30      44             0.1964749553704217                 
15      17             0.19539419155428978                
18      25             0.1951533621252116                 
22      33             0.19496019685533933                
45      46             0.193902926901365                  
19      27             0.19310493558800368                
1       21             0.18866833329460764                
34      42             0.1855682139916529                 
17      18             0.1845164649693276                 
5       43             0.18409853709886792                
5       6              0.18315416130463896                
6       51             0.1831335621769954                 
28      33             0.18286653222558608                
16      17             0.1828294412701104                 
14      39             0.18244763689320548                
18      20             0.1820611700039299                 
19      44             0.18070039157414752                
14      23             0.17990742533822768                
27      34             0.17985897863372347                
21      35             0.17869988985859675                
28      41             0.17830244254005134                
34      44             0.17818044392739996                
28      47             0.17801949908320552                
6       30             0.1758411879191848                 
18      26             0.17495384865504016                
23      50             0.17392607933630805                
22      43             0.17380393371341218                
10      26             0.17315966660815718                
8       44             0.17272651197732902                
10      24             0.17217874158177165                
17      32             0.17185311551240723                
10      25             0.171356080215409                  
19      29             0.17070835015936398                
17      23             0.17050613535300796                
31      43             0.16836523328655434                
2       21             0.1679681759665504                 
34      50             0.16785879130675208                
3       35             0.16767216923545586                
40      46             0.16740204287809018                
26      44             0.16662616542833858                
30      47             0.16594248837742748                
32      33             0.16577212544207376                
7       20             0.16527783018149483                
22      28             0.1651159835653216                 
22      51             0.16503718729061828                
2       5              0.16410388091012523                
28      43             0.16302676130118665                
34      37             0.1619834329175754                 
8       23             0.1618003713592467                 
1       15             0.1612532435295987                 
38      41             0.16112325440470143                
12      40             0.16073099461346918                
8       35             0.16024089202905523                
21      52             0.16006997941096496                
13      28             0.15969307681908568                
9       21             0.1596610502950584                 
27      42             0.15953872603066255                
7       28             0.1587062831951782                 
23      24             0.15778116524171354                
21      36             0.1557722990854784                 
7       25             0.15561807097369496                
12      35             0.1549160638653947                 
15      24             0.15191782951564065                
21      38             0.15138648017713902                
17      49             0.15084686239548803                
10      12             0.1505062786653264                 
10      37             0.1503411347526391                 
24      32             0.1498206211755729                 
27      50             0.149014661134023                  
34      51             0.14876236431636214                
17      48             0.1486998561551371                 
20      30             0.1478549549777023                 
24      48             0.1464924998174784                 
13      42             0.14478787157469974                
27      38             0.1447139530626999                 
10      21             0.14469637238272248                
19      46             0.14454934463510166                
44      47             0.14418807389559235                
17      25             0.14366764800659929                
9       27             0.14334285675624442                
32      39             0.1423323730752728                 
23      36             0.14147705051411952                
14      43             0.14143619810930808                
17      26             0.14131145539981477                
10      22             0.1405612849307356                 
15      31             0.14049087597732252                
6       13             0.13927373730189269                
28      30             0.13905742649566788                
5       17             0.13904929643850333                
7       24             0.1380002526654222                 
22      47             0.1368836378329582                 
4       32             0.1364766108556541                 
18      37             0.1361829722009996                 
4       48             0.1361572891963446                 
26      37             0.13538645532468924                
35      38             0.13510135399789125                
20      32             0.13483883237293812                
13      22             0.13438077461918524                
16      39             0.13434998317627886                
1       52             0.13313861084761708                
25      42             0.1315864641013163                 
9       13             0.13138466675655702                
27      40             0.1313799850239999                 
2       30             0.13100366885283155                
9       11             0.13088805494893818                
31      48             0.13070181865594788                
41      43             0.13040150600394385                
7       16             0.12958195040856174                
4       18             0.12950248313861257                
23      38             0.12940090004446952                
22      35             0.12927076754973565                
8       27             0.12882077617356158                
4       9              0.1285395531352435                 
19      41             0.12809883736426142                
43      46             0.12692475290377714                
4       16             0.12655389692780225                
19      43             0.12571609484144175                
2       11             0.12538350830677075                
26      32             0.12415193384342585                
8       26             0.12397580633950922                
7       45             0.12386758323507463                
16      32             0.12154016382100802                
10      35             0.12132329318242441                
16      18             0.12121464385376177                
37      40             0.12083031761692226                
41      45             0.12060854730351855                
4       39             0.12055671417368227                
25      48             0.12034430280072278                
13      41             0.11971777168606257                
3       17             0.11862833729030359                
21      23             0.11726051421270417                
11      37             0.11644407887996344                
6       24             0.11608872881929                   
3       29             0.11417237654257295                
29      47             0.11250966080957142                
5       32             0.11239626670000596                
23      44             0.11233479606036839                
2       12             0.11222679164840732                
3       46             0.11101828260957841                
35      47             0.10864233810670387                
12      49             0.10842957575850742                
17      31             0.10725994712659845                
24      39             0.10624337102039114                
11      43             0.10606221659256232                
36      51             0.1053368483880105                 
4       13             0.10526617847722464                
10      43             0.10523912971229288                
8       33             0.10440442042020981                
33      35             0.10386579744929614                
16      36             0.10371709222394804                
17      20             0.10303375168265855                
21      30             0.10239535006109929                
3       34             0.10210304110063051                
18      32             0.10156736608797085                
38      40             0.10133178663193804                
1       32             0.10029476596753051                
35      46             0.09990995371941014                
2       17             0.09990566395311762                
27      44             0.09921057727949167                
18      49             0.09766353300549327                
20      49             0.09646308527752759                
7       41             0.09639456431799787                
28      48             0.09594440965502277                
16      48             0.09577366143765056                
4       24             0.0945194454523878                 
5       20             0.09443399787481915                
7       30             0.09330850888205816                
14      40             0.09324400676178857                
1       9              0.09321200615244607                
18      23             0.09280155689032601                
30      33             0.0926509237184937                 
12      27             0.0922447343106394                 
1       23             0.09223060120348059                
4       40             0.09222082209199461                
6       17             0.09185187375122117                
18      24             0.09083409674048515                
33      38             0.09079100189868128                
28      50             0.0906773484393748                 
18      48             0.0903486387737786                 
16      49             0.09015975538379226                
6       8              0.08998628279620102                
30      51             0.08974764952985304                
28      40             0.08969969254358551                
30      41             0.08900604381781363                
12      33             0.08884256543600533                
25      27             0.08792904589808037                
9       37             0.08783293692435012                
18      38             0.08747298900389464                
21      33             0.08741000704200746                
39      50             0.08733125488180529                
49      50             0.08705473355904964                
14      35             0.08704481716951418                
14      41             0.08684627019707802                
41      46             0.0865463248031143                 
42      45             0.08570366318006584                
7       44             0.08554404284071138                
6       21             0.0849246936935899                 
38      43             0.08469134265681155                
1       25             0.0844409163337887                 
23      52             0.08434765030569746                
21      43             0.08429967559782847                
19      31             0.08380346085038487                
15      43             0.08364877854839764                
37      52             0.0832588868527312                 
15      18             0.08312015575835427                
27      41             0.0814989882054874                 
25      49             0.08114523788699227                
35      37             0.08087716963384978                
39      48             0.08060419174117234                
1       48             0.08050820243249315                
19      32             0.0802444559704947                 
41      50             0.07977430492621995                
16      26             0.07951128363540746                
2       6              0.07946785398895079                
28      51             0.07863517701776379                
15      48             0.0783518768761104                 
25      28             0.07803558780129632                
6       10             0.07803387699690151                
2       42             0.07783476252797844                
15      23             0.07708482202743949                
4       5              0.07671447133425169                
5       48             0.07582479331380912                
11      47             0.07558348181789165                
7       50             0.07500095639724003                
34      45             0.07483749475467338                
32      37             0.07423340329962183                
2       48             0.07417721942734834                
24      36             0.07407166606621607                
18      19             0.07395712678949301                
26      49             0.07375761922211044                
50      51             0.07327404161475981                
29      41             0.07322852386097611                
22      37             0.07321338716664677                
23      37             0.07285606362775021                
2       46             0.07249238305347344                
23      39             0.07242390090702247                
1       42             0.07177748699500397                
6       14             0.07127623885261103                
3       26             0.07073157031143801                
19      42             0.0701581592164443                 
19      34             0.06952894017512684                
5       18             0.0694191400107314                 
7       12             0.06924780796178853                
2       45             0.06887812906918955                
25      51             0.06886433688970028                
23      32             0.06838017673001984                
23      49             0.0683108826249291                 
11      19             0.0674027326269826                 
11      51             0.06737595244903982                
18      39             0.06718507814861907                
4       31             0.06708704597069426                
1       41             0.06674087141224849                
33      50             0.06624526459462537                
10      47             0.06482408663018357                
46      51             0.06409078359421794                
19      25             0.06368157162023297                
1       8              0.0631999817838731                 
12      43             0.06296429467605702                
4       26             0.060229088853330975               
15      39             0.060122955817442064               
11      40             0.05739976572964445                
13      17             0.0573243075049332                 
16      46             0.05726851764775681                
27      28             0.057100486352551494               
20      51             0.056842105928250175               
5       14             0.05672869946081932                
24      26             0.05655473848409312                
3       7              0.0561967921486749                 
3       18             0.055729853010412944               
27      47             0.05437557219461292                
13      34             0.054339244705891465               
1       17             0.05433603990314159                
28      38             0.05416214834774469                
4       23             0.05411105264272906                
39      45             0.0540291116786433                 
9       43             0.05385835376749959                
19      37             0.053600537198402354               
3       16             0.05302510109234637                
4       6              0.052785342155947684               
16      23             0.05212880110292831                
16      20             0.05192906381122872                
8       39             0.050504306552594136               
25      32             0.05019602626697928                
2       44             0.049418655337029216               
9       12             0.049096243540870055               
4       52             0.048816159427463646               
40      47             0.048772688518315455               
2       31             0.04841534035795764                
11      29             0.047762309309909656               
4       25             0.04725912568497917                
2       34             0.04686777571835299                
4       37             0.0464897940292604                 
34      49             0.045852261904471114               
27      52             0.04573428818033437                
20      48             0.04573377040268112                
20      41             0.04561746880871259                
7       47             0.04559577765198719                
1       18             0.04476701521652407                
10      29             0.0444045052279089                 
2       32             0.04430112752675802                
3       32             0.043098989008997585               
38      44             0.04266014059289269                
6       26             0.0425450554886046                 
9       25             0.04186725231406202                
8       29             0.041562390312377684               
2       18             0.04102547412916546                
5       26             0.04065635237718093                
6       48             0.04051320986702642                
11      50             0.0404686669035339                 
6       32             0.040080858465028596               
1       49             0.039239253084846826               
25      30             0.0391856640173866                 
12      30             0.038699399818293956               
30      49             0.03861611414362248                
12      34             0.0382315376594905                 
7       34             0.037388784866012215               
3       12             0.037079968515151496               
27      37             0.03686918825137153                
15      46             0.0368636682021628                 
9       33             0.03664507331683797                
36      47             0.03645592765861183                
2       8              0.03623584921125722                
32      40             0.03590203725395319                
4       15             0.03544102770774346                
3       4              0.03539745649683304                
11      35             0.03377301297807034                
21      37             0.03348036999118309                
5       16             0.032897164188071704               
18      52             0.03234855108951651                
23      48             0.03226011920198982                
16      43             0.032097927608344345               
37      43             0.0320388043184896                 
11      39             0.03163485306099262                
8       30             0.03157111153506348                
22      52             0.03079069584037475                
15      50             0.0307724814866287                 
43      51             0.030559938847805723               
26      48             0.03034937984197239                
23      26             0.03003628355279392                
17      37             0.02981441513226149                
4       50             0.02976572247100545                
12      46             0.02945364451892707                
1       34             0.029425195481986743               
8       22             0.029274160458553578               
6       11             0.029130807593563124               
33      37             0.028914825292384705               
11      23             0.028749590245655043               
19      51             0.02874176598913425                
14      31             0.02756018559879142                
7       27             0.02718755536906675                
38      47             0.02716135809740028                
14      44             0.027017697832562027               
20      37             0.026978181690185954               
13      52             0.026404644339954375               
6       16             0.025683012776716807               
50      52             0.025676369264160226               
1       24             0.02518491381943394                
39      52             0.024862230559131088               
1       37             0.024533789912699555               
25      31             0.02434233481231174                
12      28             0.02280047621047454                
20      27             0.022633847785791694               
39      49             0.02178766948797467                
3       39             0.02163205530401313                
21      51             0.021244875840023325               
8       19             0.021174696249181724               
12      37             0.021172812865359547               
15      32             0.020492768783566012               
33      46             0.019802223711133826               
5       24             0.019750897075292484               
40      52             0.019700410629359066               
15      16             0.01944489025452395                
6       40             0.01817230462939462                
3       38             0.01797043209725685                
7       52             0.017748836638001975               
21      34             0.01739823954547426                
26      31             0.016326108569477277               
5       12             0.016310356489490863               
34      47             0.01620283953184931                
21      42             0.01607019839512558                
18      45             0.01582075262692595                
10      16             0.01565382991490466                
2       16             0.015386020540794326               
28      44             0.014060724522688473               
13      44             0.013794155422704846               
1       16             0.013689597559833344               
6       39             0.013623374936868188               
29      40             0.013623030746574283               
21      46             0.012354970536132326               
16      25             0.011775020673409742               
3       24             0.011438417961708164               
13      45             0.011009932017283452               
6       9              0.010825313585887064               
34      43             0.010249464880575876               
36      50             0.009590536499764823               
31      36             0.009478995824206526               
42      50             0.009391603738784338               
33      44             0.008794403422741626               
34      52             0.008767606855155374               
14      25             0.00827944908096151                
2       26             0.008168906213638083               
29      45             0.008149492388544177               
38      46             0.008093670930143071               
34      39             0.007887254449121639               
6       49             0.007654311582134671               
13      26             0.007511386101897555               
25      35             0.0074132557971964275              
4       51             0.007376702940508961               
16      50             0.0071189829191583565              
1       44             0.007101642997517255               
37      41             0.006975760419144272               
8       20             0.006805942916136232               
13      21             0.005483192672407489               
44      46             0.0051664313509141024              
25      34             0.0049178616862098345              
3       40             0.003073232717900387               
9       51             0.0028420107663934546              
7       31             0.002837194990792047               
16      31             0.0025589998956533355              
26      45             0.0025076217874554496              
25      44             0.0018379761852285181              
2       25             0.0018358151886276874              
9       20             0.0017876825690215647              
23      40             0.0016414469956673172              
3       41             0.0007806868865110062              
14      17             0.0007355656005411659              
20      39             0.0005181893642457747              
4       20             0.0004713418725107166              
2       14             0.00025795095287362013             
13      32             -0.0005344029655368898             
5       39             -0.0005556295045035797             
2       47             -0.0007984048568679403             
13      48             -0.0010574490094173994             
3       48             -0.0010901226531204733             
21      48             -0.0023962992845678044             
28      45             -0.0025007294288408866             
36      38             -0.002516622611869135              
29      46             -0.0027535099159614607             
18      29             -0.00275593907341512               
33      52             -0.002929370066498127              
23      25             -0.003053029302114041              
2       24             -0.003164929191603022              
40      42             -0.0031685820622031624             
16      37             -0.0033020541785360735             
9       28             -0.0033693127506713716             
7       11             -0.0038877005121189523             
1       4              -0.004023266748342108              
16      38             -0.00423244915182186               
43      50             -0.004540369642076714              
1       45             -0.004565309372103643              
5       23             -0.004633971811235454              
13      37             -0.004738481380856474              
8       21             -0.00571627496038124               
1       26             -0.006102842787625573              
3       31             -0.00616253758478047               
7       35             -0.006563643146367704              
8       47             -0.0065910571486104685             
40      51             -0.00672811259075401               
20      35             -0.007072890033768153              
28      42             -0.007618819632838614              
1       39             -0.007765676268425226              
5       15             -0.008284168431020034              
44      48             -0.0083380930561463                
18      44             -0.008366643109724237              
3       15             -0.009057509499171223              
13      18             -0.009366622516055134              
34      40             -0.00954766617374947               
5       25             -0.009556933542651636              
1       5              -0.009739934598467004              
3       27             -0.009918106394942727              
1       35             -0.010632168807076625              
26      39             -0.011211751722516067              
24      25             -0.011375470020910078              
24      43             -0.011459257951342061              
20      24             -0.011573386507948563              
12      51             -0.012048383246620054              
42      52             -0.01206473723443785               
15      28             -0.012414472105386987              
9       40             -0.012972228062888835              
8       25             -0.013379020116605855              
31      39             -0.013544289430102913              
2       50             -0.013865487377422991              
1       30             -0.014140276683299147              
10      45             -0.01426308439919699               
3       49             -0.014299915052386036              
10      41             -0.014301939316467616              
30      48             -0.014347783048286128              
2       4              -0.014373843146833959              
10      34             -0.014489688221472896              
47      49             -0.01450950840353582               
27      29             -0.014927739733589351              
15      49             -0.01497853567826446               
14      34             -0.015243948488729231              
9       39             -0.015277139897251907              
14      52             -0.015553880629840922              
7       42             -0.01574502671954814               
10      27             -0.016155543640224646              
24      31             -0.01760154455322696               
18      30             -0.017771240341826033              
32      34             -0.01805354788007857               
17      40             -0.01822118392999325               
36      42             -0.018311770689693807              
20      34             -0.01855411148400732               
25      26             -0.018642196816660017              
13      39             -0.018647187548870986              
3       36             -0.018960688300309614              
17      19             -0.01938416586697808               
30      31             -0.019588544772938754              
28      31             -0.01964918221578016               
9       48             -0.019660667853223734              
39      44             -0.020463354896899266              
48      52             -0.020537084740243516              
38      52             -0.020641739153347438              
44      50             -0.020887020970603798              
5       41             -0.02091052157426504               
37      44             -0.02170981045628967               
2       39             -0.02182469082984867               
19      39             -0.021999263597637014              
36      52             -0.02228927243289114               
17      50             -0.022291269457646923              
5       36             -0.02230318703804035               
27      33             -0.02260803117266258               
15      27             -0.02396638967916198               
39      46             -0.024069787939923287              
17      33             -0.024329242381888883              
45      51             -0.025081081228763402              
40      45             -0.025200322413588327              
9       45             -0.02521146865370122               
15      42             -0.025343839976430915              
24      27             -0.02547634942650956               
9       34             -0.0256587724022464                
7       37             -0.02578586476141792               
33      43             -0.025910124351714914              
32      52             -0.02619845866849463               
25      50             -0.02623431815416355               
9       19             -0.026265320010290916              
30      40             -0.02634242489831512               
8       34             -0.026353379569060364              
36      45             -0.026469549229551803              
35      51             -0.026705312566294603              
5       42             -0.0267951784235802                
19      50             -0.027059571591648623              
17      52             -0.02713317379373914               
14      49             -0.027359501986035706              
16      52             -0.027560248909864554              
28      46             -0.027576579967640624              
13      46             -0.028298082858785545              
33      41             -0.02856507846778522               
6       52             -0.02886993903691293               
27      30             -0.029253287035304443              
9       14             -0.03007050877632872               
5       11             -0.03015985966957785               
25      41             -0.03017087008436492               
12      48             -0.030208077665634603              
10      17             -0.03072932335287748               
49      52             -0.030994616465890246              
21      25             -0.03102120058064617               
15      36             -0.03122809978737051               
2       49             -0.031386242288009736              
33      42             -0.031869667385173495              
24      37             -0.031939693102288086              
26      40             -0.03234395743247109               
5       13             -0.032492373145951436              
15      26             -0.032505229317673745              
14      32             -0.03316235198487541               
11      38             -0.03318968814409673               
10      46             -0.0335126127837696                
18      47             -0.03352761468635726               
20      52             -0.03382340169885417               
16      40             -0.034741592215364825              
3       23             -0.03475045778387789               
40      49             -0.03506406547708779               
22      45             -0.03515989263075053               
11      28             -0.03521834059527673               
4       34             -0.035251793200054504              
23      41             -0.0364318297953139                
21      29             -0.03693870349482259               
25      39             -0.03786789467260418               
25      38             -0.03804592437342408               
18      40             -0.038280827160345865              
35      50             -0.03829586947992503               
2       23             -0.03847571344861345               
9       29             -0.039207694917502256              
12      41             -0.039829236450919625              
5       52             -0.04036574043966845               
25      43             -0.0404582917681825                
8       17             -0.04076395687886589               
28      35             -0.04077707816378534               
20      46             -0.041055233967765836              
28      36             -0.04171569346706083               
1       27             -0.042370603708596244              
46      49             -0.042946901203921806              
3       44             -0.04303963875592126               
21      27             -0.043221300780422744              
8       13             -0.0432619973989235                
28      34             -0.04345106794241266               
43      48             -0.04345261356578656               
20      36             -0.04431678189303756               
19      38             -0.044750155220777854              
29      43             -0.045435831374349145              
23      31             -0.04628908606526336               
17      45             -0.046563693450370314              
3       5              -0.04713143769079997               
8       40             -0.04727860238117226               
32      38             -0.04783484767331572               
34      36             -0.04807196632224986               
31      37             -0.048210025930411904              
24      40             -0.04883154431314943               
20      47             -0.04901278471227255               
21      45             -0.049150722008993175              
34      48             -0.04920548270446837               
37      46             -0.04932615321392131               
8       45             -0.05010414065839086               
18      35             -0.05086810352558907               
11      26             -0.051152379584484986              
20      23             -0.05139626274303913               
4       28             -0.05212610023493974               
29      34             -0.05236858910432479               
29      37             -0.0524406493758382                
18      36             -0.05348403381689071               
12      22             -0.05355665692717182               
10      23             -0.053940548207705996              
10      39             -0.054455135104382546              
36      44             -0.054592207576733                 
11      15             -0.05468287857470955               
6       23             -0.05491329784384372               
13      40             -0.05503680312182624               
26      35             -0.055420239275369154              
15      51             -0.055831672777247654              
11      44             -0.05594538371036806               
27      51             -0.05637578225148554               
32      47             -0.056431265323950375              
37      51             -0.05646869007388711               
5       8              -0.05650175222023307               
39      47             -0.05652620612390907               
13      14             -0.05663915593338209               
29      38             -0.05667398413003444               
3       25             -0.0567291694667347                
8       36             -0.05735083225611226               
22      41             -0.05762759668880779               
9       17             -0.05763912714955344               
7       15             -0.05823559265245404               
8       15             -0.05840984944141259               
37      50             -0.05854182984006573               
2       15             -0.058686285172653285              
18      51             -0.05884789759738371               
12      32             -0.05912639698332975               
28      32             -0.05954581827448746               
1       40             -0.05977350756688851               
28      49             -0.059779936303869186              
6       36             -0.05983930826230527               
31      42             -0.0604592229249204                
10      30             -0.060540304859820815              
40      48             -0.060716110724497785              
33      49             -0.06076526950431066               
38      42             -0.061440857858456877              
15      34             -0.06151546751814435               
47      52             -0.06154571614711174               
45      47             -0.06301645463512728               
38      48             -0.06347733362806668               
28      37             -0.06356639432836902               
12      31             -0.06364291185091048               
2       10             -0.06367705327558193               
7       36             -0.0637172969891423                
1       31             -0.06397641375849603               
5       40             -0.06431945317665066               
24      28             -0.06434579179092434               
26      30             -0.06439922801740916               
14      48             -0.06446459738775467               
13      23             -0.06484700022526158               
13      15             -0.06494253496139268               
7       18             -0.0652476800076249                
36      41             -0.06568214702027009               
37      39             -0.06584267188977197               
7       51             -0.06591307819534326               
20      38             -0.06633007611921066               
4       46             -0.06652447002132572               
9       52             -0.06665407318628969               
5       37             -0.06685030607561895               
37      48             -0.06713558600681988               
11      25             -0.06744463102085918               
39      51             -0.06779666480206642               
22      30             -0.06805185534492936               
16      30             -0.0683224307076796                
8       18             -0.06866641875065102               
26      50             -0.0694044659667638                
4       45             -0.06963818947774647               
35      39             -0.06972054188269206               
6       15             -0.06975331205606206               
24      52             -0.07036400328558068               
2       43             -0.07041178501326112               
11      49             -0.07060061367951265               
10      20             -0.07075135541447669               
42      51             -0.07093559072837108               
6       22             -0.07201789871812642               
1       19             -0.07241421463033759               
5       7              -0.07247590833566553               
11      24             -0.07263305882992593               
30      46             -0.0727639161583229                
20      25             -0.07325185630800035               
23      42             -0.07348581894531475               
10      28             -0.07368346898058364               
2       38             -0.07376893613832186               
12      14             -0.07380784520869255               
14      45             -0.07446606011128792               
30      34             -0.07453446360466343               
41      47             -0.07467153691998663               
26      34             -0.07472503553077808               
20      43             -0.07495972551429947               
3       28             -0.074962036945104                 
14      42             -0.07510933398733177               
16      34             -0.07593821359452618               
29      35             -0.07621678104170349               
9       47             -0.07630749042563689               
24      46             -0.07669884116978129               
6       25             -0.07765545447587185               
41      49             -0.07787012291527806               
15      20             -0.07806197708721352               
18      28             -0.07816260612786288               
8       48             -0.07830193069653668               
11      22             -0.07916058103696288               
4       36             -0.07932010517014781               
3       21             -0.0793767689481007                
17      27             -0.08046372423166442               
12      52             -0.08145105995137564               
35      40             -0.08193894779440652               
1       50             -0.08256996957078244               
7       43             -0.08257391076827164               
17      30             -0.08267141466254296               
22      23             -0.08333713528022554               
17      44             -0.0834600700353142                
35      42             -0.08395076597298046               
14      27             -0.0841286394558608                
1       13             -0.08424877282351409               
17      51             -0.08457920100319927               
3       33             -0.08484217229967173               
20      28             -0.0850245346989627                
19      52             -0.08552163777859678               
31      40             -0.08595530939399967               
14      22             -0.08612165673451949               
6       31             -0.0862486898770379                
27      48             -0.08626972513403333               
20      26             -0.08646365843411866               
13      29             -0.08654264636764752               
6       35             -0.08661915190883895               
35      49             -0.08682414663133636               
4       11             -0.08701907916678459               
17      22             -0.0870574786730515                
24      38             -0.0871214220610397                
17      38             -0.08748428494806759               
29      42             -0.08778207072311067               
1       20             -0.08886720742030418               
36      40             -0.08917607339395417               
13      27             -0.08927385161451767               
25      36             -0.08942054854125242               
13      36             -0.0899180671706089                
6       42             -0.08991891547948139               
3       6              -0.08995623361580013               
17      29             -0.09004315401302435               
27      36             -0.09006576479113604               
22      39             -0.09061512431751428               
8       37             -0.09095424127906432               
1       36             -0.09100648763521191               
24      47             -0.0914471134424715                
7       10             -0.09173828878864909               
4       43             -0.09183177160720135               
23      30             -0.0923883229237275                
3       20             -0.09333928925697405               
39      41             -0.09342935106605621               
31      52             -0.0936123961843883                
15      22             -0.09383210551571314               
7       46             -0.09393305365148108               
15      40             -0.09396274214942105               
11      33             -0.09424254835437651               
28      52             -0.09428099311832855               
6       12             -0.09455586882339273               
1       7              -0.09458078234514966               
11      21             -0.09495270052450466               
31      45             -0.0949725433671604                
38      50             -0.0955179885967598                
46      48             -0.09556793878644712               
22      34             -0.09568993700427797               
7       17             -0.09581802887259963               
32      36             -0.09603741551677974               
23      27             -0.09616369886604567               
33      45             -0.0962784407437785                
36      49             -0.09652365063381763               
27      43             -0.09685658993771817               
1       6              -0.09687201092268                  
2       33             -0.09752290910108435               
8       43             -0.09784699458371227               
2       13             -0.09790206844439442               
19      49             -0.09790304084527898               
24      35             -0.09794760041925615               
27      31             -0.0981740885577313                
3       14             -0.09872374350374005               
15      21             -0.09879969514210507               
12      42             -0.09896383216018545               
31      46             -0.09944497120583945               
13      35             -0.09972343132394468               
30      32             -0.09972701971118514               
44      51             -0.09977901987926363               
11      52             -0.09985916566951131               
13      43             -0.09993937007043896               
38      51             -0.10058608936275171               
33      40             -0.10098037407397015               
7       23             -0.10145858053926404               
29      50             -0.10198608267446158               
2       40             -0.10211829613180234               
31      41             -0.10218028945525787               
3       51             -0.10231210454834849               
14      33             -0.1026632300904432                
9       32             -0.10271048117847842               
17      36             -0.10411988548892795               
1       38             -0.10449002461395032               
19      20             -0.10487968210046006               
1       28             -0.10488312198921254               
21      47             -0.10533136494385659               
13      33             -0.10538060134393623               
32      50             -0.10540332349351736               
43      45             -0.10543385757968254               
19      22             -0.10564354108128732               
34      41             -0.10566600688606798               
27      45             -0.10580680704252138               
27      49             -0.10617274973959095               
35      48             -0.10658889019985995               
25      37             -0.10668013921329886               
12      47             -0.10705442423517847               
33      48             -0.10720320383918461               
9       18             -0.1073586857275397                
11      30             -0.10844974403956026               
7       13             -0.10854934473909733               
18      27             -0.10881997983084477               
32      46             -0.10910173380719679               
2       20             -0.10951386637102187               
37      47             -0.10964800266521862               
29      48             -0.10967912231334191               
7       32             -0.11049040078939838               
13      49             -0.11091345399689315               
25      33             -0.1113931197621772                
7       39             -0.11174261624041293               
9       26             -0.11182455725408039               
40      44             -0.11196238695272623               
15      37             -0.11216487668004838               
16      19             -0.11218518060941149               
14      18             -0.11232447784612654               
27      39             -0.11264097863792849               
23      45             -0.11269201480760463               
3       45             -0.11316145406299527               
6       43             -0.11328774692298077               
39      43             -0.11337320937520254               
6       37             -0.11338781026695047               
29      32             -0.11411290592056271               
22      24             -0.11613524839177558               
33      36             -0.11614216229717944               
21      28             -0.11618349944337847               
42      48             -0.1163210303391885                
12      21             -0.1163712465937542                
40      43             -0.11667228261673362               
22      50             -0.11713185849061658               
36      48             -0.11767090326945229               
21      41             -0.11799336949451145               
19      23             -0.11814232428046362               
29      39             -0.11856724601715765               
5       19             -0.11861211777624406               
9       15             -0.11894509115120677               
8       52             -0.11908688348207896               
7       14             -0.11948250021291645               
24      33             -0.11965688628563881               
44      49             -0.11979914121447413               
4       8              -0.12052820681739315               
14      26             -0.12070412019502891               
10      42             -0.12092381957454246               
32      43             -0.12109158832991956               
32      45             -0.12115884016921066               
12      16             -0.12119789752420804               
1       33             -0.12123309439138633               
17      28             -0.1215880081531946                
15      29             -0.12165334420382273               
30      37             -0.12169555503732893               
1       10             -0.12179496711453092               
9       24             -0.1218270289466381                
26      36             -0.1223248946893038                
19      45             -0.1230494232538108                
11      16             -0.12315711267860258               
30      43             -0.12324217338287874               
8       49             -0.12368878141893785               
24      30             -0.12388041358742014               
22      26             -0.12411381870179625               
15      52             -0.12422842855776872               
26      28             -0.12484771319305671               
25      46             -0.12550622217784285               
3       8              -0.12553492120844614               
16      44             -0.12564221614695048               
18      50             -0.12594930770883755               
26      41             -0.1264764284040299                
32      44             -0.12661623287015253               
25      29             -0.12714479715417656               
24      44             -0.12721745019902775               
22      32             -0.12726276191622637               
24      29             -0.1275533260504781                
11      18             -0.1281882536901353                
16      29             -0.1284526720652838                
40      50             -0.1288701179739129                
12      20             -0.1293062907751253                
3       52             -0.1295376956248695                
2       28             -0.12958176527775708               
4       7              -0.12959989112746437               
4       14             -0.12993263743512945               
37      38             -0.12994615460592504               
42      49             -0.13014683017465953               
20      42             -0.13037193496021832               
17      21             -0.13051842360747348               
11      48             -0.13064390434796802               
48      51             -0.13074197767478032               
5       44             -0.13078958915984995               
16      33             -0.1314410225655103                
7       26             -0.1314719305833483                
20      29             -0.13148280495460524               
34      38             -0.13219385810883705               
48      50             -0.13258532090761085               
8       32             -0.1327321290711735                
13      25             -0.1333533733837949                
1       29             -0.13381463174116148               
3       13             -0.13449648297705902               
24      50             -0.1345132939850718                
8       12             -0.1347803370361229                
6       29             -0.13603167804567565               
13      38             -0.13688012381601783               
5       33             -0.138033452318857                 
10      49             -0.13805670763990927               
14      21             -0.13822345244961187               
19      24             -0.13859608297478287               
11      20             -0.1386571611807907                
14      47             -0.1398814241040114                
19      40             -0.13994485514605848               
18      22             -0.1401058892383683                
41      52             -0.1401484431245798                
30      35             -0.14040776636726326               
8       41             -0.140794478584565                 
30      38             -0.1410874241164834                
1       12             -0.141520149835225                 
27      32             -0.14164883327456357               
16      22             -0.14175447007703715               
29      49             -0.141770193112695                 
21      44             -0.1421311725810031                
17      47             -0.14230979493279017               
28      39             -0.14237033327721177               
21      40             -0.14273400760292135               
6       38             -0.1432300188671346                
7       48             -0.14325625396752684               
18      34             -0.14334523420771933               
1       22             -0.14368615892700642               
31      44             -0.14369056349299872               
2       37             -0.1436997113128985                
18      41             -0.14371670350402235               
1       14             -0.14412517325247576               
38      49             -0.14425010406541366               
22      27             -0.14541235838047822               
10      52             -0.14581948060520777               
5       46             -0.14600696079733866               
3       37             -0.14601359337904965               
10      14             -0.14666604314426024               
12      24             -0.14671028024131272               
8       51             -0.14675406394864338               
2       41             -0.14779014701670157               
12      50             -0.14808477416530236               
23      46             -0.148216459157742                 
22      40             -0.14823375161894986               
7       21             -0.14829308215158538               
32      51             -0.14829898483455406               
44      52             -0.14921288349625317               
5       35             -0.14962346311634883               
21      32             -0.14990035799803164               
13      47             -0.14998096935148614               
9       16             -0.15001525421224346               
7       22             -0.15023990674730198               
2       7              -0.15040962046439657               
26      51             -0.1504129032994278                
4       38             -0.15258625121514                  
2       52             -0.15313220311282907               
4       19             -0.1533332487566979                
31      51             -0.1534133180359526                
16      42             -0.15343086374837261               
24      45             -0.1544873504002005                
16      27             -0.15460339593031716               
24      34             -0.15467701185448468               
32      42             -0.1547693991472179                
10      19             -0.15490486210792231               
16      45             -0.15501940248424667               
31      35             -0.15529524831976815               
10      18             -0.15572378146911692               
22      48             -0.1561489209260687                
12      18             -0.15625444799701496               
24      51             -0.15797730649283742               
7       19             -0.15827811172096304               
23      29             -0.1584529628195588                
26      43             -0.1585664536810062                
6       34             -0.15862386281571975               
18      42             -0.1593350275031261                
39      42             -0.16026371862233874               
22      29             -0.16036502302254213               
26      52             -0.16050102926478976               
25      45             -0.16152599421444327               
25      40             -0.16174990634063524               
9       30             -0.16212077917631168               
15      45             -0.16265782420926184               
16      51             -0.16293171366848236               
2       36             -0.1631276858409657                
3       47             -0.16345972807006773               
11      32             -0.16368980683409723               
33      39             -0.16426201916066996               
1       47             -0.16455223359169485               
4       12             -0.16665500010806608               
11      46             -0.16679599079889268               
8       16             -0.1670583428355713                
35      43             -0.16751165866667966               
9       49             -0.1684201281784117                
18      33             -0.16847290380489935               
4       33             -0.16980468988896533               
29      31             -0.1699729709192244                
17      34             -0.17027455786784773               
9       41             -0.17062161725587277               
10      32             -0.17116982079835616               
9       46             -0.17127235315717382               
16      28             -0.17196112841509298               
43      44             -0.17199711469292273               
35      45             -0.17225574562655888               
10      31             -0.17231151075121368               
45      49             -0.17236557322079604               
7       40             -0.1725710835843764                
4       30             -0.17275678751121415               
2       19             -0.1733628752267176                
21      49             -0.17361689881135695               
20      22             -0.17364061890885063               
14      37             -0.1738107415086132                
6       41             -0.17384574984621282               
29      36             -0.17416872869215688               
23      28             -0.17423543631772215               
13      20             -0.17437259010663173               
19      48             -0.17477423025114924               
3       43             -0.17487245671660506               
8       42             -0.17504811304305035               
26      38             -0.17579116801736594               
27      35             -0.17591512251269859               
3       19             -0.17595056395783656               
13      31             -0.1760828848457107                
17      46             -0.17669007599277148               
12      15             -0.1768830590405698                
14      29             -0.1771577337532659                
8       24             -0.1772874658706624                
3       10             -0.1772931979924691                
4       27             -0.1773634224447388                
2       51             -0.17745066013257235               
15      38             -0.17768478274656663               
8       46             -0.17774284200038692               
14      20             -0.17804796039284407               
11      36             -0.17827604609125036               
10      38             -0.17872489792995677               
17      35             -0.17916666119626032               
18      21             -0.17928748872932415               
2       27             -0.18020464506933934               
21      26             -0.18043294657661596               
21      24             -0.18063613189699493               
30      39             -0.18063870313242386               
7       49             -0.18156644400340521               
6       33             -0.18174322301883733               
12      17             -0.1838314242309704                
11      42             -0.183865331724112                 
19      28             -0.1839571117520257                
16      21             -0.1839659772590579                
5       10             -0.18401385702836942               
3       42             -0.1844023737724333                
12      29             -0.1847801350887811                
31      50             -0.18518114429900775               
11      17             -0.18520796357305977               
31      47             -0.18528326877571816               
5       50             -0.18545671884506254               
45      48             -0.1854779800477917                
26      46             -0.18570358429518338               
26      42             -0.18721732760188342               
8       50             -0.18738768772751296               
18      46             -0.18745825895377133               
43      49             -0.18782711409454456               
23      34             -0.1887534622463598                
15      35             -0.189850012751705                 
31      33             -0.1909283755941919                
22      49             -0.19097797115361842               
19      47             -0.19155243365032193               
23      51             -0.19156937219745238               
12      38             -0.19167291635933031               
12      39             -0.19188060624370762               
2       29             -0.19219162259279512               
4       47             -0.1927906302838322                
4       41             -0.192913631551008                 
23      33             -0.19435192450704825               
10      13             -0.19438688017925432               
21      39             -0.19439304408627692               
6       27             -0.19473396227716117               
22      25             -0.19534894802243116               
5       29             -0.1958542301586449                
10      40             -0.19646733117369086               
45      52             -0.19652633448360382               
20      33             -0.19658501148540108               
29      30             -0.19688853281719065               
2       22             -0.1970572570835366                
16      47             -0.2005683558075177                
26      47             -0.20062552343805568               
41      48             -0.20117028182789742               
19      33             -0.20167784346216247               
8       38             -0.2021776763357807                
32      41             -0.20226566946545543               
10      48             -0.20260875059398686               
32      35             -0.20269716558056322               
17      43             -0.20338407940365333               
49      51             -0.20420180187020137               
4       44             -0.20593589868662043               
18      43             -0.20654481061260568               
3       22             -0.206804752752984                 
11      31             -0.20725997559462048               
41      51             -0.20786544776643173               
2       35             -0.20789036005989234               
20      44             -0.207944050787916                 
3       9              -0.21083499254967092               
26      33             -0.2122261283868377                
14      36             -0.21231793051909648               
20      50             -0.21309772656640444               
46      52             -0.21629037595235218               
15      30             -0.21631945543612724               
23      47             -0.21640810724681686               
6       19             -0.21652403814433063               
5       27             -0.21673264672949302               
5       28             -0.2180161823903175                
36      46             -0.21873155844611764               
2       9              -0.21904709311792953               
4       21             -0.21915786185579417               
36      39             -0.2195927682531283                
6       44             -0.22273400211773517               
6       46             -0.22381159850413257               
22      46             -0.2252175068429153                
3       50             -0.2257983279062301                
15      44             -0.22782973150253386               
1       46             -0.22826626715851042               
5       47             -0.2282989063683242                
14      28             -0.2285635250025809                
11      14             -0.22990493833525044               
15      33             -0.23068681743943106               
23      43             -0.23077318500096716               
37      45             -0.23191727281502514               
10      15             -0.2322797765799143                
25      47             -0.2343700716471777                
14      38             -0.23469363783413016               
14      51             -0.2358303190251296                
8       31             -0.23764271749750346               
15      47             -0.23783646941331654               
19      35             -0.2379267363228324                
10      50             -0.23822157450887438               
4       42             -0.2388666268479673                
9       42             -0.24056810050279143               
1       51             -0.24116897497155435               
5       9              -0.2416972787213751                
9       31             -0.24170717171660702               
4       35             -0.24331687475082625               
21      50             -0.24376027941287126               
22      44             -0.24427289540308558               
17      42             -0.24456272618031205               
37      42             -0.24485815401671263               
44      45             -0.24544829043895725               
12      25             -0.24559307207508982               
5       51             -0.24564285759100735               
5       30             -0.24597959473432746               
17      41             -0.25473813772696396               
24      42             -0.2552149203657845                
19      21             -0.2575126034863492                
31      34             -0.2613403995163774                
5       34             -0.2613798425502375                
12      23             -0.26146867305479005               
1       43             -0.26338251978684085               
6       47             -0.2649533900619332                
6       50             -0.2659289202588425                
19      30             -0.26729796084893975               
24      41             -0.2703926989754469                
16      41             -0.2724541402526941                
16      35             -0.27247822136472916               
35      52             -0.2799902083624398                
9       44             -0.2829129204217277                
7       9              -0.28397564952111426               
14      30             -0.28583360647416234               
11      41             -0.2859947819725112                
9       50             -0.2873336658524453                
30      36             -0.30666244602499915               
11      34             -0.31412668977452163               
13      51             -0.3353247162513488                
10      44             -0.33893434842598136               
