#======================================================================
# PARAMETERS USED FOR THIS COMPUTATION: 
#      Sequence type: RNA
#      Total number of sequences in alignment data: 5
#      Length of sequences in alignment data: 43
#      Effective number of sequences: 2.0
#      Value of sequence identity: 0.8
#      Value of relative pseudocount: 0.5
# The First and Second columns represent sites and the
# Third column is MFDCA Frobenius norm, average product corrected (APC) DCA score
#======================================================================
2       3              1.7358307745998462                 
3       43             0.8997721314373142                 
2       43             0.8997721314373137                 
2       42             0.8997721314373137                 
3       42             0.8997721314373136                 
42      43             0.7071312024639056                 
1       2              0.4964084304792261                 
1       3              0.49640843047922495                
1       12             0.35661078738452723                
1       43             0.254256445225831                  
1       42             0.254256445225831                  
11      14             0.19978669528371115                
8       16             0.199786695283711                  
11      13             0.19978669528371099                
6       8              0.19978669528371099                
10      13             0.19978669528371087                
8       15             0.19978669528371076                
8       17             0.19978669528371049                
10      14             0.19978669528371043                
7       13             0.19978669528371035                
6       14             0.19978669528371026                
13      14             0.19978669528371007                
7       8              0.1997866952837098                 
14      16             0.1997866952837097                 
6       13             0.1997866952837097                 
7       14             0.19978669528370963                
15      16             0.1997866952837096                 
6       15             0.1997866952837096                 
13      16             0.19978669528370943                
10      16             0.1997866952837094                 
16      17             0.19978669528370938                
13      15             0.19978669528370935                
9       14             0.19978669528370935                
7       16             0.19978669528370935                
8       13             0.19978669528370932                
15      17             0.19978669528370926                
13      17             0.19978669528370924                
11      15             0.1997866952837092                 
14      17             0.19978669528370918                
14      15             0.19978669528370913                
9       17             0.19978669528370913                
10      17             0.1997866952837091                 
6       17             0.19978669528370904                
9       16             0.19978669528370904                
9       15             0.19978669528370901                
10      15             0.199786695283709                  
6       11             0.199786695283709                  
7       15             0.19978669528370896                
6       7              0.19978669528370896                
11      17             0.19978669528370888                
9       10             0.19978669528370888                
9       13             0.19978669528370885                
7       9              0.19978669528370882                
6       16             0.19978669528370874                
7       17             0.19978669528370874                
11      16             0.19978669528370868                
8       14             0.19978669528370865                
9       11             0.19978669528370854                
7       10             0.19978669528370852                
10      11             0.1997866952837084                 
6       9              0.19978669528370835                
8       9              0.1997866952837081                 
7       11             0.19978669528370802                
6       10             0.199786695283708                  
8       10             0.19978669528370782                
8       11             0.19978669528370743                
3       12             0.17925805636904618                
2       12             0.17925805636904588                
12      13             0.11665555809234202                
12      14             0.1166555580923414                 
9       12             0.11665555809234099                
7       12             0.11665555809234077                
10      12             0.11665555809234074                
11      12             0.11665555809234054                
8       12             0.11665555809234038                
12      15             0.11665555809234016                
6       12             0.11665555809234007                
12      17             0.11665555809233996                
12      16             0.1166555580923399                 
5       19             0.0418797192333534                 
4       21             0.0418797192333534                 
5       20             0.041879719233353374               
4       18             0.04187971923335329                
5       18             0.04187971923335318                
4       20             0.04187971923335318                
4       19             0.041879719233353124               
5       21             0.0418797192333529                 
4       22             0.0418797192333524                 
19      23             0.0418797192333524                 
19      24             0.04187971923335235                
5       22             0.04187971923335229                
20      21             0.04187971923335229                
23      24             0.041879719233351875               
18      20             0.04187971923335185                
18      23             0.041879719233351764               
18      24             0.041879719233351764               
20      22             0.04187971923335157                
18      21             0.04187971923335154                
19      21             0.04187971923335124                
26      33             0.04187971923335121                
23      26             0.041879719233351154               
23      37             0.041879719233351154               
23      40             0.041879719233351154               
23      41             0.041879719233351154               
26      31             0.041879719233351154               
26      37             0.041879719233351154               
26      38             0.041879719233351154               
26      40             0.041879719233351154               
26      41             0.041879719233351154               
27      36             0.041879719233351154               
27      37             0.041879719233351154               
27      40             0.041879719233351154               
27      41             0.041879719233351154               
30      35             0.041879719233351154               
30      37             0.041879719233351154               
30      40             0.041879719233351154               
30      41             0.041879719233351154               
29      33             0.0418797192333511                 
29      35             0.0418797192333511                 
29      36             0.0418797192333511                 
29      37             0.0418797192333511                 
29      38             0.0418797192333511                 
29      40             0.0418797192333511                 
29      41             0.0418797192333511                 
23      33             0.0418797192333511                 
23      35             0.0418797192333511                 
23      36             0.0418797192333511                 
25      33             0.0418797192333511                 
25      35             0.0418797192333511                 
25      37             0.0418797192333511                 
25      38             0.0418797192333511                 
25      40             0.0418797192333511                 
25      41             0.0418797192333511                 
26      34             0.0418797192333511                 
26      35             0.0418797192333511                 
26      36             0.0418797192333511                 
27      33             0.0418797192333511                 
27      34             0.0418797192333511                 
27      35             0.0418797192333511                 
27      38             0.0418797192333511                 
30      33             0.0418797192333511                 
30      36             0.0418797192333511                 
30      38             0.0418797192333511                 
34      41             0.0418797192333511                 
24      25             0.0418797192333511                 
24      30             0.0418797192333511                 
24      35             0.0418797192333511                 
24      38             0.0418797192333511                 
24      40             0.0418797192333511                 
23      32             0.04187971923335107                
30      39             0.04187971923335107                
19      20             0.04187971923335104                
28      33             0.04187971923335104                
28      36             0.04187971923335104                
28      37             0.04187971923335104                
28      40             0.04187971923335104                
28      41             0.04187971923335104                
23      38             0.04187971923335104                
25      26             0.04187971923335104                
26      30             0.04187971923335104                
27      30             0.04187971923335104                
27      31             0.04187971923335104                
34      35             0.04187971923335104                
35      38             0.04187971923335104                
35      40             0.04187971923335104                
36      41             0.04187971923335104                
37      41             0.04187971923335104                
24      31             0.04187971923335104                
24      33             0.04187971923335104                
24      34             0.04187971923335104                
24      36             0.04187971923335104                
24      41             0.04187971923335104                
18      19             0.041879719233351015               
23      39             0.041879719233351015               
25      39             0.041879719233351015               
26      32             0.041879719233351015               
26      39             0.041879719233351015               
27      39             0.041879719233351015               
30      32             0.041879719233351015               
31      32             0.041879719233351015               
34      39             0.041879719233351015               
24      39             0.041879719233351015               
28      32             0.04187971923335099                
29      32             0.04187971923335099                
28      38             0.04187971923335099                
29      31             0.04187971923335099                
29      34             0.04187971923335099                
32      35             0.04187971923335099                
32      37             0.04187971923335099                
32      40             0.04187971923335099                
32      41             0.04187971923335099                
23      25             0.04187971923335099                
23      30             0.04187971923335099                
23      31             0.04187971923335099                
23      34             0.04187971923335099                
25      36             0.04187971923335099                
30      31             0.04187971923335099                
30      34             0.04187971923335099                
31      36             0.04187971923335099                
31      40             0.04187971923335099                
31      41             0.04187971923335099                
33      37             0.04187971923335099                
33      41             0.04187971923335099                
34      36             0.04187971923335099                
34      37             0.04187971923335099                
34      38             0.04187971923335099                
34      40             0.04187971923335099                
35      41             0.04187971923335099                
37      40             0.04187971923335099                
24      37             0.04187971923335099                
25      32             0.04187971923335096                
26      29             0.04187971923335096                
27      32             0.04187971923335096                
35      39             0.04187971923335096                
36      39             0.04187971923335096                
29      39             0.04187971923335093                
28      35             0.04187971923335093                
29      30             0.04187971923335093                
32      38             0.04187971923335093                
25      30             0.04187971923335093                
25      31             0.04187971923335093                
25      34             0.04187971923335093                
31      33             0.04187971923335093                
31      34             0.04187971923335093                
31      35             0.04187971923335093                
31      37             0.04187971923335093                
31      38             0.04187971923335093                
33      35             0.04187971923335093                
33      36             0.04187971923335093                
33      38             0.04187971923335093                
33      40             0.04187971923335093                
35      36             0.04187971923335093                
35      37             0.04187971923335093                
36      37             0.04187971923335093                
36      38             0.04187971923335093                
36      40             0.04187971923335093                
37      38             0.04187971923335093                
38      41             0.04187971923335093                
24      26             0.04187971923335093                
23      28             0.041879719233350904               
31      39             0.041879719233350904               
33      39             0.041879719233350904               
37      39             0.041879719233350904               
24      32             0.041879719233350904               
28      39             0.041879719233350876               
28      30             0.041879719233350876               
28      31             0.041879719233350876               
28      34             0.041879719233350876               
32      33             0.041879719233350876               
32      34             0.041879719233350876               
32      36             0.041879719233350876               
39      41             0.041879719233350876               
33      34             0.041879719233350876               
38      40             0.041879719233350876               
40      41             0.041879719233350876               
23      29             0.04187971923335085                
25      29             0.04187971923335085                
27      29             0.04187971923335085                
24      29             0.04187971923335085                
18      22             0.04187971923335082                
39      40             0.04187971923335082                
26      27             0.04187971923335082                
24      27             0.04187971923335082                
26      28             0.04187971923335079                
27      28             0.04187971923335079                
38      39             0.04187971923335079                
24      28             0.04187971923335079                
28      29             0.041879719233350765               
32      39             0.041879719233350765               
23      27             0.041879719233350765               
25      27             0.041879719233350765               
25      28             0.04187971923335074                
19      22             0.041879719233350626               
21      22             0.041879719233350515               
4       5              0.041879719233350404               
22      27             0.04187971923335024                
20      24             0.04187971923335024                
4       23             0.04187971923335024                
22      26             0.04187971923335018                
22      30             0.04187971923335018                
22      31             0.04187971923335018                
22      33             0.04187971923335018                
22      34             0.04187971923335018                
22      35             0.04187971923335018                
22      36             0.04187971923335018                
22      37             0.04187971923335018                
22      38             0.04187971923335018                
22      40             0.04187971923335018                
22      41             0.04187971923335018                
22      25             0.04187971923335013                
20      23             0.04187971923335013                
22      28             0.0418797192333501                 
22      29             0.0418797192333501                 
22      32             0.04187971923335004                
22      39             0.04187971923335004                
22      24             0.041879719233350016               
22      23             0.041879719233349905               
21      25             0.04187971923334963                
21      26             0.04187971923334963                
21      34             0.04187971923334963                
21      35             0.04187971923334963                
21      37             0.04187971923334963                
21      40             0.04187971923334963                
21      41             0.04187971923334963                
4       24             0.04187971923334963                
21      28             0.04187971923334957                
21      31             0.04187971923334957                
21      39             0.041879719233349516               
21      30             0.041879719233349516               
21      36             0.041879719233349516               
21      38             0.041879719233349516               
21      27             0.04187971923334946                
21      33             0.04187971923334946                
21      29             0.04187971923334935                
21      32             0.04187971923334935                
4       26             0.04187971923334935                
5       26             0.041879719233349294               
5       27             0.041879719233349294               
5       37             0.04187971923334924                
5       40             0.04187971923334924                
5       41             0.04187971923334924                
20      25             0.04187971923334924                
20      34             0.04187971923334924                
4       34             0.04187971923334924                
4       36             0.04187971923334924                
4       37             0.04187971923334924                
4       40             0.04187971923334924                
4       41             0.04187971923334924                
20      28             0.04187971923334921                
20      29             0.04187971923334921                
4       28             0.04187971923334921                
4       39             0.04187971923334921                
5       28             0.04187971923334918                
5       30             0.04187971923334918                
5       31             0.04187971923334918                
5       33             0.04187971923334918                
5       34             0.04187971923334918                
19      26             0.04187971923334918                
19      27             0.04187971923334918                
19      40             0.04187971923334918                
20      26             0.04187971923334918                
20      27             0.04187971923334918                
20      30             0.04187971923334918                
20      31             0.04187971923334918                
20      33             0.04187971923334918                
20      36             0.04187971923334918                
20      41             0.04187971923334918                
4       27             0.04187971923334918                
4       35             0.04187971923334918                
18      25             0.041879719233349155               
20      32             0.041879719233349155               
4       29             0.041879719233349155               
5       29             0.04187971923334913                
19      29             0.04187971923334913                
19      32             0.04187971923334913                
5       35             0.04187971923334913                
5       36             0.04187971923334913                
20      35             0.04187971923334913                
20      37             0.04187971923334913                
20      38             0.04187971923334913                
20      40             0.04187971923334913                
4       31             0.04187971923334913                
4       33             0.04187971923334913                
4       38             0.04187971923334913                
18      26             0.0418797192333491                 
18      33             0.0418797192333491                 
20      39             0.0418797192333491                 
5       32             0.04187971923334907                
5       39             0.04187971923334907                
19      39             0.04187971923334907                
5       38             0.04187971923334907                
19      25             0.04187971923334907                
19      30             0.04187971923334907                
19      31             0.04187971923334907                
19      33             0.04187971923334907                
19      34             0.04187971923334907                
19      35             0.04187971923334907                
19      36             0.04187971923334907                
19      37             0.04187971923334907                
19      38             0.04187971923334907                
19      41             0.04187971923334907                
4       30             0.04187971923334907                
18      30             0.041879719233349044               
18      31             0.041879719233349044               
4       32             0.041879719233349044               
5       25             0.041879719233349016               
18      39             0.04187971923334899                
18      27             0.04187971923334899                
18      34             0.04187971923334899                
18      35             0.04187971923334899                
18      37             0.04187971923334899                
18      38             0.04187971923334899                
18      40             0.04187971923334899                
18      41             0.04187971923334899                
19      28             0.04187971923334896                
18      32             0.04187971923334893                
18      36             0.04187971923334893                
4       25             0.041879719233348905               
18      29             0.04187971923334888                
18      28             0.04187971923334871                
21      23             0.04187971923334807                
21      24             0.04187971923334785                
5       24             0.04187971923334774                
5       23             0.04187971923334752                
12      42             0.022841376111080128               
12      43             0.022841376111080072               
1       18             -0.02496402877552792               
1       20             -0.024964028775527947              
1       21             -0.024964028775527974              
1       19             -0.024964028775528002              
1       22             -0.024964028775528474              
1       5              -0.02496402877552853               
1       23             -0.02496402877552889               
1       24             -0.024964028775528918              
1       4              -0.024964028775529723              
1       41             -0.02496402877553039               
1       25             -0.024964028775530445              
1       30             -0.024964028775530445              
1       37             -0.024964028775530445              
1       38             -0.024964028775530445              
1       31             -0.024964028775530472              
1       33             -0.024964028775530472              
1       34             -0.024964028775530472              
1       36             -0.024964028775530472              
1       26             -0.0249640287755305                
1       27             -0.0249640287755305                
1       35             -0.0249640287755305                
1       40             -0.0249640287755305                
1       28             -0.024964028775530528              
1       29             -0.024964028775530528              
1       39             -0.024964028775530528              
1       32             -0.024964028775530583              
26      42             -0.0508073513439313                
24      42             -0.0508073513439313                
25      42             -0.05080735134393133               
34      42             -0.05080735134393133               
35      42             -0.05080735134393133               
23      42             -0.050807351343931356              
27      42             -0.050807351343931356              
30      42             -0.050807351343931356              
31      42             -0.050807351343931356              
33      42             -0.050807351343931356              
37      42             -0.050807351343931356              
41      42             -0.050807351343931356              
24      43             -0.050807351343931384              
28      42             -0.050807351343931384              
29      42             -0.050807351343931384              
32      42             -0.050807351343931384              
39      42             -0.050807351343931384              
36      42             -0.050807351343931384              
38      42             -0.050807351343931384              
40      42             -0.050807351343931384              
26      43             -0.05080735134393141               
23      43             -0.05080735134393144               
25      43             -0.05080735134393144               
30      43             -0.05080735134393144               
35      43             -0.05080735134393144               
37      43             -0.05080735134393144               
28      43             -0.05080735134393147               
29      43             -0.05080735134393147               
27      43             -0.05080735134393147               
31      43             -0.05080735134393147               
33      43             -0.05080735134393147               
34      43             -0.05080735134393147               
38      43             -0.05080735134393147               
40      43             -0.05080735134393147               
32      43             -0.050807351343931495              
39      43             -0.050807351343931495              
36      43             -0.050807351343931495              
41      43             -0.050807351343931495              
5       42             -0.05080735134393266               
5       43             -0.0508073513439328                
4       42             -0.05080735134393305               
4       43             -0.050807351343933105              
18      42             -0.050807351343933604              
18      43             -0.05080735134393369               
20      42             -0.050807351343934076              
20      43             -0.05080735134393413               
19      42             -0.05080735134393438               
19      43             -0.05080735134393449               
21      42             -0.050807351343934964              
21      43             -0.0508073513439351                
22      42             -0.0508073513439353                
22      43             -0.05080735134393541               
5       15             -0.05634349006834377               
4       13             -0.05634349006834388               
8       20             -0.05634349006834399               
5       13             -0.056343490068344076              
5       14             -0.056343490068344076              
6       19             -0.056343490068344104              
5       10             -0.05634349006834413               
8       19             -0.05634349006834413               
4       14             -0.05634349006834413               
6       18             -0.05634349006834416               
7       18             -0.05634349006834416               
6       20             -0.05634349006834416               
7       20             -0.05634349006834416               
8       18             -0.05634349006834419               
11      19             -0.05634349006834419               
7       19             -0.05634349006834419               
6       21             -0.056343490068344215              
11      18             -0.05634349006834424               
5       16             -0.05634349006834427               
8       21             -0.05634349006834427               
10      20             -0.05634349006834427               
11      21             -0.05634349006834427               
9       19             -0.05634349006834427               
5       17             -0.0563434900683443                
9       21             -0.0563434900683443                
11      20             -0.056343490068344326              
4       16             -0.056343490068344326              
5       11             -0.056343490068344354              
9       20             -0.056343490068344354              
7       21             -0.05634349006834441               
9       18             -0.05634349006834441               
10      19             -0.05634349006834444               
16      18             -0.05634349006834449               
16      20             -0.05634349006834449               
13      20             -0.05634349006834452               
5       9              -0.05634349006834452               
15      21             -0.05634349006834455               
15      18             -0.05634349006834455               
10      18             -0.056343490068344604              
15      20             -0.056343490068344604              
16      21             -0.05634349006834463               
13      19             -0.05634349006834466               
10      21             -0.05634349006834466               
15      19             -0.05634349006834466               
17      20             -0.05634349006834466               
13      21             -0.05634349006834469               
9       22             -0.05634349006834469               
16      19             -0.05634349006834469               
6       22             -0.056343490068344715              
4       17             -0.056343490068344715              
13      18             -0.05634349006834477               
4       11             -0.056343490068344826              
8       22             -0.05634349006834491               
7       22             -0.056343490068344965              
14      18             -0.056343490068344965              
17      21             -0.056343490068344965              
17      19             -0.05634349006834499               
17      24             -0.05634349006834499               
11      22             -0.05634349006834502               
17      23             -0.05634349006834505               
15      22             -0.0563434900683451                
10      22             -0.0563434900683451                
14      20             -0.0563434900683451                
16      22             -0.05634349006834513               
4       15             -0.05634349006834513               
14      19             -0.05634349006834516               
17      18             -0.05634349006834516               
13      22             -0.05634349006834519               
14      21             -0.05634349006834519               
4       10             -0.05634349006834519               
17      22             -0.0563434900683453                
14      22             -0.05634349006834552               
5       8              -0.05634349006834552               
16      24             -0.05634349006834577               
16      23             -0.0563434900683458                
4       7              -0.0563434900683458                
6       26             -0.05634349006834585               
6       37             -0.05634349006834585               
6       41             -0.05634349006834585               
5       6              -0.05634349006834588               
6       27             -0.05634349006834588               
6       30             -0.05634349006834588               
6       33             -0.05634349006834588               
6       35             -0.05634349006834588               
6       36             -0.05634349006834588               
6       40             -0.05634349006834588               
6       25             -0.05634349006834591               
6       31             -0.05634349006834591               
6       38             -0.05634349006834591               
6       34             -0.056343490068345936              
6       39             -0.056343490068345964              
4       9              -0.056343490068345964              
6       28             -0.05634349006834599               
6       29             -0.05634349006834599               
8       40             -0.05634349006834599               
8       41             -0.05634349006834599               
9       34             -0.05634349006834599               
9       38             -0.05634349006834599               
9       40             -0.05634349006834599               
9       41             -0.05634349006834599               
6       32             -0.05634349006834602               
8       27             -0.05634349006834602               
8       31             -0.05634349006834602               
8       36             -0.05634349006834602               
8       37             -0.05634349006834602               
7       23             -0.05634349006834602               
9       27             -0.05634349006834602               
9       30             -0.05634349006834602               
9       33             -0.05634349006834602               
9       35             -0.05634349006834602               
9       36             -0.05634349006834602               
9       37             -0.05634349006834602               
8       30             -0.05634349006834605               
8       33             -0.05634349006834605               
8       34             -0.05634349006834605               
8       35             -0.05634349006834605               
8       38             -0.05634349006834605               
7       30             -0.05634349006834605               
7       33             -0.05634349006834605               
7       41             -0.05634349006834605               
9       25             -0.05634349006834605               
9       26             -0.05634349006834605               
8       25             -0.056343490068346075              
8       26             -0.056343490068346075              
11      33             -0.056343490068346075              
11      34             -0.056343490068346075              
11      35             -0.056343490068346075              
11      41             -0.056343490068346075              
7       25             -0.056343490068346075              
7       31             -0.056343490068346075              
7       36             -0.056343490068346075              
7       37             -0.056343490068346075              
9       39             -0.056343490068346075              
9       31             -0.056343490068346075              
8       28             -0.0563434900683461                
8       29             -0.0563434900683461                
11      32             -0.0563434900683461                
11      26             -0.0563434900683461                
11      31             -0.0563434900683461                
11      36             -0.0563434900683461                
11      37             -0.0563434900683461                
11      38             -0.0563434900683461                
11      40             -0.0563434900683461                
7       27             -0.0563434900683461                
7       35             -0.0563434900683461                
7       38             -0.0563434900683461                
7       40             -0.0563434900683461                
9       28             -0.0563434900683461                
9       29             -0.0563434900683461                
8       32             -0.05634349006834613               
8       39             -0.05634349006834613               
11      28             -0.05634349006834613               
11      27             -0.05634349006834613               
7       29             -0.05634349006834613               
7       39             -0.05634349006834613               
4       8              -0.05634349006834613               
7       34             -0.05634349006834613               
9       32             -0.05634349006834613               
7       24             -0.05634349006834613               
11      30             -0.05634349006834616               
4       6              -0.05634349006834616               
7       26             -0.05634349006834616               
10      41             -0.056343490068346186              
11      29             -0.056343490068346186              
11      39             -0.056343490068346186              
11      25             -0.056343490068346186              
7       28             -0.056343490068346186              
10      27             -0.056343490068346214              
10      30             -0.056343490068346214              
10      36             -0.056343490068346214              
10      37             -0.056343490068346214              
10      38             -0.056343490068346214              
10      40             -0.056343490068346214              
7       32             -0.056343490068346214              
9       23             -0.056343490068346214              
10      25             -0.05634349006834624               
10      31             -0.05634349006834624               
10      34             -0.05634349006834624               
10      35             -0.05634349006834624               
5       7              -0.05634349006834627               
10      32             -0.0563434900683463                
10      39             -0.0563434900683463                
10      33             -0.0563434900683463                
10      28             -0.056343490068346325              
10      29             -0.056343490068346325              
9       24             -0.056343490068346325              
14      41             -0.05634349006834638               
10      26             -0.05634349006834638               
14      34             -0.05634349006834641               
14      35             -0.05634349006834641               
14      36             -0.05634349006834641               
14      37             -0.05634349006834641               
14      38             -0.05634349006834641               
15      24             -0.05634349006834641               
17      40             -0.05634349006834641               
17      41             -0.05634349006834641               
14      30             -0.056343490068346436              
14      33             -0.056343490068346436              
14      40             -0.056343490068346436              
15      23             -0.056343490068346436              
17      34             -0.056343490068346436              
17      37             -0.056343490068346436              
17      38             -0.056343490068346436              
15      37             -0.05634349006834646               
15      38             -0.05634349006834646               
15      40             -0.05634349006834646               
15      41             -0.05634349006834646               
16      41             -0.05634349006834646               
17      27             -0.05634349006834646               
17      35             -0.05634349006834646               
17      36             -0.05634349006834646               
14      29             -0.05634349006834649               
14      39             -0.05634349006834649               
14      25             -0.05634349006834649               
14      27             -0.05634349006834649               
14      31             -0.05634349006834649               
15      33             -0.05634349006834649               
15      34             -0.05634349006834649               
15      35             -0.05634349006834649               
16      27             -0.05634349006834649               
16      37             -0.05634349006834649               
17      25             -0.05634349006834649               
17      30             -0.05634349006834649               
14      26             -0.05634349006834652               
15      30             -0.05634349006834652               
15      31             -0.05634349006834652               
15      36             -0.05634349006834652               
16      33             -0.05634349006834652               
16      38             -0.05634349006834652               
16      40             -0.05634349006834652               
17      39             -0.05634349006834652               
17      31             -0.05634349006834652               
17      33             -0.05634349006834652               
14      32             -0.05634349006834655               
15      27             -0.05634349006834655               
16      25             -0.05634349006834655               
16      26             -0.05634349006834655               
16      30             -0.05634349006834655               
16      31             -0.05634349006834655               
16      34             -0.05634349006834655               
16      35             -0.05634349006834655               
16      36             -0.05634349006834655               
17      26             -0.05634349006834655               
14      28             -0.056343490068346574              
15      29             -0.056343490068346574              
15      39             -0.056343490068346574              
16      28             -0.056343490068346574              
16      39             -0.056343490068346574              
17      28             -0.056343490068346574              
17      32             -0.056343490068346574              
15      32             -0.0563434900683466                
16      32             -0.0563434900683466                
17      29             -0.0563434900683466                
15      28             -0.05634349006834663               
16      29             -0.05634349006834663               
15      25             -0.05634349006834663               
15      26             -0.05634349006834663               
13      30             -0.056343490068346685              
13      34             -0.05634349006834671               
13      35             -0.05634349006834671               
13      36             -0.05634349006834671               
13      40             -0.05634349006834671               
13      41             -0.05634349006834671               
13      26             -0.05634349006834674               
13      37             -0.05634349006834674               
13      38             -0.05634349006834674               
13      29             -0.05634349006834677               
13      39             -0.05634349006834677               
13      27             -0.05634349006834677               
13      31             -0.05634349006834677               
13      33             -0.05634349006834677               
13      32             -0.056343490068346797              
13      25             -0.056343490068346797              
13      28             -0.05634349006834685               
8       24             -0.05634349006834691               
10      24             -0.05634349006834696               
8       23             -0.05634349006834696               
10      23             -0.05634349006834713               
6       23             -0.05634349006834727               
6       24             -0.05634349006834727               
11      23             -0.056343490068347324              
11      24             -0.056343490068347324              
14      24             -0.05634349006834763               
14      23             -0.056343490068347685              
13      23             -0.05634349006834774               
13      24             -0.05634349006834777               
12      20             -0.08019910574272589               
12      19             -0.08019910574272614               
12      21             -0.0801991057427262                
12      18             -0.08019910574272629               
12      22             -0.08019910574272655               
5       12             -0.08019910574272661               
12      31             -0.08019910574272705               
12      30             -0.08019910574272707               
12      35             -0.08019910574272707               
12      38             -0.08019910574272708               
12      33             -0.0801991057427271                
12      41             -0.0801991057427271                
12      29             -0.08019910574272711               
12      34             -0.08019910574272711               
12      36             -0.08019910574272711               
12      37             -0.08019910574272711               
12      40             -0.08019910574272711               
12      39             -0.08019910574272714               
12      25             -0.08019910574272715               
12      27             -0.08019910574272716               
12      32             -0.08019910574272718               
12      28             -0.08019910574272723               
12      26             -0.08019910574272726               
4       12             -0.08019910574272796               
12      24             -0.08019910574272904               
12      23             -0.08019910574272905               
3       5              -0.10172132479791314               
3       23             -0.10172132479791329               
3       24             -0.10172132479791329               
3       20             -0.10172132479791346               
3       19             -0.10172132479791349               
3       18             -0.10172132479791358               
2       19             -0.1017213247979136                
2       18             -0.10172132479791361               
3       21             -0.10172132479791365               
2       20             -0.10172132479791374               
2       21             -0.10172132479791376               
3       4              -0.10172132479791389               
2       4              -0.101721324797914                 
3       22             -0.1017213247979143                
2       22             -0.10172132479791436               
2       5              -0.10172132479791456               
2       24             -0.10172132479791456               
2       23             -0.10172132479791461               
3       25             -0.10172132479791524               
3       41             -0.10172132479791524               
3       40             -0.10172132479791525               
3       35             -0.10172132479791526               
3       36             -0.10172132479791526               
3       37             -0.10172132479791526               
3       27             -0.10172132479791528               
3       30             -0.10172132479791529               
3       31             -0.10172132479791529               
3       33             -0.10172132479791529               
3       34             -0.10172132479791529               
3       26             -0.1017213247979153                
3       38             -0.1017213247979153                
3       32             -0.10172132479791536               
3       29             -0.10172132479791537               
2       25             -0.10172132479791539               
2       27             -0.10172132479791539               
2       38             -0.10172132479791539               
3       39             -0.10172132479791539               
2       40             -0.1017213247979154                
2       30             -0.10172132479791542               
2       34             -0.10172132479791542               
2       35             -0.10172132479791542               
2       36             -0.10172132479791542               
2       37             -0.10172132479791542               
2       41             -0.10172132479791542               
3       28             -0.10172132479791542               
2       26             -0.10172132479791543               
2       33             -0.10172132479791546               
2       39             -0.10172132479791547               
2       31             -0.10172132479791547               
2       29             -0.10172132479791549               
2       32             -0.10172132479791553               
2       28             -0.10172132479791554               
1       14             -0.11142067866269544               
1       13             -0.11142067866269546               
1       17             -0.1114206786626963                
1       6              -0.11142067866269632               
1       15             -0.11142067866269649               
1       16             -0.11142067866269652               
1       10             -0.11142067866269652               
1       11             -0.11142067866269659               
1       9              -0.1114206786626967                
1       7              -0.11142067866269671               
1       8              -0.11142067866269681               
10      42             -0.13618653790901566               
10      43             -0.13618653790901583               
14      42             -0.136186537909016                 
14      43             -0.13618653790901605               
9       42             -0.13618653790901608               
9       43             -0.1361865379090161                
6       42             -0.13618653790901625               
11      42             -0.1361865379090163                
16      42             -0.13618653790901633               
6       43             -0.1361865379090164                
15      42             -0.13618653790901641               
11      43             -0.13618653790901641               
16      43             -0.13618653790901647               
7       42             -0.13618653790901653               
15      43             -0.1361865379090166                
7       43             -0.13618653790901664               
13      42             -0.13618653790901672               
8       42             -0.13618653790901675               
8       43             -0.1361865379090168                
13      43             -0.13618653790901683               
17      42             -0.13618653790901697               
17      43             -0.13618653790901708               
2       7              -0.14272166544480944               
3       14             -0.14272166544480946               
2       17             -0.14272166544480946               
2       16             -0.1427216654448095                
3       13             -0.14272166544480958               
3       6              -0.14272166544480958               
3       7              -0.1427216654448096                
3       8              -0.14272166544480963               
2       13             -0.1427216654448097                
2       15             -0.1427216654448097                
2       14             -0.14272166544480974               
2       11             -0.14272166544480974               
2       8              -0.1427216654448098                
3       16             -0.1427216654448098                
2       9              -0.14272166544480985               
3       15             -0.1427216654448099                
3       17             -0.1427216654448099                
3       9              -0.14272166544480994               
2       10             -0.14272166544480996               
3       11             -0.14272166544481002               
2       6              -0.14272166544481008               
3       10             -0.14272166544481013               
