#======================================================================
# PARAMETERS USED FOR THIS COMPUTATION: 
#	Sequence type: RNA
#	Total number of sequences in alignment data: 430
#	Length of sequences in alignment data: 41
#	Value of sequence identity: 0.8
#	lambda_h: 8.0
#	lambda_J: 8.0
#	Number of gradient decent iterations: 500
# The First and Second columns represent sites and the
# Third column is PLMDCA Frobenius norm, average product corrected (APC) DCA score
#======================================================================
18      24             0.2822025083245302                 
16      26             0.20362533148414427                
8       33             0.19555500860416358                
5       36             0.1688735916592135                 
7       9              0.14305318226327066                
7       34             0.13806722680211286                
17      20             0.13279584103596292                
3       34             0.11908100633040476                
4       6              0.11678162824055628                
10      11             0.10908063416519909                
15      20             0.10344282355003614                
7       17             0.0867651516762896                 
11      12             0.08581255752710717                
9       32             0.08574743072505013                
21      22             0.08465710508247387                
7       15             0.08249020918666757                
2       36             0.07966963530923629                
15      31             0.07920527482507496                
22      23             0.07823685513278915                
16      36             0.07629406326463392                
32      34             0.07528990502765709                
10      15             0.07486354347412733                
2       34             0.07478477370804101                
3       35             0.07424622768807992                
31      32             0.07340663637021279                
21      34             0.0714673148501056                 
2       9              0.07137171127974146                
7       21             0.06970182003484315                
13      14             0.06945408199323644                
5       6              0.06941880189579505                
26      36             0.06932747062645234                
32      36             0.06890333081155556                
17      25             0.06762016192629007                
2       4              0.06683898581525427                
18      19             0.06643980026536213                
3       21             0.06640387781345772                
33      36             0.06628658900291587                
19      20             0.06475908977240558                
19      24             0.06466321234954243                
2       37             0.06448169709759065                
14      15             0.062090294953812575               
20      31             0.06152478204563096                
8       41             0.059876817042247746               
6       23             0.05975185484089125                
33      41             0.05961594047309471                
14      30             0.05954171356966187                
8       36             0.0586293452580335                 
26      33             0.05746826263295479                
7       20             0.05683508793441559                
10      20             0.05661667393753378                
16      33             0.05617240504708296                
12      16             0.054159335031520275               
2       32             0.05357373651630054                
7       11             0.05339753014027483                
21      23             0.05172183652960381                
19      41             0.051418578461896444               
15      17             0.05117391605892582                
10      17             0.05079826238790461                
7       10             0.05058618394067546                
36      41             0.05026667385174377                
12      26             0.05021580635307535                
6       13             0.04954802405713107                
32      35             0.0494361021278165                 
8       12             0.04908749991004552                
2       3              0.04831117806271436                
8       10             0.04660915880084332                
4       33             0.04612919104278436                
2       7              0.04548361352729001                
10      31             0.04545934355344591                
4       23             0.044949107187896825               
25      30             0.044759664882195016               
19      25             0.044732672519219877               
15      34             0.044047475482783344               
1       22             0.04345383521768441                
16      17             0.043224087213174875               
11      33             0.04320510075842686                
3       33             0.0428386632880029                 
16      37             0.04231273886102262                
34      35             0.040915616508197                  
28      29             0.040730842907827                  
28      38             0.04063670775762632                
29      38             0.0403706755220042                 
28      39             0.0400636451935619                 
6       36             0.039882400653049155               
8       11             0.039832657817624656               
29      39             0.039786959758794316               
38      39             0.03958838191325398                
28      30             0.0390637346790452                 
9       27             0.03887974995210179                
25      35             0.038806388449397794               
29      30             0.03874411701068044                
11      34             0.03867806209718297                
30      38             0.03838643536177669                
39      40             0.038002851004655086               
36      37             0.03768313941894662                
2       24             0.037594579169897474               
27      38             0.03741890062213632                
30      39             0.0373519743268671                 
4       5              0.03712237694124883                
14      29             0.0368854915642461                 
28      40             0.03599670602347679                
12      33             0.035923831684088706               
14      28             0.03583534399985894                
29      40             0.035741763436011                  
38      40             0.03547526815490758                
19      40             0.03518061284304741                
13      29             0.034711495911819185               
21      31             0.03435769761553069                
14      38             0.03432173491056063                
5       41             0.03387088560158438                
13      28             0.03375294373354776                
11      26             0.03371592111546905                
30      40             0.03325360575807433                
11      16             0.03317161754992272                
11      15             0.033081191436880264               
8       16             0.03304903082491828                
9       33             0.03290577664925745                
14      39             0.03254847905813768                
12      13             0.032046058151651416               
13      38             0.031817510726221035               
13      30             0.031773038934097816               
12      36             0.03156436059687309                
1       27             0.03134997406696177                
8       34             0.031303702647223416               
19      23             0.030969920801661263               
1       13             0.030751811250709943               
19      27             0.03061490861827186                
8       26             0.030561316173207842               
9       18             0.030107152575958834               
18      36             0.0294856657601464                 
13      23             0.02942359691828436                
13      21             0.02918174452700921                
9       12             0.029149951539798755               
13      39             0.029126044382185565               
22      34             0.028948166815507326               
3       10             0.028729274464075208               
31      36             0.028501977416391946               
17      31             0.027897434778617405               
14      40             0.027707230906748703               
13      40             0.027065831750870427               
27      28             0.026828393150886143               
16      25             0.02659488449062203                
24      25             0.026379001398934704               
1       7              0.02635046737860948                
27      29             0.026272410079572553               
19      26             0.026058009307567104               
8       25             0.025816063439030826               
14      23             0.025383991221333953               
14      19             0.025311133854203492               
21      25             0.025202832259858046               
1       38             0.024536185760669516               
20      23             0.024372164123039886               
4       41             0.024066349742381518               
25      37             0.024047287570817893               
19      39             0.02363113413012305                
20      41             0.023212255112860736               
14      27             0.023122954584274137               
13      15             0.023080647853243777               
2       22             0.023068259005311523               
5       9              0.023066262917938937               
3       8              0.022887471924116276               
27      39             0.02270829359387304                
19      22             0.022104143345580432               
1       30             0.02200428829493506                
18      32             0.02195794535072751                
19      28             0.02184555874086938                
19      29             0.02151096416743495                
35      37             0.021496195111316077               
11      20             0.021293334417599646               
28      37             0.021147927297287913               
3       6              0.02111410531602334                
29      37             0.020742418200230595               
9       22             0.02057180350684512                
3       12             0.020450351208017956               
37      38             0.02044491056650022                
19      38             0.020273817554584128               
9       36             0.020272538182921546               
9       31             0.019953790812361094               
17      21             0.019936235438223787               
17      19             0.019919389855159064               
12      27             0.019817949282086758               
1       29             0.019700134619334356               
12      40             0.019675147237128612               
23      32             0.019577233780115957               
16      19             0.019397341102076276               
25      40             0.01918200235934886                
30      37             0.01915419348069239                
39      41             0.019038490814163797               
12      35             0.018981561927672225               
1       28             0.018953996854141772               
1       9              0.018769429880252694               
17      37             0.018477343003895044               
6       27             0.01831801525553313                
10      35             0.018251737499508064               
23      41             0.01821350037576283                
37      39             0.01820910021736237                
18      22             0.01819414501979358                
28      35             0.01818629475188377                
4       32             0.018009037123572505               
27      30             0.017903052306216638               
25      26             0.01784604827643073                
27      40             0.017806304013488358               
29      35             0.01775960925496793                
30      35             0.01769529903278129                
28      41             0.01767514232643451                
34      36             0.017657441717209524               
22      41             0.017613308401650485               
29      41             0.017452805601424565               
5       37             0.017426816370641182               
7       31             0.017387924869795707               
11      23             0.017377010326268413               
38      41             0.01719274574958811                
10      12             0.01694905513556215                
1       39             0.016880303110521216               
20      21             0.01687113480450765                
17      26             0.01684764667053483                
35      38             0.016776867684971608               
25      41             0.016226621538065256               
10      37             0.01621820662500277                
9       24             0.016000029728562404               
20      22             0.01585043382518682                
26      27             0.015792002125411375               
20      40             0.015678160927499532               
35      39             0.015590626885733247               
4       34             0.015570838464272749               
12      31             0.015084144363355298               
24      36             0.014857707439553905               
30      41             0.014853334912371285               
8       9              0.014808985116744056               
24      32             0.014523810128275125               
37      40             0.014452810155078516               
3       22             0.014087083720546623               
11      36             0.014060017851999673               
5       17             0.013979348383040671               
26      37             0.01396753522284544                
25      33             0.013830818255283303               
2       18             0.01381286037111562                
19      30             0.013477428484477957               
5       8              0.013464969533595869               
32      37             0.013435149607387203               
7       25             0.013422907964416822               
3       7              0.013394715624970563               
1       40             0.013043821171102268               
5       7              0.012492959331791467               
40      41             0.01249275696172479                
4       13             0.012296007345440382               
23      40             0.012140737193318804               
9       21             0.011682291204351547               
4       22             0.011550952197905806               
4       9              0.011310784980359076               
1       34             0.011087051637222817               
35      40             0.010922973952516637               
2       17             0.01066905390695383                
2       6              0.01066732849930975                
6       12             0.010625335383152176               
6       24             0.010477094949128504               
15      28             0.010407344090400394               
16      21             0.01007639821210489                
16      27             0.010050280870700284               
15      29             0.009738944617488574               
14      35             0.009183647901850611               
4       37             0.008757416055420422               
14      37             0.008559732006188162               
4       7              0.008399161131442553               
27      35             0.008128687513223917               
19      21             0.00793819072240455                
26      28             0.007703611564308571               
9       34             0.007307058475083478               
6       31             0.007184800498718988               
26      29             0.007176623841491453               
5       34             0.0071069768811889145              
28      32             0.007105528273640457               
27      32             0.006941680099340472               
21      26             0.0067367608836114146              
29      32             0.006706593014378995               
11      17             0.0066824394281047444              
10      39             0.0065199115222992765              
18      25             0.006505871124377338               
15      38             0.006494518552530665               
2       8              0.006355485637177152               
14      41             0.006317157838956616               
26      38             0.00619819147089351                
13      41             0.006073909437744607               
15      30             0.00606065788185331                
12      17             0.006020455929630422               
7       36             0.0058873092995659765              
32      38             0.005650437773752362               
18      34             0.005531995148967614               
2       16             0.005339011778796379               
1       21             0.005328521130566852               
32      39             0.0052649981201181445              
20      39             0.005205757300548383               
5       33             0.005140341509603158               
15      39             0.005010776438522838               
7       22             0.004927618131001052               
6       11             0.004852561847935338               
1       14             0.004475217587704423               
12      20             0.004384061032155245               
5       13             0.0042559872717995995              
22      40             0.004252420619764247               
26      39             0.004067715643225195               
23      39             0.003926072725596488               
1       4              0.003741204529620054               
1       35             0.0035317745995965683              
10      30             0.003418464809447755               
28      31             0.003199456100242415               
5       23             0.00319250966053225                
23      34             0.0029589620156382224              
29      31             0.0028351508774801804              
5       27             0.002738153782897934               
23      28             0.002702418753265254               
24      30             0.002631699435052634               
23      38             0.002553174493960461               
11      31             0.002502782168490064               
25      28             0.00247791360243127                
1       6              0.0024206652141769563              
16      28             0.002363492441679063               
23      29             0.002301419523212639               
1       3              0.0021823950389486535              
31      39             0.0021674985154763043              
20      28             0.00215239752786639                
14      22             0.002142466464660306               
31      38             0.0021212670776100118              
25      29             0.0019261484187382272              
13      27             0.001871546611495474               
30      32             0.0018703269529969507              
2       31             0.0018670216394586492              
20      29             0.0018425598849558522              
16      29             0.001830058841664886               
1       24             0.0013084122740220222              
24      35             0.0012874167459414054              
1       23             0.0012260462824870977              
5       15             0.0010661316159390755              
14      32             0.001050459093778211               
13      37             0.001015629274832397               
1       17             0.0009733688916928884              
22      24             0.0009604501918684949              
16      38             0.00092541208781316                
2       5              0.0009137621708719679              
1       11             0.0008780573387420221              
3       39             0.0008057679927224864              
1       33             0.0005896058709351226              
8       19             0.0005469735209241572              
25      38             0.00027123862394351494             
26      30             8.468431850625069e-05              
20      38             2.556002126252732e-05              
15      40             -2.705742263069133e-05             
7       33             -3.686089895053868e-05             
11      27             -0.0001228210400304186             
30      31             -0.0003248188481817377             
32      40             -0.0003927299864103506             
17      24             -0.0006885517750621073             
4       16             -0.0007407276480256991             
1       5              -0.0007589452647127487             
13      35             -0.0008024317867280917             
6       7              -0.0009138895028958649             
7       27             -0.000919627114271529              
16      39             -0.0013240772082516866             
20      24             -0.0013598871448478184             
17      40             -0.0014296205641742554             
14      20             -0.0014751577116666609             
4       27             -0.001920071285517487              
25      27             -0.0022752859306794174             
27      41             -0.0023851761435530194             
22      32             -0.0026607425892023334             
22      38             -0.002699567016289983              
3       23             -0.002722716689120802              
31      40             -0.0027350498987615823             
1       32             -0.002972767539435761              
18      20             -0.00298292731143647               
22      28             -0.0031427949607126665             
1       20             -0.0032109627482886788             
12      32             -0.0032827044881838796             
26      40             -0.0034773495422199263             
24      41             -0.0034895893518007287             
2       11             -0.003496691580089792              
22      29             -0.0035263435928094278             
10      27             -0.0036714436162508246             
10      21             -0.003675394252067088              
18      41             -0.0036938883371915865             
3       24             -0.003699745680594488              
19      35             -0.0037513521552871576             
21      33             -0.003988687395192328              
22      39             -0.0040172636581723015             
21      36             -0.004039856491489205              
24      40             -0.0042570205514682324             
5       16             -0.004383486274937551              
3       31             -0.004512128852820124              
6       35             -0.004558504572729105              
25      39             -0.004622793230803057              
1       41             -0.004680008860265539              
9       37             -0.004847865485232014              
18      23             -0.004927537657238079              
18      40             -0.004946233718140222              
4       8              -0.005018025100451823              
20      30             -0.005078989475012841              
5       14             -0.005151518020602763              
13      22             -0.005267205314801987              
16      30             -0.005323790606011777              
3       29             -0.005572350111732682              
23      24             -0.005717241082767388              
3       32             -0.005880377151812777              
10      29             -0.00605852077822179               
9       11             -0.006227261432625392              
17      33             -0.006249949493460971              
18      35             -0.006288257183820159              
35      41             -0.006305015272407427              
10      28             -0.006321058670642504              
22      36             -0.006327299971153097              
4       30             -0.00642862335297853               
7       32             -0.006715249966957881              
14      31             -0.0067501535595931444             
37      41             -0.006771720506107776              
23      30             -0.006793235750570878              
33      35             -0.0068901377708842915             
33      34             -0.0070046907182888946             
6       32             -0.007147789593452733              
4       35             -0.00725733764796356               
14      21             -0.007298339090150763              
17      34             -0.007366778502781751              
14      25             -0.007397061742738395              
26      35             -0.007446855506258482              
14      24             -0.007451690739283562              
3       28             -0.007496625351809366              
15      21             -0.007507481812552161              
9       20             -0.007610431985060548              
24      27             -0.007669867250848672              
18      27             -0.0076931404743663945             
5       26             -0.007733803798643232              
2       25             -0.007760454898158936              
5       11             -0.007778544742362156              
3       4              -0.007898237576085113              
19      37             -0.007924829526696736              
12      34             -0.007987480647792977              
12      37             -0.008022078836331506              
1       37             -0.008226357119529917              
13      19             -0.008237860273735693              
17      41             -0.00828881834030229               
11      13             -0.008383935370998019              
5       25             -0.00849038020169321               
4       26             -0.008578008852965127              
16      40             -0.008768257372950242              
6       15             -0.008880437096761035              
5       32             -0.008905420738045386              
21      37             -0.009170541922133998              
6       38             -0.009201015622628941              
1       18             -0.009203703478322944              
17      18             -0.009231967311897835              
3       30             -0.009297836676832982              
9       10             -0.009327574034055389              
11      18             -0.009415645687812599              
4       12             -0.009530085005095945              
13      31             -0.009705297892488654              
31      34             -0.009713678613613538              
21      35             -0.009762617201993715              
10      38             -0.009779639301129114              
2       15             -0.009823825554860416              
9       13             -0.009868976387204326              
23      33             -0.009880296481799875              
10      18             -0.00991079574905425               
34      40             -0.009944062224268885              
4       18             -0.009989579544501082              
3       38             -0.010282930982207089              
2       33             -0.010495713528494835              
6       29             -0.010531741064459393              
27      37             -0.010685000099116326              
11      32             -0.010705223859666158              
15      27             -0.010752555902581451              
15      19             -0.0108057410879632                
12      18             -0.010890219591942085              
7       8              -0.010898584463675254              
3       37             -0.010911637554107262              
5       21             -0.010920121918966894              
14      18             -0.0109337946675125                
6       10             -0.011151066539366053              
18      31             -0.011245178214138826              
15      23             -0.01135664152905963               
5       31             -0.011373014948865862              
5       12             -0.011449394418119374              
22      25             -0.011477486375687476              
24      34             -0.011491894804974853              
4       11             -0.01149947819424231               
6       14             -0.011698060538996267              
21      27             -0.011715631230428486              
8       39             -0.01182026307007121               
6       28             -0.01184056890396297               
24      26             -0.011860342557413708              
22      30             -0.011908859512515121              
6       26             -0.011973064396546745              
3       27             -0.012108611608693712              
4       31             -0.012154686317981625              
9       17             -0.012247999594168738              
10      25             -0.012375865060276506              
12      15             -0.012475593727435397              
3       25             -0.012612868083023712              
10      34             -0.01293585024838527               
31      41             -0.013003538741435228              
10      22             -0.013121896615619813              
14      26             -0.013180702740396663              
5       30             -0.0133850285426797                
23      35             -0.013393661594939418              
4       38             -0.013526680293797846              
11      22             -0.013615470344797515              
10      13             -0.01374066430638754               
24      28             -0.01381320946971093               
24      33             -0.013960247344196236              
20      25             -0.014019494532318155              
24      29             -0.01410851382106841               
6       18             -0.014166955242854426              
12      25             -0.014194568181433137              
4       40             -0.014249450654222132              
6       21             -0.014255011864236042              
23      37             -0.0142756780411753                
5       38             -0.014299184871668882              
7       14             -0.01430119177636173               
18      28             -0.014358739592064934              
4       28             -0.014402952277418918              
24      38             -0.014420143692466941              
22      35             -0.014437300520159776              
24      39             -0.014500513338357432              
12      39             -0.014629701738784931              
18      29             -0.014665745513732023              
18      39             -0.014758950646503205              
6       41             -0.014842802794991922              
1       2              -0.01485187283230524               
21      40             -0.01486979795347429               
6       16             -0.014944904551065383              
4       29             -0.015007373544165994              
14      34             -0.015134987934852767              
9       25             -0.015163341261923868              
8       13             -0.015198370947389045              
6       30             -0.015200255429721407              
3       40             -0.015462371499490493              
6       37             -0.015467296884874554              
25      34             -0.015627943468062816              
5       40             -0.01570024123601313               
5       35             -0.015744240562160255              
5       29             -0.016040430479117407              
13      32             -0.01607480565862736               
18      26             -0.016128764442287433              
11      24             -0.016206535902908187              
22      27             -0.016227934684982556              
18      38             -0.016255215988400185              
8       15             -0.01629477504335569               
27      34             -0.01647430702647429               
16      24             -0.016593945912994734              
10      24             -0.016666025263796888              
21      41             -0.01683682350591706               
31      35             -0.0169719753433705                
5       28             -0.017001902561239846              
3       14             -0.01709413215724266               
4       39             -0.01723651392907269               
12      14             -0.017241670423447528              
27      31             -0.017279777722565823              
10      40             -0.017393416883393145              
10      33             -0.017454624537128163              
23      36             -0.017498258378690762              
8       37             -0.01754242692422084               
1       12             -0.01760808236852343               
8       27             -0.01785205842886811               
12      30             -0.017864931916270962              
24      37             -0.01796059737100386               
12      21             -0.017990890613147653              
17      27             -0.01804265619322462               
6       33             -0.018132602777862716              
15      37             -0.018137513158054966              
14      16             -0.018270102522461654              
22      31             -0.01840836579832504               
21      38             -0.01854641678907261               
20      37             -0.01856182320431679               
17      28             -0.018598944532472267              
11      30             -0.018614105177471696              
21      39             -0.018692105538967815              
2       29             -0.018712645627200708              
13      18             -0.018798204131557333              
4       21             -0.01886201798459361               
31      37             -0.018929472497376892              
6       9              -0.018970551251600756              
16      35             -0.019010247637158348              
23      31             -0.01902877645400279               
11      39             -0.019031746633519697              
17      29             -0.019071929016550887              
3       5              -0.019260520744174142              
6       25             -0.019364072038848178              
28      33             -0.01939072294811689               
5       39             -0.01944258246504431               
8       35             -0.01945363926383542               
18      30             -0.019485125299811917              
6       39             -0.019490202385609653              
20      33             -0.01957033592994893               
3       13             -0.019640139253034705              
2       20             -0.01970657384198027               
32      41             -0.01982585957572272               
15      35             -0.019877336792229763              
9       23             -0.019896693924225578              
2       28             -0.019903901415991687              
29      33             -0.019906786277861063              
12      24             -0.019923054541394494              
3       18             -0.019932092426316078              
21      32             -0.019960753657921756              
22      37             -0.0200046170406748                
12      22             -0.020128473282132783              
21      30             -0.020136839159107606              
18      33             -0.020166959577502683              
8       29             -0.020168485915265863              
33      38             -0.020173868720533797              
17      36             -0.020217611170777444              
1       10             -0.020394678030256824              
3       11             -0.020484691008023206              
8       28             -0.02052489869340117               
17      38             -0.02053053137376923               
13      26             -0.020602268928792494              
15      41             -0.020644335187782872              
10      23             -0.02073275806163595               
2       23             -0.02080792933218044               
20      35             -0.020829478407174612              
3       9              -0.02100395597864768               
19      31             -0.021130243799364234              
1       31             -0.021434326525267736              
10      19             -0.021442183480905874              
10      14             -0.021803194447217816              
16      18             -0.02181058689446079               
3       19             -0.021894413855868225              
6       8              -0.02190023793771126               
6       40             -0.021951027140288376              
6       22             -0.021997129453672132              
4       14             -0.02200004488759643               
15      22             -0.022009554680416238              
19      32             -0.02221358752381747               
2       13             -0.022341951595014606              
2       30             -0.022363561799394638              
1       8              -0.0223986872358055                
4       24             -0.022495827555011283              
8       38             -0.022615445571098278              
4       25             -0.022687873967645787              
24      31             -0.022717068204409788              
2       38             -0.022780266283626643              
1       19             -0.022789454952125296              
6       34             -0.02285198671180358               
9       39             -0.022896276886289993              
11      25             -0.02307239176526693               
8       24             -0.02313102794688547               
23      25             -0.023197126155462253              
17      39             -0.023203771956010505              
4       10             -0.023341699639601657              
3       26             -0.023494755777056328              
21      28             -0.023553913563902018              
33      39             -0.02359459367918769               
3       16             -0.023717316699976038              
3       15             -0.023922758454950316              
2       26             -0.02393665373280636               
21      29             -0.024200336072710354              
8       17             -0.024579874146967495              
8       14             -0.024819144797338183              
8       18             -0.025171384499474356              
11      37             -0.025344058376714024              
18      21             -0.025362589805610014              
17      30             -0.025446056171046436              
7       41             -0.025487879593832544              
18      37             -0.025622574864433187              
12      29             -0.025743903347980754              
12      28             -0.02587614683057915               
25      31             -0.026008847987498626              
4       36             -0.02601638576887705               
13      16             -0.026072963457787132              
8       30             -0.02608017400828677               
8       31             -0.02611214844225085               
3       41             -0.026124786830906008              
2       39             -0.026210331563584904              
5       22             -0.026503223752367286              
10      16             -0.02658289686760068               
13      24             -0.026693813913743453              
13      33             -0.0267562062412582                
13      20             -0.026780126730770917              
6       19             -0.027034918496367626              
13      25             -0.02709915783063189               
26      41             -0.027162544859761245              
11      38             -0.0272285010525056                
30      33             -0.027421798508684425              
2       40             -0.027509804265733767              
23      27             -0.027556317589479816              
35      36             -0.027994336638064596              
26      32             -0.028174830086011626              
4       17             -0.028220132665260994              
6       17             -0.028407757490504032              
5       18             -0.028466709336193108              
15      24             -0.02846966382726268               
9       38             -0.028715279439705615              
22      26             -0.028959187763249544              
5       19             -0.028969124065069116              
8       22             -0.029108236751414704              
8       40             -0.029175916160821824              
1       25             -0.029227689135692972              
11      35             -0.029314970363191917              
7       12             -0.029337045682028426              
16      22             -0.02942390340146407               
15      33             -0.029565886715141404              
33      40             -0.029720198175559043              
7       18             -0.029744278096122456              
9       35             -0.03037765231339183               
23      26             -0.030382412093026764              
9       15             -0.030588477961827357              
17      35             -0.03089854926917883               
1       36             -0.031029495798181303              
10      41             -0.031203412146879633              
9       29             -0.031354384798237336              
1       26             -0.03139133569472928               
17      22             -0.031479447963271776              
12      38             -0.03153276062003005               
16      41             -0.031569374930097344              
1       15             -0.03166247430241577               
9       28             -0.03171782031175764               
5       20             -0.03179094143396802               
7       24             -0.031797053676548254              
16      23             -0.03280474222617158               
4       15             -0.03292048190403393               
10      36             -0.0330552491573079                
15      18             -0.03307739042806819               
6       20             -0.033131772191353354              
11      29             -0.033253289144733134              
11      28             -0.03335773140529287               
2       10             -0.03352488264864259               
10      26             -0.03374220324464247               
9       19             -0.03405166627497748               
17      23             -0.034344639763952786              
9       30             -0.03451844260245003               
7       35             -0.034935179615665266              
34      41             -0.035169691029089595              
20      26             -0.03538698581251647               
3       20             -0.03546400943555911               
26      31             -0.03556982208029316               
8       23             -0.035990725864685255              
2       35             -0.036193971131573965              
15      32             -0.03636477970914029               
12      41             -0.036751538180572835              
14      33             -0.036916157961471754              
3       36             -0.0371403273652592                
9       14             -0.0375605673764364                
9       26             -0.03774220357911791               
11      41             -0.037842326913682126              
4       19             -0.03863226827309663               
15      25             -0.038722019602260585              
16      34             -0.038783197933927774              
2       21             -0.03884144892022165               
2       19             -0.03924233995561868               
11      19             -0.039297003803269864              
7       23             -0.0393469324686571                
16      31             -0.039515259915689535              
34      37             -0.03958740260131152               
13      17             -0.03962264475261952               
20      34             -0.03976274575887691               
16      20             -0.039802363606884036              
9       16             -0.03984123501426326               
1       16             -0.03988312981509966               
20      27             -0.0400317679206077                
22      33             -0.04021817582268726               
19      33             -0.040304334049052634              
28      36             -0.040328571582626815              
14      17             -0.040394085294387594              
7       26             -0.04041673304656934               
29      36             -0.04073333414825339               
9       40             -0.04076942794078048               
31      33             -0.041084670951357996              
16      32             -0.041443032869153254              
8       32             -0.04168731128789786               
25      32             -0.04180030821215576               
36      38             -0.04200220185066278               
5       10             -0.04311155173181053               
2       14             -0.04323653197631787               
15      26             -0.04324671772047997               
11      40             -0.04326227555463873               
20      32             -0.04330615312508243               
36      39             -0.04355190333643706               
4       20             -0.04367628058001197               
21      24             -0.04370450355630645               
26      34             -0.04391656635956004               
11      14             -0.04396578965588062               
2       41             -0.04447299337537465               
27      33             -0.044637931296494196              
34      38             -0.04547763090397583               
30      36             -0.04554032513751166               
12      19             -0.045953134661409475              
15      16             -0.0467261897381899                
9       41             -0.04696410091442309               
7       16             -0.04703803316698024               
7       13             -0.047402022456648735              
2       27             -0.047797474813191757              
25      36             -0.04863454405425233               
27      36             -0.04882145629351439               
33      37             -0.04898488942272346               
15      36             -0.04901188324103349               
10      32             -0.04911722952123736               
36      40             -0.04947262270378916               
12      23             -0.04987231674385746               
29      34             -0.05011845559185249               
13      34             -0.050373188171401934              
5       24             -0.05048866552793202               
13      36             -0.05106806455358488               
28      34             -0.05107217106173863               
14      36             -0.0519486466291237                
8       20             -0.052029734885504206              
7       19             -0.05231522595441046               
2       12             -0.05336640303668015               
7       39             -0.05438174694605408               
30      34             -0.05559552815338395               
7       38             -0.05560951269919569               
17      32             -0.05593047324715433               
8       21             -0.056304239869707076              
11      21             -0.056902930591905876              
34      39             -0.0572687332984165                
7       40             -0.05774184271552135               
32      33             -0.058756630214361436              
3       17             -0.05884707368504191               
7       29             -0.058975448700369346              
7       28             -0.05904427359998704               
7       37             -0.05924299918896357               
7       30             -0.06293560683687152               
19      36             -0.06557800082525993               
19      34             -0.07000865184003692               
20      36             -0.07036418739120295               
