#======================================================================
# PARAMETERS USED FOR THIS COMPUTATION: 
#	Sequence type: RNA
#	Total number of sequences in alignment data: 32
#	Length of sequences in alignment data: 51
#	Value of sequence identity: 0.8
#	lambda_h: 10.0
#	lambda_J: 10.0
#	Number of gradient decent iterations: 500
# The First and Second columns represent sites and the
# Third column is PLMDCA Frobenius norm, average product corrected (APC) DCA score
#======================================================================
2       15             0.24933863218469976                
7       38             0.19581010598148157                
1       16             0.16967117576064872                
26      49             0.1594625023598566                 
17      22             0.14722563899152274                
9       36             0.12171191779477478                
17      18             0.11170290547809338                
6       15             0.10655861429002479                
2       6              0.10655858431040122                
26      51             0.10302692052644388                
2       17             0.10074699876631617                
15      17             0.10074698404548643                
22      27             0.08540228995428788                
1       27             0.08016228009770958                
16      27             0.08016227991346621                
25      48             0.08009069195666921                
49      51             0.07779576828824215                
27      48             0.07704023966672588                
44      51             0.07601317788358596                
43      48             0.07560719504936936                
3       14             0.07155369060843994                
27      46             0.06953759011017004                
43      44             0.06940659520502028                
44      46             0.06875093916583801                
18      26             0.06870906140522248                
22      49             0.06819901458574432                
27      50             0.06773324014338326                
47      48             0.06739804063426569                
45      46             0.06660073286722647                
27      51             0.0661826801595662                 
45      48             0.06611657243134787                
9       30             0.06584151003847201                
35      39             0.0654241122811951                 
22      26             0.06468745707477654                
32      50             0.06441872873663837                
33      42             0.06419434981326971                
41      42             0.06419434913454095                
33      41             0.06419434774476292                
23      29             0.06272918625839284                
47      50             0.06224122880400802                
8       9              0.061918568538481565               
48      50             0.05988572616413272                
43      45             0.059863242837007044               
7       27             0.059796514310416785               
25      27             0.05979173771399081                
36      37             0.05964343421981342                
15      18             0.05857846191766107                
2       18             0.058578461748129                  
43      50             0.05631292138622626                
27      28             0.055903774375796855               
10      27             0.055517423849264                  
46      50             0.0554862927396506                 
8       37             0.05526790507918698                
34      40             0.05456194134566606                
17      26             0.05343583957219103                
7       18             0.0531631781252517                 
7       45             0.05300306737142217                
37      39             0.05227892093777777                
35      37             0.052278920225282736               
14      23             0.05195889977400721                
14      29             0.051958899622567126               
3       23             0.051958893713966225               
3       29             0.051958886111945546               
15      45             0.05176368324269873                
2       45             0.05176368307810672                
17      47             0.05128356436965077                
38      51             0.05125019095292055                
1       17             0.05098897431496224                
16      17             0.0509889741346308                 
32      48             0.050779278469239617               
31      33             0.05066702489562991                
31      42             0.05066701887622024                
31      41             0.050667016746105374               
18      47             0.05048194507459085                
45      47             0.050102008490384625               
46      51             0.04972912612811477                
5       11             0.048556612473089046               
11      13             0.04855661202614566                
5       13             0.048556604575565064               
4       5              0.04855660380937639                
4       11             0.04855660380937639                
4       13             0.04855660336243299                
12      13             0.04783852871838414                
5       12             0.0478385217053386                 
11      12             0.0478385217053386                 
4       12             0.047838520517743434               
10      32             0.04752172462499636                
22      51             0.04597857936801103                
25      44             0.045388081778710565               
10      51             0.0448955275245273                 
49      50             0.044883746866965085               
27      43             0.04465818775531841                
7       49             0.04459433583718975                
38      48             0.04433038338183208                
17      49             0.0442781623414424                 
18      27             0.04391176672282057                
18      43             0.04375904911903129                
18      22             0.04375694132540932                
38      45             0.043496413530181924               
15      22             0.043439828949010745               
2       22             0.043439828779331155               
6       36             0.043320266677676356               
44      50             0.04254878399938375                
38      47             0.04250617535853353                
34      41             0.0424904354949359                 
40      42             0.04249043210860797                
33      40             0.04249043072428567                
34      42             0.042490430104742065               
40      41             0.04249043004822129                
33      34             0.04249042872041971                
4       8              0.0419577929060271                 
8       11             0.04195777917145978                
8       13             0.04195777874166204                
5       8              0.04195777172087918                
43      51             0.04168459674100922                
46      49             0.04093579009397988                
27      44             0.040914532776646126               
8       12             0.04064139851642875                
26      44             0.0403430541966224                 
17      45             0.03994139787528604                
38      44             0.03966344701169622                
39      40             0.039535385393426804               
35      40             0.03953538465297534                
34      35             0.03953538269415014                
34      39             0.039535375984021036               
28      47             0.039187349286518694               
26      46             0.03909013293914568                
26      43             0.03901761688137495                
5       30             0.03882714050294504                
13      30             0.0388271399890089                 
11      30             0.038827133052364446               
4       30             0.0388271316573949                 
25      38             0.03881804807574725                
19      21             0.038712261441626816               
20      21             0.038712261425457674               
19      20             0.03871226131227369                
21      24             0.038712260431055495               
19      24             0.038712260317871505               
20      24             0.03871226030170237                
27      45             0.03821508147300476                
18      38             0.03802976143651132                
25      45             0.03789484281537188                
12      30             0.037747241328402126               
7       25             0.037636727043636464               
6       44             0.03724108081666558                
50      51             0.03663537283638266                
25      50             0.03565233322884129                
26      27             0.0346328193260626                 
31      40             0.03451482139249598                
31      34             0.034514819328947205               
3       6              0.03437676113139217                
6       14             0.034376759535681534               
17      43             0.03293766421679924                
39      41             0.03284411462737874                
35      41             0.032844113884009096               
39      42             0.03284410919881122                
33      39             0.032844107840271176               
35      42             0.032844101004861015               
33      35             0.03284409964632095                
32      46             0.0326166457283088                 
48      51             0.031957025195204686               
36      39             0.031915648056576894               
35      36             0.031915632317966985               
6       9              0.03180885983823181                
44      49             0.031211167181102867               
16      23             0.03117308006629814                
16      29             0.031173079896426356               
1       23             0.031173072770221952               
1       29             0.03117307260035017                
44      48             0.030738426619855652               
34      37             0.030648382034621877               
37      40             0.030648376504680074               
6       25             0.03059534801271871                
45      49             0.03056487341651104                
16      18             0.030432759577669444               
1       18             0.030432752296620916               
32      38             0.030227277447035433               
18      49             0.030212596154527108               
28      32             0.029841166444483674               
23      32             0.029812588242224505               
29      32             0.029812588069912258               
3       25             0.029356799451601676               
14      25             0.029356797869005052               
1       25             0.029200986566116124               
16      25             0.029200978939691466               
8       30             0.0290981496264607                 
15      44             0.028923200722103054               
2       44             0.028923200555728654               
21      33             0.02891823469855541                
19      33             0.028918234585433945               
20      33             0.02891823456927374                
21      41             0.02891823401945149                
19      41             0.028918233906330026               
20      41             0.02891823389016982                
24      33             0.02891823357542086                
24      41             0.028918232896316926               
21      42             0.02891822863852095                
19      42             0.028918228525399485               
20      42             0.02891822850923928                
24      42             0.028918227515386433               
31      35             0.028453118731152874               
31      39             0.028453112046082307               
16      32             0.028224792021906114               
1       32             0.028224777293057154               
37      46             0.028160850095314313               
21      31             0.0280326106946795                 
19      31             0.028032610578188843               
20      31             0.028032610561547322               
24      31             0.028032609538093695               
25      49             0.027587946018133094               
45      51             0.02717043850488951                
17      27             0.026989866672730276               
6       28             0.02669288568294785                
7       43             0.026593849586243487               
38      46             0.02643922216855968                
4       24             0.026330785380364548               
5       21             0.026330772817435448               
11      21             0.026330772817435448               
5       19             0.0263307727056996                 
11      19             0.0263307727056996                 
5       20             0.02633077268973734                
11      20             0.02633077268973734                
13      21             0.026330772364699502               
13      19             0.026330772252963652               
13      20             0.026330772237001393               
11      24             0.026330771708058094               
4       21             0.02633077158858073                
4       19             0.02633077147684488                
4       20             0.02633077146088262                
13      24             0.02633077125532214                
5       24             0.026330764257477497               
28      48             0.026112074118751355               
10      44             0.02605897283539743                
12      24             0.026043939121057576               
12      21             0.026043932756501513               
12      19             0.026043932647117754               
12      20             0.026043932631491504               
10      15             0.025979489610049866               
2       10             0.025979489453328147               
44      47             0.02596207019368324                
23      40             0.025559130167540474               
29      40             0.025559130038766302               
23      34             0.025559127772722248               
29      34             0.025559120193367472               
33      37             0.025380515632830954               
37      42             0.0253805095143063                 
37      41             0.025380507531711415               
36      48             0.024906888938204613               
28      49             0.02475131956220982                
7       48             0.02464031684122253                
15      49             0.024577231071077885               
2       49             0.02457723092219795                
7       22             0.024568188862063134               
25      28             0.024527965923127032               
43      47             0.02446806697816291                
9       11             0.024390597505786295               
5       9              0.024390597505786288               
9       13             0.024390596994224766               
4       9              0.024390596117262145               
7       26             0.023799850900210653               
10      11             0.023285514888997154               
10      13             0.02328551434047116                
5       10             0.023285507438416557               
4       10             0.023285505949560276               
32      44             0.02326854377391878                
46      48             0.022870299241688513               
9       12             0.022685564403412066               
3       32             0.022252948670614253               
14      32             0.022252947119804134               
6       23             0.022008678781511512               
6       29             0.02200867860421031                
10      12             0.021974177609234445               
3       7              0.021929885645037187               
7       14             0.02192988399762842                
3       5              0.02160600474099151                
3       11             0.021605997290410912               
3       13             0.02160599676037068                
5       14             0.021605996141127903               
11      14             0.021605996141127903               
3       4              0.02160599585173026                
13      14             0.021605995611087656               
4       14             0.021605994702447222               
47      49             0.021323374439100595               
31      37             0.021302485857432822               
22      28             0.021276552662164508               
7       28             0.0211308735632124                 
36      38             0.021070406352269117               
8       21             0.02105116353099787                
8       19             0.02105116342354843                
8       20             0.021051163408198514               
8       24             0.021051155013597875               
22      36             0.021005551726369143               
25      26             0.021005507677268206               
9       22             0.02065284876126866                
3       12             0.020641822732413738               
12      14             0.020641821607323578               
10      22             0.020453193464986502               
43      49             0.020410549913475046               
38      49             0.01959507720250389                
27      38             0.01953834168876961                
6       50             0.018711553856513935               
32      40             0.018639788251933284               
32      34             0.01863978558109365                
1       15             0.018452178606980674               
1       2              0.01845217843710889                
15      16             0.018452178426559787               
2       16             0.01845217825668799                
24      34             0.018251642212190132               
24      40             0.018251636766583063               
21      34             0.01825163588033516                
19      34             0.01825163576765776                
20      34             0.01825163575156099                
21      40             0.01825163043472805                
19      40             0.018251630322050648               
20      40             0.018251630305953885               
1       3              0.017752525512639297               
3       16             0.017752525361199215               
1       14             0.01775252398379333                
14      16             0.017752516381772665               
39      46             0.017594861920366363               
35      46             0.01759485355938488                
29      35             0.01737099337551705                
23      39             0.017370979489131994               
23      35             0.017370978600731682               
29      39             0.01737097191217557                
28      45             0.017252857546481024               
22      30             0.017249551476507113               
1       45             0.01711067538926915                
16      45             0.017110675224677158               
18      32             0.0166075421316096                 
24      39             0.016309337267953167               
24      35             0.016309336524172664               
21      39             0.01630933091526248                
19      39             0.016309330804683643               
20      39             0.016309330788886668               
21      35             0.016309330171482                  
19      35             0.016309330060903154               
20      35             0.01630933004510618                
26      47             0.01623952807792567                
7       32             0.016117886160959646               
16      48             0.01610645636952121                
1       48             0.016106449069076864               
46      47             0.01607961054125344                
10      25             0.015739384267045756               
13      42             0.015592398097716113               
4       42             0.015592397322026087               
11      41             0.015592396507032168               
13      41             0.0155923960545463                 
4       33             0.015592395949271344               
4       41             0.015592395278856239               
5       42             0.015592391099621364               
11      42             0.015592391099621364               
5       33             0.015592389726866655               
11      33             0.015592389726866655               
13      33             0.015592389274380794               
5       41             0.01559238905645157                
17      25             0.015448337587020161               
28      44             0.015411718133227892               
23      25             0.015082055917522055               
25      29             0.015082048291097383               
28      29             0.014956863377369123               
23      28             0.014956856047346673               
12      42             0.014903225976848664               
12      33             0.014903217182410361               
12      41             0.014903216526107772               
4       31             0.014831981080295452               
5       31             0.014831974894470551               
11      31             0.014831974894470551               
13      31             0.014831974428507928               
10      45             0.014767323920147568               
32      37             0.014729802531827041               
9       49             0.014615742132744317               
30      47             0.01455717010655043                
36      46             0.014397641977305892               
44      45             0.014357866671096925               
12      31             0.014353357597155537               
18      45             0.014332969784426719               
1       28             0.014281100488695644               
16      28             0.014281100368137498               
8       14             0.014097597924264293               
3       8              0.014097591578877897               
26      50             0.014072245973794473               
2       47             0.013799289681654253               
15      47             0.013799282376629737               
28      33             0.012634456702017662               
28      42             0.012634454272727372               
28      41             0.012634448618506836               
3       40             0.012518151955163787               
14      40             0.012518150796196281               
3       34             0.012518142157262123               
14      34             0.012518140998294569               
8       10             0.012401437003549773               
1       47             0.012357338174828578               
16      47             0.012357338029272524               
24      29             0.012248822188258533               
21      23             0.012248816209288069               
21      29             0.01224881607993493                
19      23             0.012248816074096718               
20      23             0.012248816054783666               
19      29             0.012248815944743578               
20      29             0.012248815925430534               
23      24             0.012248814867031069               
7       23             0.012064748528163444               
7       29             0.012064748345118004               
34      36             0.011839724428554146               
36      40             0.011839719235444003               
36      50             0.011550067570009925               
45      50             0.011467809951552624               
21      30             0.01142386791701791                
19      30             0.011423867788533867               
20      30             0.011423867770179008               
24      30             0.011423866641354967               
6       17             0.011377045679034858               
9       50             0.011165149225264376               
6       30             0.01092627074948617                
7       51             0.010874218624607981               
21      37             0.010516523651575557               
19      37             0.010516523543152398               
20      37             0.010516523527663385               
24      37             0.010516522575088491               
18      48             0.010216134852112077               
29      37             0.010205542472191062               
23      37             0.010205535145522651               
26      45             0.010187074343547028               
10      35             0.010151530408382119               
10      39             0.010151523858951378               
36      44             0.009986090628336372               
28      50             0.009934468312080981               
18      44             0.009885422407891004               
8       36             0.009847268169447448               
30      51             0.009730506770207134               
15      25             0.009540826442586497               
2       25             0.009540826266742422               
6       40             0.009332457094656674               
6       34             0.009332454346488356               
1       38             0.009328838211421359               
16      38             0.009328838051188532               
16      50             0.009322565708866082               
1       50             0.009322558417316648               
14      30             0.00928270389607222                
3       30             0.009282690316461117               
32      45             0.009260435694391972               
27      49             0.009026036131605408               
48      49             0.008983386487650125               
8       31             0.008769967376410018               
8       33             0.008638448209461282               
8       41             0.008638447564764673               
8       42             0.008638442078973754               
7       46             0.008270704261610862               
7       44             0.008233923616275701               
7       36             0.008065616409052567               
10      30             0.007972329835174652               
3       28             0.007950884222694549               
14      28             0.00795088313767129                
8       46             0.007625026880623345               
34      50             0.007466297032513766               
40      50             0.00746629204691629                
33      36             0.007352498596888725               
36      41             0.007352497832261634               
36      42             0.007352492711973128               
10      46             0.007106275183797264               
9       37             0.007085253986424345               
22      25             0.006850411524103803               
3       50             0.006576843073912736               
14      50             0.006576841642632225               
3       48             0.0064534690061161665              
14      48             0.006453460204309383               
9       44             0.006016461022199909               
23      50             0.006015185990755026               
29      50             0.006015185831723849               
10      24             0.005747104608693501               
10      21             0.005747098519632801               
10      19             0.0057470983825013006              
10      20             0.005747098362911096               
9       24             0.005682125647988784               
9       21             0.005682119467176984               
9       19             0.005682119339286598               
9       20             0.005682119321016553               
26      32             0.005643518345426021               
27      36             0.005533526484031923               
30      48             0.005507418263747385               
25      32             0.005438205846272484               
25      36             0.005083100239720195               
25      46             0.005017767639895365               
28      46             0.004607014891555572               
2       51             0.004400222937984158               
15      51             0.004400215632375887               
28      31             0.004341292945619808               
13      34             0.004200673888525672               
5       34             0.004200670613944968               
11      34             0.004200670613944968               
4       34             0.004200669390590335               
5       40             0.0042006688679754114              
11      40             0.0042006688679754114              
13      40             0.004200668417265831               
4       40             0.00420066764462082                
6       16             0.004008542750816316               
1       6              0.004008535477536906               
31      36             0.003871307772963517               
18      51             0.0035520577857776625              
17      36             0.0034611223162446525              
3       39             0.0032752832012687347              
3       35             0.0032752748799077386              
14      39             0.003275274613305783               
14      35             0.0032752737425253697              
3       44             0.0030608646176989857              
14      44             0.003060855669748952               
12      40             0.0030529034853633494              
12      34             0.00305290154770807                
32      36             0.0027239915697768735              
35      38             0.0026044625683075                 
38      39             0.0026044560390656724              
9       48             0.0025836219518124287              
33      43             0.0024522487539911236              
41      43             0.0024522404185536167              
42      43             0.002452235664679836               
6       48             0.002349952984997891               
30      36             0.002297717585372186               
7       10             0.0022002830672493146              
27      47             0.0020084024317523486              
25      51             0.001917840047350572               
28      37             0.0017239674298666421              
28      40             0.0016485941909499188              
28      34             0.0016485923222987545              
13      39             0.001300299618288217               
5       35             0.0013002993263394325              
4       35             0.0013002981257691504              
11      35             0.001300295601049134               
13      35             0.001300295158733769               
4       39             0.0013002951347430153              
5       39             0.001300292610022978               
11      39             0.001300292610022978               
23      48             0.0012776694938537447              
29      48             0.001277669343717494               
22      43             0.0012753186717028436              
14      24             0.0011254312277445624              
14      21             0.0011254288180898922              
14      19             0.0011254286855798268              
14      20             0.0011254286666498234              
3       24             0.0011254286666324415              
3       21             0.0011254262569777435              
3       19             0.001125426124467685               
3       20             0.0011254261055376816              
30      33             0.0010776403807936374              
30      42             0.0010776382340215093              
30      41             0.0010776358845991166              
15      30             0.0007429530823947067              
2       30             0.0007429529355557907              
22      48             0.0005702811859665258              
30      31             0.0005464013837667842              
26      38             0.0005081671613887118              
9       47             -3.8053513394115113e-06            
36      49             -3.9847627340203196e-05            
21      26             -9.454044985170162e-05             
19      26             -9.454059077285137e-05             
20      26             -9.454061090444221e-05             
24      26             -9.454929957800062e-05             
12      35             -0.00020968580936895492            
12      39             -0.00020969254114194813            
1       44             -0.00035819710304649255            
16      44             -0.00035819726942087904            
5       23             -0.000376795769193132              
11      23             -0.000376795769193132              
13      23             -0.0003767963099585367             
4       23             -0.00037679723698495066            
5       29             -0.0003767996221815534             
11      29             -0.0003767996221815534             
13      29             -0.00037680016294695806            
4       29             -0.00037680108997337203            
10      17             -0.00044318277594385114            
6       7              -0.0006216599845016019             
32      39             -0.0006530538883010445             
32      35             -0.000653054879096393              
12      29             -0.0007899227518774407             
12      23             -0.000789926352157716              
17      50             -0.0008046540168550886             
6       32             -0.0009049537624253173             
28      39             -0.000924663356745993              
28      35             -0.000924667775245594              
7       47             -0.001023277792133459              
25      43             -0.001355899681173653              
21      51             -0.0014263811899153309             
19      51             -0.0014263813167661107             
20      51             -0.0014263813348876497             
24      51             -0.0014263824493623428             
23      31             -0.001504324200949328              
29      31             -0.0015043243340815277             
28      30             -0.001765562787624221              
18      21             -0.002055973806251582              
18      19             -0.00205597395459213               
18      20             -0.002055973975783637              
18      24             -0.002055975279061373              
9       46             -0.0022148629461551383             
37      47             -0.002253589138675724              
39      44             -0.002337834489834309              
35      44             -0.0023378503476482043             
37      38             -0.0027131867696469844             
28      36             -0.002766081150899609              
47      51             -0.002944492922685657              
30      32             -0.0032927646696039176             
11      47             -0.003643772721357297              
13      47             -0.0036437732308035042             
4       47             -0.0036437741041398727             
5       47             -0.0036437764466475953             
15      43             -0.003782881679899777              
2       43             -0.0037828892990245666             
9       15             -0.004041951958953127              
2       9              -0.004041952105113572              
24      36             -0.0040935293496768                
21      36             -0.004093531809691318              
19      36             -0.00409353193712917               
20      36             -0.004093531955334573              
38      50             -0.004380203155016929              
22      50             -0.004391895063475884              
8       40             -0.004403583453247352              
8       34             -0.004403592807217943              
2       27             -0.0045945173885023755             
15      27             -0.004594524654839588              
14      37             -0.004775394411879984              
3       37             -0.004775397021960656              
6       42             -0.004886513063197137              
6       33             -0.004886514969184852              
6       41             -0.004886515900016056              
9       14             -0.004907464464360425              
3       9              -0.004907470599497102              
23      46             -0.005055590492327858              
29      46             -0.005055590650658456              
32      41             -0.005060342324102768              
32      42             -0.005060347017687608              
32      33             -0.00506034887004414               
10      43             -0.005216349127596331              
29      33             -0.005270062561073471              
23      41             -0.005270063242939889              
29      41             -0.005270063372221578              
23      42             -0.005270064496159757              
29      42             -0.00527006462544144               
23      33             -0.005270066157082087              
1       34             -0.005322589193548541              
1       40             -0.005322594011116663              
16      40             -0.005322594139890821              
16      34             -0.00532259677290331               
5       37             -0.00537054674475107               
11      37             -0.00537054674475107               
13      37             -0.005370547178443694              
4       37             -0.005370547921916775              
10      37             -0.00541422992450466               
8       47             -0.005625071939595362              
9       10             -0.00567571682361985               
22      24             -0.0058821138858247                
21      22             -0.005882116137023594              
19      22             -0.005882116285493233              
20      22             -0.0058821163067031695             
8       23             -0.006002691359433494              
8       29             -0.006002691482232855              
31      43             -0.006409686906426237              
30      44             -0.006449798705936219              
3       10             -0.007216868569437013              
10      14             -0.007216869979932455              
9       38             -0.007262163887629111              
10      31             -0.007301791984846942              
16      24             -0.0073121862822537464             
1       21             -0.007312188402429892              
1       19             -0.007312188551067689              
1       20             -0.007312188572301648              
16      19             -0.007312188680420814              
16      20             -0.007312188701654773              
16      21             -0.007312192257073316              
1       24             -0.007312201054061815              
12      37             -0.007415759618248974              
9       31             -0.007450466984923847              
31      32             -0.007542982247260355              
23      36             -0.007563674299537998              
29      36             -0.007563674445181259              
4       43             -0.007587116982403316              
5       43             -0.007587122831814244              
11      43             -0.007587122831814244              
13      43             -0.0075871234217188555             
35      43             -0.007620281960317776              
39      43             -0.00762028844176936               
9       25             -0.007702054341561043              
22      38             -0.008033379501931143              
30      34             -0.008500673528783927              
30      40             -0.008500678703361589              
12      47             -0.008527975635593564              
9       51             -0.008691730368830336              
26      30             -0.008793965231622236              
8       32             -0.008846172062086502              
9       41             -0.00895450503469275               
9       42             -0.008954506421416063              
9       33             -0.008954515443221359              
40      43             -0.009117552574126858              
34      43             -0.009117555186561571              
39      47             -0.009429949773190484              
35      47             -0.009429950610137836              
25      30             -0.00949351756020217               
22      47             -0.009578582862874274              
8       35             -0.009982170732510252              
8       39             -0.009982173751704258              
21      49             -0.010015268125190255              
19      49             -0.010015268255460195              
20      49             -0.010015268274070184              
24      49             -0.010015269418584626              
6       10             -0.010017113813296855              
34      38             -0.010060938738082045              
38      40             -0.010060939979763497              
10      26             -0.010136579959848763              
12      43             -0.010149120730574668              
30      35             -0.010200665966898573              
30      39             -0.010200672573155503              
17      19             -0.010354833420582188              
17      20             -0.010354833443123615              
17      21             -0.010354840713372782              
17      24             -0.010354846005292476              
6       35             -0.010434276013265034              
6       39             -0.010434278719073542              
39      45             -0.010643390365816782              
35      45             -0.010643391312220737              
23      27             -0.01075825784683107               
27      29             -0.010758258031074455              
6       49             -0.01077161743540371               
4       25             -0.010832825140860022              
5       25             -0.01083283092092198               
11      25             -0.01083283092092198               
13      25             -0.010832831536376208              
10      41             -0.010932062405849527              
10      42             -0.01093206734888269               
10      33             -0.010932069033641134              
6       45             -0.011444855270781054              
8       48             -0.01148418512296475               
29      44             -0.01151942548780606               
23      44             -0.011519432772012256              
43      46             -0.011560049338147305              
30      46             -0.01164159598841652               
14      27             -0.011775277492964226              
3       27             -0.011775283285354501              
9       17             -0.011915243300147288              
6       46             -0.012047905898605132              
7       12             -0.012191666883326624              
31      48             -0.012203490110541969              
3       31             -0.012313959629865812              
14      31             -0.012313960828055429              
6       31             -0.012421780233773577              
37      50             -0.012520756907582878              
18      28             -0.012581894108682087              
7       15             -0.012662491903093473              
2       7              -0.012662499536719496              
38      41             -0.01292230919452425               
38      42             -0.01292231035608929               
33      38             -0.012922312078592207              
27      32             -0.013004535232920889              
12      25             -0.013012062338925948              
8       22             -0.013023007087945473              
37      44             -0.013048193029859129              
26      31             -0.013119130765905498              
2       21             -0.013333481329267802              
2       19             -0.013333481487136076              
2       20             -0.013333485234978987              
2       24             -0.013333486621964583              
15      24             -0.013333490217901742              
15      21             -0.013333492375785558              
15      19             -0.013333492533653832              
15      20             -0.013333492556206444              
6       27             -0.013417609101085692              
12      44             -0.01342529520864788               
6       13             -0.013460586866551286              
4       6              -0.013460587930358384              
5       6              -0.013460589971287462              
6       11             -0.013460589971287462              
30      37             -0.01357558690072521               
12      51             -0.013745335534861458              
26      33             -0.013817193646298714              
26      41             -0.013817194491825599              
26      42             -0.01381719564027202               
23      30             -0.013843368767325379              
29      30             -0.01384337263945458               
18      42             -0.013887970833688562              
18      33             -0.013887972656158237              
18      41             -0.013887973546201554              
36      43             -0.014021186317135656              
1       46             -0.014056534982480093              
16      46             -0.014056542591391274              
12      38             -0.014089289762979414              
38      43             -0.014337659268261083              
18      31             -0.014365761337796198              
36      47             -0.014678422788410972              
6       12             -0.014791092256782629              
28      43             -0.0151669499269374                
31      50             -0.015222891623474635              
9       32             -0.015319348912701786              
7       9              -0.015408500097503705              
32      47             -0.015437195498714223              
31      51             -0.015517018050619315              
21      43             -0.01568642097919784               
20      43             -0.01568642114774202               
24      43             -0.01568642244342537               
19      43             -0.015686424851964295              
3       33             -0.01570824014654796               
14      33             -0.015708241310083033              
14      41             -0.015708242105143405              
3       42             -0.015708242243857508              
14      42             -0.015708243407392547              
3       41             -0.015708244666898616              
15      36             -0.015768777175904136              
2       36             -0.01576877732154741               
6       51             -0.015796678497200498              
1       7              -0.01581743100669948               
7       16             -0.015817431189744893              
1       51             -0.015952022681771885              
16      51             -0.015952026552034496              
31      38             -0.016061358238765533              
4       44             -0.01609934390512291               
5       44             -0.01609934604985659               
11      44             -0.01609934604985659               
13      44             -0.016099346632166917              
22      37             -0.016099979202358505              
15      28             -0.016102546947920113              
2       28             -0.01610254706847826               
23      43             -0.016142137985697136              
29      43             -0.016142145604821925              
25      34             -0.016170505679020175              
25      40             -0.016170510404017707              
21      46             -0.016309633664744985              
19      46             -0.01630963380328425               
20      46             -0.01630963382307557               
24      46             -0.016309635040241965              
7       17             -0.016349385422880072              
21      45             -0.016633647424563913              
19      45             -0.016633647568581905              
20      45             -0.016633647589155892              
24      45             -0.016633648854456853              
22      31             -0.016784493783163615              
17      48             -0.016808628435914463              
24      47             -0.01714281424968564               
21      47             -0.017142816710457656              
19      47             -0.017142816837819208              
20      47             -0.017142816856013716              
26      37             -0.01731398010756037               
21      32             -0.017380348759014036              
19      32             -0.01738034890978725               
20      32             -0.01738034893132627               
24      32             -0.017380357706557173              
5       26             -0.017470884695125144              
11      26             -0.017470884695125144              
13      26             -0.017470885258809743              
4       26             -0.0174708862251262                
34      46             -0.017579360332610136              
40      46             -0.017579372779647218              
5       18             -0.01761535159874486               
13      18             -0.017615352192107067              
4       18             -0.01761535320929944               
11      18             -0.01761535532403516               
33      51             -0.017788990977204648              
41      51             -0.017788991738309307              
42      51             -0.017788993144042524              
17      37             -0.017790474565989325              
22      33             -0.017794615539307945              
22      41             -0.017794616430125754              
22      42             -0.017794621165832983              
1       26             -0.017995408351890868              
16      26             -0.01799540851294361               
15      40             -0.018103763898594527              
2       40             -0.018103764027368713              
15      34             -0.01810376669511833               
2       34             -0.018103766823892503              
42      45             -0.018120798701651883              
33      45             -0.018120800471015816              
41      45             -0.018120801335123782              
12      26             -0.0181802577750666                
17      51             -0.018196178076261102              
17      28             -0.018284542097803655              
1       39             -0.018362510142815786              
16      39             -0.018362517719772195              
1       35             -0.018362518570159067              
16      35             -0.018362518696534894              
22      39             -0.018409074247807272              
22      35             -0.018409075223464882              
12      18             -0.01841548726090364               
8       25             -0.018436699947800284              
31      46             -0.018524558000623234              
4       7              -0.018561036002158332              
5       7              -0.01856103798851716               
7       11             -0.018561041713807458              
7       13             -0.018561042354466414              
28      38             -0.018573269775156928              
15      46             -0.018820343437010237              
2       46             -0.018820343595340835              
30      45             -0.01893945409597761               
6       8              -0.019010161149577126              
32      49             -0.01902072862759882               
37      48             -0.01904049080800095               
35      50             -0.01930178211376833               
39      50             -0.019301784924629403              
27      37             -0.019314010135734083              
2       12             -0.019363803524856157              
12      15             -0.019363810850426724              
8       50             -0.019456079183057952              
8       26             -0.019611637998807822              
12      22             -0.019624543367672886              
1       31             -0.01964592746918252               
16      31             -0.019645931327605004              
8       44             -0.019732683784445287              
5       36             -0.019855803291288804              
11      36             -0.019855803291288804              
13      36             -0.019855807526330496              
4       36             -0.01985580840019003               
28      51             -0.020033923233436855              
4       22             -0.020181204615259324              
5       22             -0.020181210453883866              
11      22             -0.020181210453883866              
13      22             -0.02018121104776241               
8       15             -0.020198398037033147              
2       8              -0.0201983981598325                
21      38             -0.020215243741021474              
19      38             -0.020215243881225198              
20      38             -0.0202152439012543                
24      38             -0.02021524513304418               
12      28             -0.020282683750389108              
8       28             -0.02040610119790768               
36      51             -0.02055632022676815               
2       31             -0.020705970740975424              
15      31             -0.020705974333133537              
3       45             -0.020807680382572497              
14      45             -0.02080768558919073               
7       8              -0.020856474240734224              
5       38             -0.020913502513839027              
11      38             -0.020913502513839027              
13      38             -0.020913503074653922              
4       38             -0.020913504036050898              
15      42             -0.02091438785200904               
2       42             -0.020914387981290708              
15      33             -0.020914389791533608              
15      41             -0.02091439073874328               
2       41             -0.020914390868024962              
2       33             -0.02091439364610559               
9       43             -0.02111932426460257               
5       28             -0.021126242799808237              
11      28             -0.021126242799808237              
13      28             -0.021126243221761723              
4       28             -0.02112624580775571               
3       46             -0.021148405172109613              
14      46             -0.021148410322375202              
9       40             -0.021155853789649473              
9       34             -0.021155856055136237              
9       27             -0.02131840416565063               
1       5              -0.021371577191069052              
1       11             -0.021371577191069052              
5       16             -0.021371577318767168              
1       13             -0.021371577785620252              
1       4              -0.021371578804850896              
4       16             -0.021371578932549012              
11      16             -0.021371581044057467              
13      16             -0.021371581638608667              
5       48             -0.021407144133634093              
11      48             -0.021407144133634093              
13      48             -0.021407144659110942              
4       48             -0.02140714555992841               
1       22             -0.021536369889894047              
16      22             -0.021536370059573637              
12      36             -0.02153672736077642               
10      34             -0.021562025110132402              
10      40             -0.021562026406236126              
1       12             -0.021573855423337368              
12      16             -0.02157386299892798               
17      31             -0.021730675637104527              
17      42             -0.021847426359676764              
17      33             -0.02184742829823977               
17      41             -0.021847436695560413              
9       29             -0.02188890505608082               
9       23             -0.021888908635210674              
37      49             -0.021896462271993773              
17      30             -0.021944552481349563              
12      48             -0.02195409025018044               
26      34             -0.0220015955636077                
26      40             -0.0220015967925805                
5       15             -0.02210913740647319               
11      15             -0.022109141131763488              
2       5              -0.022109141259461618              
2       11             -0.022109141259461618              
13      15             -0.022109141763236598              
2       4              -0.02210914297346006               
4       15             -0.022109146571052243              
2       13             -0.022109149341515325              
12      46             -0.022197093176363904              
1       42             -0.022224451922134195              
1       33             -0.022224453748255768              
1       41             -0.02222445464008256               
16      42             -0.022224455776706162              
16      33             -0.022224457602827735              
16      41             -0.022224458494654542              
15      37             -0.022271933711227876              
2       37             -0.022271933835140062              
6       18             -0.022391625853850877              
22      46             -0.022412692473274556              
15      38             -0.02245023827920567               
2       38             -0.02245023843943851               
26      28             -0.022474596658489603              
35      49             -0.022474624352058728              
39      49             -0.022474627221289442              
37      43             -0.022525449028433495              
3       36             -0.02261343962045584               
14      36             -0.02261344093124515               
10      16             -0.022630187569830734              
1       10             -0.022630191138399314              
10      29             -0.02277137615880853               
10      23             -0.02277137972737711               
14      15             -0.02288390861752594               
2       3              -0.022883910870468302              
3       15             -0.02288391444431853               
2       14             -0.02288391621954662               
8       51             -0.022898145569867696              
6       37             -0.023013544509864786              
31      49             -0.02314148512265537               
18      50             -0.023218568647623852              
22      34             -0.023605355696577707              
22      40             -0.023605360517124738              
5       51             -0.02367338375545723               
11      51             -0.02367338375545723               
13      51             -0.023673384262860336              
4       51             -0.023673385132694243              
30      43             -0.023740750483649264              
18      40             -0.023843794078288044              
18      34             -0.02384380415661559               
8       17             -0.02385444840457321               
8       43             -0.02439091462737368               
25      37             -0.024557224245254652              
33      48             -0.024605712516315707              
42      48             -0.024605714627641377              
41      48             -0.024605717029821284              
31      47             -0.02467762107850699               
8       18             -0.024733832109175985              
26      39             -0.02473909828930637               
26      35             -0.024739099215359633              
12      17             -0.024921413169936138              
5       17             -0.025038757240905415              
11      17             -0.025038760966195714              
13      17             -0.02503876159735574               
4       17             -0.025038762679344392              
25      47             -0.02517020770790633               
9       35             -0.02523054242251406               
9       39             -0.02523054530738185               
1       8              -0.02523214641479414               
8       16             -0.025232150262883807              
22      45             -0.02537745488157564               
17      38             -0.025536730669560734              
10      49             -0.025661255384844123              
10      38             -0.02568595636997975               
42      50             -0.025712895305199934              
33      50             -0.02571289701478502               
41      50             -0.025712897849698657              
18      30             -0.02584691581541422               
10      36             -0.025971713469997743              
7       40             -0.02598688171800914               
7       34             -0.025986884555213113              
7       37             -0.026112810600112293              
23      26             -0.026132162345280707              
26      29             -0.02613216623162376               
32      51             -0.026139843595265694              
27      39             -0.026153293536705383              
27      35             -0.026153294596104756              
10      48             -0.026306301858176506              
8       38             -0.026761292940000618              
6       47             -0.026803456015952618              
16      30             -0.026817983471892876              
1       30             -0.026817990775634584              
15      26             -0.026829597559610743              
2       26             -0.026829605171244095              
6       24             -0.027110146693676215              
6       21             -0.02711015260395279               
6       19             -0.02711015275909133               
6       20             -0.027110152781253963              
27      30             -0.027311167953194687              
8       45             -0.027329597247932547              
10      18             -0.027374691291231226              
31      44             -0.02748103513618745               
12      32             -0.02767867928673509               
5       32             -0.027820227114057156              
11      32             -0.027820227114057156              
13      32             -0.02782022771714998               
4       32             -0.027820228751023385              
32      43             -0.02804367625606309               
23      38             -0.028058112266787477              
29      38             -0.028058112427020318              
42      46             -0.02811723759877978               
41      46             -0.028117240132069177              
33      46             -0.028117243026123895              
9       45             -0.02812155017595873               
5       50             -0.028244932135837647              
11      50             -0.028244935861127946              
13      50             -0.028244936417737038              
4       50             -0.028244937371924045              
40      47             -0.02845864162940514               
34      47             -0.02845864388552409               
18      36             -0.02852186264010205               
3       47             -0.028948960502034243              
14      47             -0.028948961812038793              
23      51             -0.028960461980908875              
29      51             -0.0289604658511715                
1       9              -0.028966453297668365              
9       16             -0.028966457169119095              
24      28             -0.02896879644433297               
21      28             -0.02896879725962928               
19      28             -0.02896879736511765               
20      28             -0.028968797380187414              
7       21             -0.02898584529275948               
7       19             -0.028985845452924208              
7       20             -0.028985845475804878              
7       24             -0.028985846882966543              
14      38             -0.02898784971096359               
3       38             -0.02898785571944873               
31      45             -0.029107895835900302              
16      37             -0.029166402930689672              
1       37             -0.0291664065320678                
23      45             -0.02930061344059859               
29      45             -0.029300617330480894              
18      39             -0.02931594681924042               
18      35             -0.02931594779404978               
15      50             -0.02936753245858989               
2       50             -0.02936753261762108               
17      34             -0.029415951565519155              
17      40             -0.029415952495672124              
17      35             -0.02948583706664877               
17      39             -0.029485839755033286              
42      47             -0.02949706729121767               
33      47             -0.029497068855945337              
41      47             -0.029497069620114655              
6       22             -0.029535591732817515              
5       46             -0.02960142444112135               
11      46             -0.02960142444112135               
13      46             -0.029601424995278403              
4       46             -0.02960142594526194               
22      29             -0.02965782099973413               
22      23             -0.02965782455534484               
18      23             -0.029675013248862667              
18      29             -0.02967501341839475               
42      49             -0.029990435492375733              
33      49             -0.0299904389554801                
41      49             -0.029990441599744865              
14      49             -0.03006536146093418               
3       49             -0.030065363846305135              
30      49             -0.030532932356630682              
10      47             -0.03067763459141687               
6       43             -0.03069233951764004               
7       39             -0.03072192603738945               
7       35             -0.030721927089900597              
34      51             -0.030798720472498202              
40      51             -0.03079872753865303               
14      22             -0.03081626559382103               
3       22             -0.03081627151728536               
1       49             -0.030817853654785926              
16      49             -0.030817857528956147              
10      28             -0.030897348885073173              
25      39             -0.031080334298798876              
25      35             -0.031080335309902257              
18      37             -0.031172174587149715              
9       28             -0.03127114513781175               
15      29             -0.031495729336983344              
2       29             -0.03149572949148775               
15      23             -0.03149573288185274               
2       23             -0.03149573303635715               
37      45             -0.031683844201943145              
12      49             -0.03180513578712045               
12      50             -0.03233371475183593               
27      31             -0.03235850090994448               
9       26             -0.03237289297088754               
7       50             -0.03243087154550765               
13      49             -0.03243325660436244               
4       49             -0.032433257497642004              
11      49             -0.03243325794592785               
5       49             -0.032433259808573                 
23      47             -0.03250079154795468               
29      47             -0.03250079169351075               
9       18             -0.03257892842768077               
30      50             -0.032617673865642516              
15      39             -0.03294460955833392               
15      35             -0.03294461059575403               
2       39             -0.032944613410000045              
2       35             -0.03294461444742017               
3       43             -0.03296826106789169               
14      43             -0.03296826258478927               
29      49             -0.03412742090189268               
23      49             -0.03412742447830304               
7       30             -0.03415577001989302               
14      26             -0.03415818699217578               
3       26             -0.0341581892679914                
17      46             -0.03493950320250233               
34      48             -0.035458824043559496              
40      48             -0.03545882544173801               
7       31             -0.035784884758346805              
34      49             -0.03590208561384611               
40      49             -0.03590208703149755               
16      43             -0.03601514398316587               
1       43             -0.03601514753991199               
17      23             -0.03607241086633932               
17      29             -0.03607241104667078               
26      48             -0.03683552504982181               
5       45             -0.03701825054807886               
11      45             -0.03701825054807886               
13      45             -0.03701825298679598               
4       45             -0.0370182558369931                
18      46             -0.03706923980281614               
21      50             -0.037091566290825606              
19      50             -0.03709156642997788               
20      50             -0.03709156644985677               
24      50             -0.037091567672408884              
7       33             -0.03720655568120908               
7       41             -0.03720655664219752               
7       42             -0.03720655743876114               
35      48             -0.03748658187997887               
39      48             -0.03748658287934062               
30      38             -0.03792700836716209               
12      45             -0.038129050831672964              
8       49             -0.0382372133007465                
1       36             -0.039574113350739376              
16      36             -0.039574113496382624              
14      18             -0.040112862919146425              
3       18             -0.04011286511864817               
37      51             -0.0406853201511876                
26      36             -0.04086396831891029               
18      25             -0.04101210953154588               
3       17             -0.041707971748280157              
14      17             -0.04170797337126311               
17      32             -0.041718558144087245              
3       51             -0.042109416213859954              
14      51             -0.04210941751861082               
15      32             -0.04220036775529927               
2       32             -0.04220036792761152               
15      48             -0.04314366764253659               
2       48             -0.04314366779267284               
10      50             -0.04330667598031292               
25      31             -0.04360506561596661               
36      45             -0.04377590364374287               
42      44             -0.04415271004775112               
41      44             -0.044152714572386384              
33      44             -0.044152715561566025              
40      45             -0.04499385964840348               
34      45             -0.04499386033693423               
8       27             -0.0453920549273219                
25      42             -0.045397588598679775              
25      41             -0.04539758954953972               
25      33             -0.04539759235164867               
6       38             -0.045801705635175036              
27      40             -0.04587917169811703               
27      34             -0.045879172691244086              
13      27             -0.045906908648227815              
5       27             -0.04590690986602118               
11      27             -0.04590691172866633               
4       27             -0.04590691347897832               
22      32             -0.04593230538941716               
12      27             -0.04607833988632494               
24      25             -0.04695129477318111               
21      25             -0.04695129510818091               
19      25             -0.04695129526204447               
20      25             -0.046951295284024974              
35      51             -0.047201414858295196              
39      51             -0.047201417749994666              
17      44             -0.04827417405855311               
22      44             -0.04864717101038532               
27      42             -0.04920949246093799               
27      33             -0.04920949257890907               
27      41             -0.04920949540883189               
40      44             -0.050565115271036035              
34      44             -0.05056511598719381               
6       26             -0.05270398869828655               
21      44             -0.053228020748018676              
19      44             -0.05322802089359627               
20      44             -0.05322802091439306               
24      44             -0.05322802405604128               
21      48             -0.05589439389904523               
19      48             -0.05589439403041444               
20      48             -0.055894394049181464              
24      48             -0.05589439473769256               
21      27             -0.06367622549685635               
20      27             -0.06367622568109971               
19      27             -0.06367622658939187               
24      27             -0.06367622802879318               
