#======================================================================
# PARAMETERS USED FOR THIS COMPUTATION: 
#	Sequence type: RNA
#	Total number of sequences in alignment data: 17
#	Length of sequences in alignment data: 47
#	Value of sequence identity: 0.8
#	lambda_h: 9.200000000000001
#	lambda_J: 9.200000000000001
#	Number of gradient decent iterations: 500
# The First and Second columns represent sites and the
# Third column is PLMDCA Frobenius norm, average product corrected (APC) DCA score
#======================================================================
4       28             0.21473726007805094                
7       25             0.21371897033168735                
5       27             0.2111876511867444                 
3       29             0.18497829694295037                
9       23             0.16615378339893438                
8       24             0.1640527116118742                 
30      31             0.15032485453691463                
12      21             0.13092628417906738                
3       38             0.12174160553807814                
38      40             0.11447629436479217                
11      22             0.11447439190638295                
17      18             0.11440185443533367                
29      38             0.11049960273597587                
20      22             0.11036081010810271                
14      19             0.11002028024009523                
9       40             0.10905287671048447                
10      40             0.10008472322457838                
13      16             0.09781631759893454                
37      39             0.09644905969762396                
6       43             0.09597817241791391                
9       10             0.0928550998470826                 
2       31             0.09210654012438493                
2       30             0.09210652411714138                
21      36             0.09162021381324886                
2       35             0.08939326435459503                
6       21             0.0888128861973594                 
18      19             0.08847861025467467                
17      19             0.08847858229343836                
4       8              0.08594113762690014                
4       24             0.08594113711719217                
22      37             0.0857532691575453                 
5       7              0.08079220427268172                
14      42             0.08063033390616262                
11      20             0.0797078347414141                 
13      14             0.07940412939672088                
35      45             0.07895780088587577                
37      45             0.07831173662367226                
11      37             0.07626162907924568                
30      33             0.07526886354298797                
31      33             0.0752688497579406                 
32      33             0.0734106673902244                 
21      43             0.07305498670996083                
21      24             0.07294184151521373                
8       21             0.07294182699945653                
1       22             0.07289330057822392                
6       12             0.07237085174603111                
7       23             0.07038679137468035                
26      39             0.06995647944185066                
26      47             0.06988261671342669                
23      40             0.06917024867517796                
32      35             0.06865981253998613                
29      47             0.06773183830294854                
1       32             0.0675229065897744                 
6       27             0.06654630124181507                
8       36             0.0661500226608208                 
24      36             0.06615002231274132                
1       5              0.0660404777115632                 
31      35             0.06559229850392477                
30      35             0.06559229739465594                
46      47             0.06527171381997648                
2       42             0.06457555111980531                
2       46             0.06442976828350833                
11      39             0.06420620619858275                
12      34             0.062467059126434146               
35      42             0.0619652034776077                 
5       25             0.06184644721527613                
12      43             0.06154838048521763                
4       23             0.05997716129541744                
19      42             0.059841045318498085               
29      40             0.05953502754465066                
12      36             0.05907274881725859                
8       44             0.05895161283628156                
24      44             0.05895161249416753                
13      44             0.05870290887342332                
22      45             0.058437413480770445               
20      44             0.05815300185443634                
38      47             0.05801823435026346                
1       9              0.05795859262066022                
35      37             0.05771059600950652                
3       47             0.057401663474968806               
11      45             0.057029349418263264               
27      46             0.05592539916982421                
43      47             0.05571659027507635                
14      33             0.05550413431642259                
19      34             0.055051476310158345               
14      17             0.054687986845523                  
14      18             0.05468798518293482                
8       43             0.053394254417453435               
24      43             0.053394254072337                  
3       40             0.05305479680107866                
9       38             0.05240945832365955                
15      33             0.05082232530271792                
42      45             0.05078821122185967                
1       15             0.05074998427560243                
19      40             0.05071167229002471                
24      28             0.05042231671271702                
8       28             0.050422302308697056               
11      42             0.050370272108985883               
1       45             0.04961905598681825                
25      45             0.04932410037377541                
26      45             0.048738923946445675               
43      46             0.048738129299715466               
44      45             0.04857301803669449                
26      46             0.04835951521956734                
13      20             0.04796921919064506                
34      36             0.047702101097123126               
13      39             0.04727317674341222                
6       25             0.04714875276980077                
32      41             0.04710767439583404                
8       12             0.04697859743886651                
12      24             0.04697859701584217                
6       16             0.04629381204588712                
26      37             0.04613394705445617                
16      43             0.04600633840505923                
13      19             0.04566941170834733                
37      46             0.04556859039086787                
12      17             0.04541414682572811                
12      18             0.04541414483751374                
1       27             0.04533453883575482                
10      38             0.04500056648479024                
7       28             0.04453013815172491                
26      38             0.0443611836152365                 
13      33             0.04417928718708611                
12      19             0.0434691606918759                 
37      38             0.04330428138880173                
35      46             0.043127631625631366               
33      47             0.04255661908247811                
14      39             0.04145096842823878                
15      17             0.0414210525548113                 
15      18             0.0414210509775628                 
31      46             0.04125098981125033                
30      46             0.041250988418849874               
4       7              0.04099128408219685                
5       6              0.040540792862484076               
1       44             0.040334879401974125               
9       28             0.04022006386658346                
2       41             0.04011403259860637                
10      23             0.03983746240244389                
2       37             0.039831786375565614               
31      42             0.03955837812135875                
30      42             0.039558376778633844               
17      40             0.03955311771989996                
18      40             0.03955311593613045                
23      39             0.039484948783929066               
41      43             0.039326512343853454               
1       10             0.03903342996391476                
26      41             0.038952221147725376               
33      38             0.03864615571295883                
12      16             0.03823686651145544                
33      35             0.03783212785938658                
36      41             0.03759511148410707                
16      21             0.0368010022368285                 
10      20             0.03627154138266263                
11      14             0.03625321896688388                
25      27             0.0361122915471388                 
15      44             0.035965780405733005               
14      32             0.035839118509097316               
28      44             0.03580733888805397                
31      38             0.035649577014363304               
30      38             0.035649575600983946               
9       34             0.03560274909230106                
21      27             0.035372639317180266               
7       8              0.035103394965001436               
7       24             0.03510337957748791                
11      26             0.035096851821444175               
10      41             0.03483090164448895                
41      44             0.034830522496991694               
16      29             0.03479207327629362                
7       34             0.03455239699220572                
9       15             0.034520030994906345               
6       47             0.03437259259742938                
8       25             0.033763253482005345               
24      25             0.03376325297628033                
23      25             0.033548881296915134               
5       46             0.033373473759019806               
15      16             0.03324254344961364                
34      40             0.0332187431094975                 
9       29             0.03288037133999115                
2       20             0.032312308829155936               
1       33             0.03219970409380529                
17      41             0.03182181742391704                
18      41             0.031821816086588024               
7       27             0.03175377436024962                
15      32             0.031699204390179814               
3       16             0.03158236330004616                
7       45             0.03157688147705692                
1       28             0.03154152685741775                
16      20             0.03152420782899293                
39      44             0.031163357650530327               
31      47             0.030855713524093442               
30      47             0.030855697235405447               
29      31             0.03078871995842053                
29      30             0.030788718381984173               
6       46             0.030718460939390735               
6       7              0.030636949366739843               
22      42             0.030310439004240547               
26      29             0.029766990681190666               
3       27             0.02938500258687113                
6       8              0.02920800123314231                
6       24             0.02920799341209321                
1       35             0.02892540323918208                
16      47             0.028909687289804503               
39      42             0.02866409866576239                
19      33             0.028534897897177863               
11      47             0.028441361062755743               
6       42             0.028219300165719857               
18      38             0.02817977555928923                
17      38             0.028179762734028974               
39      47             0.02817402057152961                
17      30             0.028118475735244938               
18      30             0.02811846645874959                
18      31             0.028118459979958793               
17      31             0.02811845435529292                
39      45             0.027881978753611092               
5       12             0.027323716886402782               
23      28             0.027274985473566035               
33      41             0.026936067469192228               
32      39             0.02679162874570379                
3       30             0.026563899297978838               
3       31             0.02656388599231474                
12      40             0.026517309753370175               
4       26             0.02633038115365334                
10      44             0.026204720291898576               
16      33             0.025600730593804646               
35      41             0.02531986722505615                
15      28             0.024822051350208277               
37      42             0.024465633779345283               
6       17             0.0242711893748927                 
6       18             0.02427118018311014                
5       23             0.024251266419531292               
9       32             0.024090622044197263               
13      23             0.024085477753340162               
45      47             0.02405700004299348                
16      32             0.02403923286031462                
15      34             0.023992856698137                  
8       16             0.023961147790264994               
16      24             0.023961139921413716               
8       20             0.023863217171983406               
20      24             0.023863216746135077               
3       9              0.023686078978232897               
6       41             0.023118562825914644               
23      34             0.022953574774288096               
14      16             0.022916663439891308               
11      19             0.022906444595799824               
1       23             0.022671640608818572               
32      45             0.02259417893618071                
13      22             0.022564337719576916               
20      36             0.022334614126347366               
25      34             0.022316679360020034               
28      45             0.02226382915970443                
42      46             0.022153615566711346               
32      43             0.02206328450688097                
6       34             0.021955244045353484               
5       21             0.021940868935835703               
15      23             0.021630647446654425               
32      34             0.021628177096483403               
11      38             0.021529564529846973               
25      46             0.021289088454633925               
28      46             0.020972914606389226               
34      44             0.020709615794761785               
19      39             0.02004727694028431                
31      41             0.019968915211922164               
30      41             0.019968914301400284               
13      15             0.01990144341184108                
18      34             0.019857608148326614               
17      34             0.019857595188386867               
45      46             0.01977037489204675                
27      29             0.019666706666518957               
29      46             0.01933705701837178                
14      37             0.019275704686984224               
7       40             0.01924362927708473                
18      33             0.019222791860428176               
17      33             0.019222778598559156               
26      32             0.01915964635589649                
4       11             0.01913967683678744                
3       20             0.019056783655012885               
19      38             0.018982381475018642               
34      45             0.018370048677656417               
19      32             0.0182442051461795                 
1       34             0.018057729363772326               
4       16             0.017936321204262834               
40      41             0.017615852767319612               
14      15             0.01747945686542665                
3       46             0.017392984476316126               
23      29             0.017247900340285185               
10      28             0.017201592257008666               
3       5              0.017152783943079675               
4       19             0.016926284026265476               
29      39             0.01691819450491537                
14      41             0.016440200435519657               
32      36             0.01615862282987416                
16      22             0.01613546428976184                
39      41             0.015939476731912885               
2       32             0.015639856455209294               
20      42             0.015493723105761026               
3       12             0.015110989600606611               
1       12             0.014734296797628596               
4       25             0.014709617784675583               
15      41             0.014662706204785422               
17      36             0.014656089996302996               
18      36             0.01465608836032948                
12      25             0.01453468373617764                
21      28             0.014172035595121979               
10      22             0.014092314148447166               
27      28             0.013953075001051002               
37      40             0.013574213196141924               
26      27             0.013536703325548072               
23      32             0.01347151285176916                
22      46             0.013404238841005126               
11      13             0.013372652222233689               
15      20             0.013355923657640226               
17      21             0.013152942903362094               
18      21             0.013152941091963286               
4       45             0.013082337493915436               
9       13             0.013024313471339519               
16      23             0.012631910494797546               
20      34             0.012583713883249761               
4       39             0.012360614137454248               
7       35             0.012324505339065081               
31      37             0.012188231236139949               
30      37             0.012188222453370923               
22      27             0.012179970997496903               
9       19             0.011638939034247231               
15      31             0.011637302121112456               
15      30             0.01163730104724113                
5       35             0.01149539384040088                
15      45             0.011124444963591218               
27      35             0.01096167723441041                
10      17             0.010925578646341964               
10      18             0.010925577062484544               
1       40             0.010847191196691017               
10      32             0.010737979369898003               
5       8              0.010524342551760116               
5       24             0.010524342057573369               
9       18             0.01051127302147653                
9       17             0.010511267497043189               
23      38             0.010491054048771695               
4       29             0.010476949727933532               
13      28             0.010473846719391819               
25      28             0.010388780110611201               
25      29             0.010163339968020796               
5       29             0.009783401254790186               
4       47             0.009631330269703808               
2       26             0.009610435526024322               
36      42             0.009589579730073627               
10      29             0.00956479406475566                
13      34             0.0094978019451043                 
26      36             0.009421498137621123               
23      44             0.0093156512580546                 
2       43             0.00922087051892996                
2       27             0.009050979221363623               
10      37             0.008955769713085537               
27      43             0.008935327183692138               
32      42             0.008858976620270617               
25      38             0.008845984261191597               
2       44             0.008770272057695525               
2       45             0.00863580923453898                
10      43             0.008618456948855657               
32      44             0.008564427152581641               
38      45             0.008561479594684923               
26      43             0.008516137278335667               
2       10             0.00851559709558676                
2       36             0.008452393818358064               
19      28             0.00835785563561435                
22      39             0.008119065987421112               
21      47             0.007902122671291145               
24      41             0.007666564115495281               
8       41             0.007666556949452771               
6       14             0.007609367326197047               
14      31             0.007540487963206055               
14      30             0.0075404868312311385              
16      39             0.0074592477953357855              
36      43             0.007455357437021526               
3       21             0.007353855391477135               
17      44             0.007324296602926876               
18      44             0.007324294994990974               
11      36             0.007214220806522592               
4       9              0.007187025200404443               
21      46             0.007072787604364653               
32      37             0.006992376416990187               
11      23             0.006901073966143673               
3       26             0.006850447154544609               
22      36             0.0067622890407127295              
22      29             0.0067418626175252405              
26      44             0.006676676730440381               
10      26             0.00657313046505939                
20      30             0.006538197972280377               
20      31             0.0065381918844144155              
25      40             0.006534170421779423               
13      31             0.00649776179402807                
13      30             0.0064977529943839735              
28      40             0.006420635493688265               
25      35             0.0063042965939626855              
11      29             0.006240532846070096               
24      34             0.006101217481807739               
8       34             0.006101210444252991               
5       43             0.006040692071527243               
3       23             0.006006141809762694               
20      21             0.005875941664559195               
10      39             0.0058151184997192185              
22      44             0.005709297329439381               
37      47             0.00565660855696834                
20      40             0.005586735303159021               
11      34             0.005446292355107268               
11      44             0.005363877381288545               
17      42             0.00527314158696493                
18      42             0.0052731247136765524              
9       20             0.0050588638086225685              
4       37             0.005043388077768524               
43      44             0.004982217727507551               
5       9              0.004960454052083937               
2       17             0.004793645086775586               
2       18             0.004793636011636508               
34      42             0.004631788534462888               
27      38             0.00463045789037092                
8       13             0.0046273464992391405              
13      24             0.004627346077656774               
4       46             0.004606859974794875               
22      26             0.004441137341997609               
5       36             0.004410272517926153               
22      34             0.004247859726182038               
37      41             0.0042125780785391975              
11      46             0.004196416011301052               
21      41             0.004021317039970815               
16      38             0.003938391805202807               
2       5              0.003898312732158807               
9       44             0.003890274341232583               
17      43             0.0038779437272172743              
18      43             0.0038779346545894586              
8       45             0.003833613413520426               
24      45             0.0038336054905140637              
9       22             0.0037907255544796237              
15      25             0.0037552882116561603              
27      36             0.0036904799346517136              
20      39             0.003553113062727528               
7       33             0.003527599167345588               
15      35             0.0034259083635871934              
1       13             0.0032318362668829897              
20      29             0.0031526237063271706              
8       27             0.003124000560294271               
24      27             0.0031240000815937613              
2       22             0.0029600729555111366              
41      47             0.0027687735332256602              
1       41             0.0027452400357198814              
28      29             0.0027368391257480973              
4       10             0.002685785142758232               
27      34             0.002629924099842515               
25      33             0.0022799314313066005              
3       10             0.0021621793973564396              
4       21             0.002119733598982515               
3       13             0.0020275981222915573              
19      23             0.001968413535899327               
13      18             0.0018876036013396463              
13      17             0.0018875981321960639              
22      47             0.0017887485965686206              
41      46             0.0015975053328008276              
10      14             0.00137865004475278                
1       16             0.001342030626930002               
3       11             0.0012121700412273673              
15      27             0.0011867311698374738              
6       32             0.0011547703127068043              
9       41             0.001127878352586556               
4       27             0.0010239862904637687              
19      37             0.0009306356459946735              
3       4              0.0007267765939068527              
13      42             0.0006919503531337551              
2       11             0.0002971231241161304              
3       25             0.00024980295032575595             
6       15             8.2834269270457e-05                
14      21             7.077754847652218e-05              
7       21             -7.632958639734733e-05             
17      26             -0.0001385933894561056             
18      26             -0.00013859503838763165            
36      44             -0.00016079971013047145            
14      35             -0.0004203089735544674             
14      36             -0.00046698636101794033            
5       28             -0.000487841440151654              
15      37             -0.0005002746332191388             
5       22             -0.0006351598281548465             
1       20             -0.000703844875430848              
20      45             -0.0008364358286484935             
4       44             -0.0008842987084873577             
28      47             -0.0009307618947053398             
23      41             -0.0010140486078751287             
41      42             -0.0010390042451881992             
11      35             -0.0010844530911254258             
8       22             -0.0011119588586638585             
22      24             -0.0011119593396637234             
33      43             -0.0011430530116509768             
5       15             -0.001208287406625777              
28      36             -0.0012322622167688924             
18      23             -0.0012346923742824062             
17      23             -0.0012346979497113025             
10      36             -0.0012679429107339685             
4       38             -0.001405186166251765              
17      32             -0.001614607452799087              
18      32             -0.001614608836510184              
39      46             -0.001777406149350999              
7       12             -0.0017913193823748674             
12      47             -0.002078088602524883              
12      46             -0.00221160395556734               
1       21             -0.0023468741325936987             
29      45             -0.002461442073563719              
8       11             -0.0024815487583411816             
11      24             -0.0024815492287373897             
13      45             -0.0025913159948818126             
20      46             -0.0026019069905735825             
5       13             -0.002631756774277322              
27      47             -0.0027815332245430396             
20      47             -0.0028064463500077214             
5       34             -0.0029169022244703025             
7       31             -0.0030571099078952474             
7       30             -0.0030571114642226477             
1       29             -0.0030730903314043073             
19      41             -0.0031123328509897047             
3       22             -0.0031382467021079385             
9       35             -0.003883094285315414              
16      19             -0.004057215778939402              
22      25             -0.0041319060379016725             
17      37             -0.004201481053318745              
18      37             -0.0042014830099705025             
7       9              -0.004393345841452789              
26      33             -0.0045473864033675065             
35      43             -0.004553260136590978              
3       33             -0.004574260975398287              
5       31             -0.004835904499995894              
5       30             -0.0048359060813934485             
33      36             -0.004905300721294942              
16      46             -0.0049589620061158135             
20      28             -0.005067276904915111              
4       42             -0.005097967373047643              
10      15             -0.005182124704170732              
20      35             -0.005900848698748601              
11      27             -0.006047592914787597              
19      27             -0.006143292363504901              
21      22             -0.006349351334478642              
32      40             -0.006362935126235675              
26      35             -0.006413858075297887              
9       39             -0.006535820832790515              
38      39             -0.006587535948572851              
2       33             -0.006663077685346172              
22      23             -0.00676071694540592               
34      38             -0.0068180921624703544             
15      39             -0.00685717156752795               
28      42             -0.006903085454571592              
22      35             -0.007026418752287128              
7       46             -0.007063312843035602              
17      47             -0.007169585552075336              
18      47             -0.0071695875900053135             
26      28             -0.007242605087705731              
35      36             -0.007276071054994754              
4       40             -0.007484450154850164              
7       11             -0.007498063759017903              
12      27             -0.007633632370516508              
13      38             -0.00773971592764458               
11      32             -0.007769694944084124              
3       28             -0.007778678699235181              
14      22             -0.007829915350458183              
2       6              -0.008344273263251337              
33      39             -0.008427735940631897              
4       36             -0.008458566254673519              
9       12             -0.008580027628069406              
8       47             -0.00869498547689522               
24      47             -0.008694985910497346              
27      42             -0.008746430560550411              
1       14             -0.008784089294236838              
25      26             -0.008820613909152841              
13      41             -0.008913238920838826              
12      41             -0.009177223842548654              
25      36             -0.00932047551956909               
22      38             -0.009542799222694562              
1       17             -0.009640225932629351              
1       18             -0.009640235376620745              
7       38             -0.00971231841788553               
2       40             -0.009741491623148121              
22      40             -0.009937881075121072              
15      36             -0.010118324097079523              
14      43             -0.010198403949855675              
6       26             -0.010283704157038942              
7       29             -0.010290667607924964              
40      43             -0.010317874075983655              
42      44             -0.010407305299732633              
25      30             -0.010514447760349793              
25      31             -0.010514453592610329              
7       19             -0.01055051663840964               
11      21             -0.010600051132382216              
14      44             -0.010650308977030162              
31      32             -0.010798216920069617              
30      32             -0.010798217862170792              
22      30             -0.010860889964751166              
22      31             -0.010860895876132232              
25      47             -0.010875793326926814              
20      25             -0.01090452291615078               
12      29             -0.01090961856660315               
5       33             -0.010948702435083724              
16      18             -0.011074545892488172              
16      17             -0.011074547651906297              
10      35             -0.01137708306282928               
27      31             -0.011429076577239378              
27      30             -0.01142907810908099               
3       8              -0.011520134865338733              
3       24             -0.011520142814512191              
34      41             -0.01157273966593804               
23      37             -0.011750122785165476              
20      41             -0.011851777419813359              
35      39             -0.011868897254501437              
10      21             -0.011896759412366953              
6       36             -0.012182186704475254              
1       36             -0.012228305011235147              
29      34             -0.012324886151736283              
15      38             -0.012369867329999798              
25      43             -0.012471767300266154              
9       33             -0.012720587509569808              
15      19             -0.012750660689195281              
11      16             -0.012768916425166657              
2       15             -0.012913630405840842              
19      22             -0.013169250351602602              
2       39             -0.013194923179111057              
12      13             -0.013231043099289824              
35      44             -0.013305360134095279              
31      36             -0.013440156159230485              
30      36             -0.013440164723665396              
39      43             -0.013563380393381536              
10      33             -0.013620470227410614              
33      34             -0.013834629837743542              
36      40             -0.013858070188599816              
3       34             -0.013866619831855567              
21      25             -0.0139019493379159                
5       40             -0.013912198492149211              
3       15             -0.013987771385999659              
14      26             -0.0140807700411614                
31      43             -0.014240803439461464              
30      43             -0.014240804543834043              
2       14             -0.014249706625946434              
26      40             -0.01446595444783369               
36      39             -0.014520282197863207              
18      39             -0.014594128827638747              
17      39             -0.014594130743609643              
23      35             -0.014700744054906414              
34      35             -0.014711191080312394              
26      31             -0.0147184193114763                
26      30             -0.014718420434153084              
33      44             -0.01474506489598823               
15      26             -0.014940713375957301              
1       8              -0.014983553020908064              
1       24             -0.014983553445038031              
6       10             -0.01501521664284712               
15      43             -0.015067812236973357              
1       19             -0.01507406461399216               
13      29             -0.015127840922983304              
14      38             -0.015174693573559203              
14      25             -0.015361415801641062              
9       37             -0.015365649383598926              
12      37             -0.015371011117089273              
1       3              -0.01544250357724647               
24      32             -0.01549322475212292               
8       32             -0.015493231908296892              
4       43             -0.01570138041856066               
25      42             -0.015711064939796807              
25      44             -0.015742827170210708              
31      44             -0.01579192754077499               
30      44             -0.015791936086120464              
5       19             -0.01580571848307606               
10      25             -0.015848676451389015              
17      20             -0.01613452180213175               
18      20             -0.016134523803618878              
11      33             -0.01616954393530208               
28      30             -0.016329035117369384              
28      31             -0.01632904097709803               
2       3              -0.01640047032408376               
2       7              -0.016408630982262015              
4       22             -0.016419125514532812              
21      29             -0.016463063321188506              
19      35             -0.0165116970711027                
4       6              -0.016521229184950192              
7       13             -0.016522047286281746              
4       12             -0.016524154484361925              
12      45             -0.01679531674481867               
3       43             -0.01680011165107849               
21      37             -0.016848524747563473              
28      43             -0.016904833447549505              
3       19             -0.01691543436502857               
7       42             -0.017136379869135104              
34      47             -0.017319230253479076              
10      30             -0.01737019973875943               
10      31             -0.017370206110969025              
16      35             -0.017453782130766038              
29      37             -0.017490579754872462              
27      40             -0.01766626253466798               
4       15             -0.01768512293017284               
7       22             -0.018069313306366352              
16      45             -0.018103641091821457              
36      37             -0.018113969753704662              
20      33             -0.018131338596767813              
7       26             -0.018217325664813253              
38      46             -0.018456811576197954              
6       19             -0.01851957805078401               
11      28             -0.01858901413496239               
31      45             -0.01871757309829647               
30      45             -0.018717574610058907              
14      47             -0.01872947611479668               
12      23             -0.01902001738105734               
11      31             -0.01920542553780094               
11      30             -0.01920542704306881               
16      44             -0.019302535033411436              
5       10             -0.019419011054437288              
3       7              -0.01944516105760477               
37      43             -0.019463430906505916              
6       28             -0.01946614061304293               
9       36             -0.019476979861767843              
5       32             -0.01951935116312642               
8       46             -0.01957693720663012               
24      46             -0.019576937641755263              
13      32             -0.01963392931221554               
9       11             -0.01980324258254322               
5       14             -0.01981462556129747               
21      34             -0.01984784366917891               
9       27             -0.01986705842606018               
38      41             -0.01990012768427983               
27      45             -0.019940814480069957              
10      34             -0.020087078787503015              
22      28             -0.020088925247515266              
3       39             -0.02016192072072559               
4       31             -0.020206994776259465              
4       30             -0.02020699640732493               
21      44             -0.020343940308054392              
7       32             -0.02046679895523784               
32      47             -0.020482873609782112              
15      21             -0.020522732053676107              
19      31             -0.020605466794012817              
19      30             -0.02060546804751824               
16      40             -0.020677603330188893              
27      32             -0.020717287070924476              
38      42             -0.020767815876616608              
40      44             -0.020852998524263464              
6       44             -0.02107042202172664               
7       41             -0.021139192321867423              
12      14             -0.021238138415848873              
6       20             -0.021308244520989117              
16      25             -0.0213221074023716                
25      37             -0.02134218268384426               
23      36             -0.021506052220560762              
13      46             -0.021614085660857                 
12      28             -0.0216944247615163                
16      27             -0.021899716546011222              
16      41             -0.02215150210891162               
10      12             -0.02220214377972418               
10      13             -0.022202791286225376              
16      42             -0.022234441742828306              
7       14             -0.022327122288104573              
16      28             -0.022560907954471854              
33      45             -0.022576251294056757              
23      42             -0.022770836825791507              
27      39             -0.022903257299462368              
19      20             -0.022920944161908777              
34      46             -0.02292712159982639               
10      19             -0.022970959524756557              
19      29             -0.02299478714533336               
1       39             -0.023029868215135543              
1       2              -0.02304374069661369               
14      34             -0.023099469993105776              
21      42             -0.023195688761227948              
5       39             -0.02330434977898377               
8       37             -0.023309737304524736              
24      37             -0.023309737720833612              
25      32             -0.02346829588939907               
21      32             -0.023544943835553445              
17      35             -0.0235798289701293                
18      35             -0.02357983432465819               
7       43             -0.023649953824474337              
5       45             -0.02368235621238221               
1       43             -0.02371563933386181               
33      42             -0.02399842877799914               
3       45             -0.024044863437896496              
4       34             -0.02406055536589774               
6       33             -0.024213657612734224              
14      23             -0.024339743945181264              
32      46             -0.024362959901024148              
2       8              -0.024481270167347177              
2       24             -0.024481270512997935              
5       47             -0.02456467808627956               
1       26             -0.024697603192555165              
19      36             -0.024764233011250122              
7       10             -0.024784061537688806              
6       35             -0.0248222946081037                
14      20             -0.024856595652229058              
7       44             -0.02488262944061273               
23      33             -0.024914069766637667              
4       5              -0.025057011352147968              
12      39             -0.025079584434903837              
2       29             -0.02511931419980805               
24      26             -0.025150638171980474              
8       26             -0.025150645271724573              
20      43             -0.025203869822999908              
10      16             -0.025253113635445357              
3       36             -0.02531519526709361               
28      39             -0.025414095220207614              
9       25             -0.02545619008552595               
33      37             -0.025569949716298432              
5       42             -0.025720906312097225              
1       11             -0.025739515570082916              
23      27             -0.025863947338091553              
2       9              -0.02587294411888995               
9       43             -0.025888795861243097              
24      29             -0.025903459801594586              
8       29             -0.025903474210119418              
28      34             -0.025953642061682408              
5       26             -0.0259867453007782                
2       25             -0.026035916344168797              
6       37             -0.026144739389592483              
4       14             -0.02620096617902201               
29      43             -0.02621711753095568               
8       15             -0.02622949341249932               
15      24             -0.0262294937480841                
36      47             -0.026296714985996006              
37      44             -0.026642053124293144              
15      47             -0.026658001631298195              
7       15             -0.026866719231055727              
1       38             -0.02699100475820583               
3       17             -0.027093721211818703              
3       18             -0.027093723555205076              
3       42             -0.027269100737762786              
36      46             -0.027385320003250016              
6       13             -0.027397096277150063              
2       21             -0.02740105186126389               
1       4              -0.027405915462779776              
29      33             -0.02742756670882142               
13      27             -0.02746434889440877               
35      40             -0.0276659671617885                
41      45             -0.027701952256917323              
19      44             -0.027897661933037166              
21      26             -0.027957184032080362              
3       6              -0.028001017459341068              
25      41             -0.028103877756822035              
20      32             -0.028401856574089113              
9       26             -0.028422601758490068              
10      42             -0.02853854083591517               
2       47             -0.02865083426629117               
12      44             -0.028768151224055363              
15      29             -0.028769228112928424              
2       16             -0.028888615734018103              
33      40             -0.028908715588051415              
6       45             -0.028920500165869625              
42      43             -0.028927454802402136              
16      31             -0.02906977733158657               
16      30             -0.029069778670052712              
2       23             -0.029071471144898373              
14      27             -0.029316026115853974              
5       20             -0.029502754058961647              
8       10             -0.02952218916200082               
10      24             -0.029522189498991755              
9       14             -0.029596099889281954              
8       42             -0.029628030319011872              
24      42             -0.029628038189194003              
12      15             -0.029748425080507707              
4       17             -0.029829309430698295              
4       18             -0.0298293118263257                
13      25             -0.030021755525511964              
21      39             -0.030046386290285748              
26      42             -0.030106256502143172              
19      21             -0.030135404401366084              
14      40             -0.030222583087870902              
19      43             -0.03025313991357159               
27      37             -0.030279449128861782              
2       13             -0.030369912777238453              
13      36             -0.03041686694710219               
13      21             -0.030430325316172388              
5       16             -0.030448142779135698              
5       38             -0.03049150964085731               
10      46             -0.030519372037692546              
23      43             -0.030658684541518266              
14      28             -0.03093954110953162               
30      39             -0.031216618645072025              
31      39             -0.03121662486377559               
21      45             -0.031274761143597146              
13      40             -0.031292739698599456              
29      36             -0.03136433277051681               
20      26             -0.03137777358840882               
1       42             -0.03139591494683139               
22      33             -0.03154487732771315               
7       18             -0.03158895396894447               
7       17             -0.031588962858959485              
10      47             -0.031668160477932736              
13      26             -0.031865338690036174              
8       17             -0.03188853950513014               
17      24             -0.03188853980881444               
8       18             -0.031888541466432815              
18      24             -0.03188854177011713               
6       40             -0.0318889710854552                
6       39             -0.032155537243326704              
7       39             -0.032455428334494205              
5       44             -0.03250411074167707               
44      46             -0.03254249076089678               
7       20             -0.032621335200386944              
39      40             -0.03270734371710041               
23      26             -0.032754454436344546              
44      47             -0.032782525123288775              
28      35             -0.03283205390240297               
21      23             -0.0328449602247568                
13      43             -0.0328946225022463                
28      38             -0.03291758498648176               
34      37             -0.03292749141405056               
16      26             -0.032952916848820554              
2       19             -0.03295479366197593               
16      36             -0.03295972918380098               
18      28             -0.03343371668039015               
17      28             -0.033433718069116644              
1       6              -0.03369726096345903               
40      42             -0.03388293433586678               
15      40             -0.03392909462420518               
8       39             -0.03393017523209174               
24      39             -0.03393017561705333               
8       35             -0.03396944946908177               
24      35             -0.033969453541018574              
2       28             -0.03400717306539598               
12      32             -0.03405966620929707               
20      23             -0.034126936206442235              
11      43             -0.03419630924818581               
19      26             -0.03427691584823246               
5       11             -0.034430167130350714              
7       16             -0.03471615838371851               
19      25             -0.03475826334953469               
24      33             -0.034977275392049714              
8       33             -0.03497727876855444               
15      42             -0.0350882294502895                
6       31             -0.035352576979518074              
6       30             -0.03535257816501727               
17      46             -0.035373052839199795              
18      46             -0.03537305488428795               
12      22             -0.03537957467464256               
12      33             -0.035456256212181986              
34      43             -0.035469904758339166              
13      47             -0.03559684680590147               
42      47             -0.03565389962080104               
27      33             -0.035696936058157075              
7       37             -0.03587006484134754               
2       12             -0.0358896321906068                
35      47             -0.035921422204215236              
29      42             -0.03603133359543512               
1       46             -0.036158146124528376              
12      26             -0.03639111590455085               
30      40             -0.03648192020649463               
31      40             -0.036481922717303564              
6       11             -0.03652134185828067               
4       13             -0.03656715968456882               
11      25             -0.03674241223643945               
36      38             -0.03684712144203858               
4       20             -0.03693566764494381               
9       42             -0.037056922882058016              
26      34             -0.037463095919295045              
23      47             -0.03747998324539091               
16      34             -0.03751942253199163               
34      39             -0.03754513527282781               
2       34             -0.03782081791347189               
8       14             -0.03782610020587775               
14      24             -0.037826104284910206              
3       35             -0.03797023848049784               
12      35             -0.03802837406240886               
1       30             -0.03804091608169201               
1       31             -0.03804091844976645               
12      20             -0.038371142564487024              
6       29             -0.038703681444291135              
22      32             -0.03885229822622861               
2       4              -0.03894917054575697               
21      35             -0.03902007827528042               
7       47             -0.039224543664583264              
17      29             -0.03942024417953151               
18      29             -0.03942025767079331               
31      34             -0.03976121708010136               
30      34             -0.03976121840178405               
4       35             -0.03989911811456484               
29      32             -0.04003645698127399               
15      46             -0.04017961988165748               
10      45             -0.040250742907629394              
12      42             -0.040433758660646565              
1       47             -0.0404684624646979                
40      45             -0.040695526962185966              
11      41             -0.041037362817142445              
3       14             -0.041066040169751336              
33      46             -0.04132748317153999               
15      22             -0.04142660112728032               
9       21             -0.04149229598851012               
21      33             -0.04153836865532784               
36      45             -0.041617059993547756              
29      41             -0.04218139869815238               
8       23             -0.04218557554649717               
23      24             -0.042185575945465625              
10      11             -0.042348133094190554              
22      43             -0.04236793468633854               
28      37             -0.042432765589292376              
13      37             -0.042815193809080984              
12      38             -0.042954802156095914              
27      44             -0.04323034985898691               
24      40             -0.043404213066203096              
8       40             -0.04340421641196797               
29      44             -0.04360670368818162               
16      37             -0.04361238082269693               
3       37             -0.043697578243756405              
6       9              -0.043701496794062475              
20      37             -0.04381170314949194               
14      45             -0.04387595648563848               
21      40             -0.04403195364111821               
9       47             -0.044188179075283246              
21      38             -0.04434799140955409               
13      35             -0.044531083905019975              
8       19             -0.044597542050023115              
19      24             -0.04459754616703385               
14      46             -0.044621576974739785              
12      30             -0.04466837404588375               
12      31             -0.044668380142786485              
24      31             -0.04468183071436631               
8       31             -0.044681834051164104              
8       30             -0.044681835386519125              
24      30             -0.04468183577501163               
9       45             -0.04480086604885854               
8       9              -0.045198834107960814              
9       24             -0.04519883451777938               
18      27             -0.04551200266998008               
17      27             -0.045512004145378024              
7       36             -0.045533832366766905              
20      27             -0.045771413601333494              
27      41             -0.045942070629284765              
40      47             -0.0459722988151396                
23      45             -0.0460408859503198                
1       37             -0.046127839208571914              
5       18             -0.04629880282497863               
5       17             -0.04629880795288156               
23      46             -0.04655813549780545               
40      46             -0.04656026678258128               
9       30             -0.04657704255057191               
9       31             -0.046577044964442815              
10      27             -0.04720229537973253               
19      45             -0.04732461947745868               
11      18             -0.04735398551158847               
11      17             -0.04735399075130686               
11      40             -0.04748662340070234               
9       16             -0.047785504370331966              
17      25             -0.04810164531770078               
18      25             -0.04810164769460837               
43      45             -0.0482194439003928                
11      12             -0.048338061263107954              
25      39             -0.048510397869565625              
21      31             -0.048587733348509146              
21      30             -0.04858773458180196               
28      33             -0.048671139202387595              
5       37             -0.04888219852163088               
19      46             -0.04898519168062487               
28      32             -0.049115006102622163              
28      41             -0.04959222604151489               
6       23             -0.04981503868578541               
19      47             -0.049979783101300995              
4       33             -0.050047121278914475              
38      43             -0.05028897330282353               
8       38             -0.05032075432243781               
24      38             -0.05032075848940916               
2       38             -0.05033971036063953               
1       7              -0.05045599035433941               
23      31             -0.05099783587013511               
23      30             -0.05099783714683413               
4       41             -0.05125283884624078               
9       46             -0.05153716207595957               
29      35             -0.05166331769819296               
20      38             -0.05174415504387182               
6       22             -0.05191846944915915               
11      15             -0.05269245843124365               
17      45             -0.05391551848749636               
18      45             -0.05391552070789743               
32      38             -0.054226052971915156              
3       41             -0.055156688353707614              
1       25             -0.055188663444152464              
35      38             -0.05526895787015598               
14      29             -0.05603165140369107               
5       41             -0.05656770740753814               
3       44             -0.05704502251899707               
3       32             -0.058090232471788364              
4       32             -0.058222334654563876              
6       38             -0.058543185599474384              
38      44             -0.05967871993962261               
22      41             -0.06047434676449309               
18      22             -0.0625543304613532                
17      22             -0.06255433751387963               
