#======================================================================
# PARAMETERS USED FOR THIS COMPUTATION: 
#	Sequence type: RNA
#	Total number of sequences in alignment data: 29
#	Length of sequences in alignment data: 42
#	Value of sequence identity: 0.8
#	lambda_h: 8.200000000000001
#	lambda_J: 8.200000000000001
#	Number of gradient decent iterations: 500
# The First and Second columns represent sites and the
# Third column is PLMDCA Frobenius norm, average product corrected (APC) DCA score
#======================================================================
25      36             0.10951163187410036                
27      34             0.10789467745921494                
26      35             0.09964028958097686                
26      27             0.07957601215269908                
26      34             0.0795760109885931                 
27      35             0.07957600809285653                
34      35             0.07957600692875051                
23      38             0.07809360184932118                
24      37             0.07794695319329742                
9       11             0.07627897470183252                
5       11             0.07337973436489768                
22      39             0.07251453909608596                
5       9              0.07014479755156133                
19      25             0.06329414753020676                
19      36             0.06188831325165664                
5       36             0.06136955942727651                
5       25             0.060760615266234025               
11      36             0.06034794643800609                
11      25             0.05967391941354584                
9       36             0.05772657275106431                
9       25             0.057000967792977086               
25      32             0.054812146237340584               
32      36             0.054167422982447644               
32      39             0.053562907863027184               
32      42             0.052949421718739564               
10      24             0.05075116076046739                
10      37             0.05075116058312282                
22      31             0.050284187342577044               
22      32             0.049896667664869915               
22      42             0.04975059372108409                
5       19             0.048746957016405607               
39      42             0.048311877080444106               
19      42             0.04726843663992225                
23      26             0.047212651214117274               
23      35             0.04721264718932694                
26      38             0.04721264687517683                
35      38             0.04721264285038626                
24      32             0.04664350056217112                
32      37             0.04664349290968828                
10      20             0.04636912407007609                
31      36             0.0463124308154407                 
19      38             0.04617140365223661                
19      23             0.04617139982263367                
11      19             0.04600700497411177                
23      41             0.044611853362128744               
38      41             0.044611849975083495               
19      26             0.04447789063616785                
19      35             0.04447788701519022                
9       19             0.04265252238057361                
25      31             0.04166142281903622                
21      42             0.039208547842477535               
20      25             0.038842914876281026               
25      42             0.038649101819923586               
31      39             0.037301746993461754               
36      42             0.03718429042964636                
19      32             0.036871540438460026               
20      36             0.03681069947146762                
5       31             0.03538532774132727                
6       25             0.034152825391500524               
11      31             0.031922587152446225               
26      36             0.031436180161733385               
35      36             0.03143617624973474                
25      26             0.03132488936219946                
25      35             0.031324885388040874               
20      24             0.031120960788705826               
20      37             0.031120953156083167               
6       36             0.030094983854706922               
19      27             0.029483270001339795               
19      34             0.029483269029857984               
6       31             0.028935074438077996               
10      35             0.0287544334456718                 
10      26             0.028754414729493652               
10      32             0.027170100478110623               
9       31             0.026950605839104053               
21      22             0.026751809277403622               
22      36             0.026594805540678015               
22      25             0.02553379551857951                
21      23             0.02495888014325487                
21      38             0.024958877428929806               
20      35             0.024848249246438414               
20      26             0.024848238077139803               
36      39             0.024186990379977444               
25      39             0.023399693283235726               
27      39             0.022116625943860477               
34      39             0.022116624835582327               
10      36             0.021756806891591374               
10      25             0.021636108590242842               
9       32             0.021586452449747287               
29      33             0.019410084623855205               
30      33             0.019410084581342447               
7       14             0.01941008424124046                
16      17             0.019410084241240452               
7       13             0.01941008407118945                
7       17             0.01941008407118945                
16      18             0.01941008407118945                
16      33             0.0194100840286767                 
29      30             0.019410084028676687               
7       15             0.01941008398616395                
12      14             0.019410083901138457               
7       18             0.01941008390113845                
7       33             0.0194100838586257                 
12      13             0.01941008373108745                
12      17             0.01941008373108745                
12      15             0.01941008364606195                
12      18             0.019410083561036448               
12      33             0.019410083518523698               
16      29             0.019410083476010934               
16      30             0.019410083433498176               
7       29             0.019410083305959933               
7       30             0.019410083263447175               
12      29             0.01941008296585793                
12      30             0.019410082923345173               
7       16             0.019410082710781415               
12      16             0.019410082370679406               
7       12             0.019410082200628405               
13      14             0.019410078321118858               
14      17             0.01941007832111885                
14      15             0.01941007823609335                
13      17             0.019410078151067857               
14      18             0.019410078151067857               
14      33             0.019410078108555107               
13      15             0.01941007806604235                
15      17             0.01941007806604235                
1       14             0.019410078023529606               
2       14             0.019410078023529606               
3       14             0.019410078023529606               
4       14             0.019410078023529606               
13      18             0.019410077981016856               
17      18             0.019410077981016856               
13      33             0.019410077938504106               
17      33             0.019410077938504106               
15      18             0.019410077895991355               
1       13             0.019410077853478605               
1       17             0.019410077853478605               
2       13             0.019410077853478605               
2       17             0.019410077853478605               
3       13             0.019410077853478605               
3       17             0.019410077853478605               
4       13             0.019410077853478605               
4       17             0.019410077853478605               
15      33             0.019410077853478605               
18      33             0.019410077768453105               
1       15             0.019410077768453098               
2       15             0.019410077768453098               
3       15             0.019410077768453098               
4       15             0.019410077768453098               
1       18             0.019410077683427604               
2       18             0.019410077683427604               
3       18             0.019410077683427604               
4       18             0.019410077683427604               
1       33             0.019410077640914854               
2       33             0.019410077640914854               
3       33             0.019410077640914854               
4       33             0.019410077640914854               
14      29             0.01941007755588936                
1       2              0.019410077555889353               
1       3              0.019410077555889353               
1       4              0.019410077555889353               
2       3              0.019410077555889353               
2       4              0.019410077555889353               
3       4              0.019410077555889353               
14      30             0.019410077513376603               
13      29             0.01941007738583836                
17      29             0.01941007738583836                
13      30             0.019410077343325602               
17      30             0.019410077343325602               
15      29             0.01941007730081285                
15      30             0.019410077258300094               
18      29             0.019410077215787358               
18      30             0.0194100771732746                 
1       29             0.0194100770882491                 
2       29             0.0194100770882491                 
3       29             0.0194100770882491                 
4       29             0.0194100770882491                 
1       30             0.019410077045736343               
2       30             0.019410077045736343               
3       30             0.019410077045736343               
4       30             0.019410077045736343               
14      16             0.019410076960710863               
13      16             0.019410076790659855               
15      16             0.019410076705634355               
1       16             0.019410076493070597               
2       16             0.019410076493070597               
3       16             0.019410076493070597               
4       16             0.019410076493070597               
1       7              0.019410076323019596               
2       7              0.019410076323019596               
3       7              0.019410076323019596               
4       7              0.019410076323019596               
1       12             0.0194100759829176                 
2       12             0.0194100759829176                 
3       12             0.0194100759829176                 
4       12             0.0194100759829176                 
11      32             0.019051101487405325               
5       26             0.019021024700086667               
5       35             0.01902102037174494                
1       8              0.01871181176459767                
2       8              0.01871181176459767                
3       8              0.01871181176459767                
4       8              0.01871181176459767                
8       16             0.018711810721918395               
7       8              0.018711810555089706               
8       12             0.01871181022143234                
8       14             0.018711804772795958               
8       13             0.018711804605967275               
8       17             0.018711804605967275               
8       15             0.01871180452255293                
8       18             0.018711804439138592               
8       29             0.0187118038552382                 
8       30             0.01871180381353102                
8       33             0.018711796946850823               
14      28             0.01865708991123724                
13      28             0.018657089744057394               
17      28             0.018657089744057394               
15      28             0.018657089660467474               
18      28             0.018657089576877554               
28      33             0.01865708953508259                
1       28             0.01865708945149267                
2       28             0.01865708945149267                
3       28             0.01865708945149267                
4       28             0.01865708945149267                
28      29             0.01865708899174811                
28      30             0.01865708894995314                
16      28             0.018657088406618665               
7       28             0.018657088239438818               
12      28             0.01865708790507914                
21      39             0.018325403066979266               
22      27             0.018187858858882508               
22      34             0.018187850340009998               
8       28             0.01781011229926259                
16      40             0.017201561312640598               
12      40             0.017201560810011146               
14      40             0.017201555369948364               
13      40             0.01720155520240521                
17      40             0.01720155520240521                
15      40             0.01720155511863363                
18      40             0.017201555034862065               
33      40             0.01720155499297628                
1       40             0.0172015549092047                 
2       40             0.0172015549092047                 
3       40             0.0172015549092047                 
4       40             0.0172015549092047                 
29      40             0.017201554448461033               
30      40             0.01720155440657524                
7       40             0.017201553694516848               
11      26             0.0169312581733944                 
11      35             0.016931246442026524               
19      21             0.01643761106605017                
8       40             0.016313093281506243               
28      40             0.016302917598558835               
35      41             0.016212512925503367               
26      41             0.01621250886196801                
5       32             0.016166094262122246               
31      32             0.01616575437296726                
21      41             0.015975582807625545               
6       19             0.015265548312142586               
40      41             0.01394609448100586                
9       26             0.013705921281989927               
9       35             0.013705909552428147               
10      34             0.01369636905222367                
10      27             0.013696362577038199               
27      32             0.012573383890259443               
32      34             0.012573375329216485               
26      32             0.011687848433055106               
32      35             0.011687844294059044               
5       38             0.011055553499777618               
5       23             0.011055550377538775               
20      32             0.010661058385804237               
20      34             0.010237415317476045               
20      27             0.010237401417546282               
19      20             0.010222527195880377               
19      41             0.01016308465327144                
11      38             0.009980830447388012               
11      23             0.009980827277594695               
19      22             0.009820736487448717               
9       38             0.008849708239274653               
9       23             0.00884969761709467                
6       8              0.008818808066994997               
6       28             0.00870229861239958                
21      32             0.007628887027551455               
25      37             0.007058817209198251               
24      25             0.007058809952479039               
24      36             0.005575241177432758               
36      37             0.005575240986603558               
23      34             0.00554326741117428                
34      38             0.005543263351331679               
23      27             0.005543261040415484               
27      38             0.005543249529992342               
24      31             0.0054454129283596775              
31      37             0.005445412729073257               
6       20             0.00523721357397515                
41      42             0.005223895800680431               
13      41             0.005197788594597692               
15      41             0.00519778851198683                
18      41             0.005197788429375974               
33      41             0.005197788388070543               
1       41             0.00519778830545968                
2       41             0.00519778830545968                
3       41             0.00519778830545968                
4       41             0.00519778830545968                
29      41             0.005197787851099957               
30      41             0.0051977878097945185              
16      41             0.0051977872728239324              
7       41             0.005197787107602214               
12      41             0.005197786777158778               
14      41             0.005197785034529112               
17      41             0.005197784869307394               
21      36             0.0043403561665819115              
19      31             0.004086101992870933               
19      39             0.003988191431126484               
6       14             0.003921293849635958               
6       13             0.003921293667337317               
6       17             0.003921293667337317               
6       15             0.003921293576187999               
6       18             0.003921293485038682               
6       33             0.00392129343946402                
1       6              0.003921293348314703               
2       6              0.003921293348314703               
3       6              0.003921293348314703               
4       6              0.003921293348314703               
6       16             0.003921292208948206               
6       7              0.003921292026649564               
6       12             0.003921291662052288               
6       29             0.003921289121703149               
6       30             0.00392128907612848                
8       41             0.0038785135352808753              
28      41             0.003762602560211638               
24      40             0.003550229476983885               
37      40             0.003550229309440739               
21      25             0.0034186478630978817              
6       35             0.003384469604159321               
6       26             0.003384465890700822               
26      39             0.0028757628847670136              
35      39             0.002875751303331439               
35      37             0.0024920545582062664              
24      35             0.002492047319281307               
24      26             0.002492043816163511               
26      37             0.0024920436045079014              
5       20             0.0020185205974690285              
24      42             0.001606136223944843               
37      42             0.0016061323420972218              
5       10             0.001582200197357747               
10      11             0.0015348132926630426              
35      42             0.0013788805262189632              
26      42             0.0013788762850635641              
21      26             0.0013227464010336573              
21      35             0.0013227399614183025              
10      40             0.001301207040860397               
23      42             0.0010537901905230199              
38      42             0.001053786981097822               
6       40             0.0005275925013530705              
22      26             0.0004938916346292482              
22      35             0.000493880202233371               
9       22             0.000449055759360939               
9       42             0.00034220328384513415             
11      20             0.00013925443718830477             
6       42             -0.00023973433297405644            
20      40             -0.000758654076335831              
21      31             -0.0008770148878712858             
20      21             -0.0009071524789941304             
9       10             -0.0010621032179550932             
1       21             -0.0011453435034287779             
2       21             -0.0011453435034287779             
3       21             -0.0011453435034287779             
4       21             -0.0011453435034287779             
21      29             -0.0011453438675455563             
21      30             -0.0011453439006470847             
14      21             -0.001145346864602298              
13      21             -0.001145346997008398              
17      21             -0.001145346997008398              
15      21             -0.0011453470632114549             
18      21             -0.0011453471294145048             
21      33             -0.0011453471625160264             
16      21             -0.0011453480562572046             
7       21             -0.0011453481886633046             
12      21             -0.0011453484534755046             
11      22             -0.001386363475169336              
8       10             -0.001402120193654495              
6       34             -0.0016501306879548316             
6       27             -0.0016501371358929179             
10      19             -0.002208036975244007              
1       37             -0.0025524616015053445             
2       37             -0.0025524616015053445             
3       37             -0.0025524616015053445             
4       37             -0.0025524616015053445             
24      29             -0.0025524619609920488             
24      30             -0.0025524620091318465             
29      37             -0.002552462131043036              
30      37             -0.0025524621791828336             
16      37             -0.0025524628050001136             
12      37             -0.0025524633826776028             
14      37             -0.0025524647972579445             
13      37             -0.0025524649898171076             
17      37             -0.0025524649898171076             
15      37             -0.002552465086096696              
1       24             -0.0025524651567446557             
2       24             -0.0025524651567446557             
3       24             -0.0025524651567446557             
4       24             -0.0025524651567446557             
18      37             -0.0025524651823762706             
33      37             -0.0025524652305160614             
16      24             -0.002552466360239418              
7       37             -0.002552466722849575              
12      24             -0.0025524669379169                
14      24             -0.002552468352497256              
13      24             -0.002552468545056419              
17      24             -0.002552468545056419              
15      24             -0.0025524686413360004             
18      24             -0.002552468737615582              
24      33             -0.0025524687857553657             
7       24             -0.0025524702780888794             
19      24             -0.0025756410290652815             
19      37             -0.002575641205698337              
31      42             -0.002615026906374905              
11      42             -0.0027887035763950116             
5       22             -0.002943046891063908              
27      42             -0.003012152509216194              
34      42             -0.0030121533702814826             
24      34             -0.003235082500444131              
24      27             -0.003235088891949331              
27      37             -0.0032350890899904283             
34      37             -0.0032350901490658113             
34      36             -0.003287055324439195              
27      36             -0.0032870691760397835             
6       9              -0.0035064826292576096             
20      28             -0.0035531992980991356             
25      34             -0.003580638315613782              
25      27             -0.0035806446999567115             
24      28             -0.003701141406259878              
28      37             -0.0037011415734397174             
8       20             -0.003765675489508083              
8       37             -0.0038280756091311208             
8       24             -0.0038280791675927434             
8       21             -0.004188209045955023              
34      41             -0.0042158654254472044             
27      41             -0.004215879417888951              
21      28             -0.004375401818198323              
9       20             -0.004726480811776651              
9       39             -0.005264395738752217              
5       42             -0.0054751585930553626             
1       38             -0.005508010390929033              
2       38             -0.005508010390929033              
3       38             -0.005508010390929033              
4       38             -0.005508010390929033              
29      38             -0.005508010930839954              
30      38             -0.0055080109799227756             
14      38             -0.005508013576308396              
13      38             -0.005508013772639639              
17      38             -0.005508013772639639              
14      23             -0.0055080138155532005             
15      38             -0.005508013870805267              
18      38             -0.005508013968970882              
13      23             -0.005508014011884443              
17      23             -0.005508014011884443              
15      23             -0.005508014110050058              
18      23             -0.0055080142082156724             
23      33             -0.00550801425729848               
1       23             -0.005508014355464108              
2       23             -0.005508014355464108              
3       23             -0.005508014355464108              
4       23             -0.005508014355464108              
23      29             -0.005508014895375002              
23      30             -0.005508014944457823              
16      38             -0.005508015343289624              
7       38             -0.005508015539620867              
16      23             -0.005508015582534331              
7       23             -0.005508015778865574              
12      38             -0.005508015932283367              
12      23             -0.005508016171528046              
33      38             -0.005508017743344001              
20      31             -0.005916730379826485              
6       11             -0.006087205546346175              
14      39             -0.006167249782059334              
13      39             -0.006167249983564452              
17      39             -0.006167249983564452              
15      39             -0.006167250084317025              
18      39             -0.006167250185069584              
16      39             -0.006167251595605425              
7       39             -0.006167251797110543              
12      39             -0.006167252200120779              
33      39             -0.006167253960736155              
1       39             -0.006167254061488714              
2       39             -0.006167254061488714              
3       39             -0.006167254061488714              
4       39             -0.006167254061488714              
29      39             -0.006167254615627796              
30      39             -0.006167254666004082              
8       38             -0.006180493545253601              
8       23             -0.006180493850555864              
36      38             -0.006190710038526323              
23      36             -0.006190713577108278              
5       41             -0.006221066481548312              
8       31             -0.00626367831882052               
6       22             -0.006288382558082506              
28      38             -0.006341161857621812              
23      28             -0.006341162155725354              
28      31             -0.006360037230118368              
25      38             -0.006698641291070631              
23      25             -0.006698644767492629              
11      39             -0.006848204608173647              
8       39             -0.00701359083974866               
28      39             -0.007085041382187449              
10      14             -0.007466847915738428              
10      13             -0.007466848093082998              
10      17             -0.007466848093082998              
10      15             -0.007466848181755283              
10      18             -0.0074668482704275604             
10      33             -0.007466848314763706              
1       10             -0.007466848403435991              
2       10             -0.007466848403435991              
3       10             -0.007466848403435991              
4       10             -0.007466848403435991              
10      29             -0.007466848891133554              
10      30             -0.0074668489354697                
10      16             -0.007466849511839541              
7       10             -0.007466849689184117              
10      12             -0.007466850043873249              
11      41             -0.007500711925775019              
5       6              -0.007698253233658317              
9       41             -0.007717549228374351              
14      31             -0.008111036477589456              
13      31             -0.00811103667687589               
17      31             -0.00811103667687589               
15      31             -0.008111036776519115              
18      31             -0.00811103687616234               
31      33             -0.008111036925983944              
1       31             -0.008111037025627182              
2       31             -0.008111037025627182              
3       31             -0.008111037025627182              
4       31             -0.008111037025627182              
29      31             -0.008111037573664895              
30      31             -0.008111037623486514              
16      31             -0.00811103827116745               
7       31             -0.008111038470453899              
12      31             -0.008111038869026782              
5       39             -0.008191648159338885              
38      40             -0.008344569798901913              
23      40             -0.008344570089557607              
14      22             -0.00856796339064872               
13      22             -0.008567963584883619              
17      22             -0.008567963584883619              
15      22             -0.008567963682001065              
18      22             -0.00856796377911851               
22      33             -0.00856796382767723               
1       22             -0.008567963924794676              
2       22             -0.008567963924794676              
3       22             -0.008567963924794676              
4       22             -0.008567963924794676              
22      29             -0.008567964458940633              
22      30             -0.00856796450749936               
16      22             -0.008567965138762755              
7       22             -0.008567965332997647              
12      22             -0.008567965721467431              
21      40             -0.008683551960473095              
14      20             -0.0086942708756192                
13      20             -0.008694271057661275              
17      20             -0.008694271057661275              
15      20             -0.00869427114868232               
18      20             -0.00869427123970335               
20      33             -0.008694271285213863              
1       20             -0.008694271376234915              
2       20             -0.008694271376234915              
3       20             -0.008694271376234915              
4       20             -0.008694271376234915              
20      29             -0.008694271876850616              
20      30             -0.008694271922361142              
16      20             -0.008694272513997896              
7       20             -0.008694272696039979              
12      20             -0.00869427306012413               
10      42             -0.00872082471904824               
39      40             -0.008867187496121406              
20      42             -0.008982651223152845              
10      28             -0.009827081711922585              
8       22             -0.009840162741441866              
22      28             -0.00996142843658572               
9       24             -0.010488097052008996              
9       37             -0.010488104711320362              
31      40             -0.010590185960235143              
14      27             -0.011697076628624306              
13      27             -0.011697076826665417              
17      27             -0.011697076826665417              
15      27             -0.01169707692568596               
18      27             -0.011697077024706515              
27      33             -0.011697077074216786              
1       27             -0.011697077173237341              
2       27             -0.011697077173237341              
3       27             -0.011697077173237341              
4       27             -0.011697077173237341              
27      29             -0.011697077717850363              
27      30             -0.011697077767360647              
1       34             -0.011697078108517847              
2       34             -0.011697078108517847              
3       34             -0.011697078108517847              
4       34             -0.011697078108517847              
16      27             -0.01169707841099421               
7       27             -0.011697078609035308              
12      27             -0.011697079005117517              
14      34             -0.01169708128919511               
13      34             -0.011697081487236208              
17      34             -0.011697081487236208              
15      34             -0.011697081586256763              
18      34             -0.011697081685277305              
33      34             -0.01169708173478759               
29      34             -0.011697082378421167              
30      34             -0.011697082427931452              
16      34             -0.011697083071565029              
7       34             -0.01169708326960614               
12      34             -0.011697083665688335              
22      40             -0.011744429946099415              
8       27             -0.011941348706520596              
8       34             -0.011941353349368654              
28      34             -0.012056936888353832              
27      28             -0.012056939694155                 
11      24             -0.012358055628584302              
11      37             -0.012358055837403181              
23      31             -0.012560760761513912              
31      38             -0.012560764846886022              
6       21             -0.012565727350979737              
34      40             -0.01319298594482849               
27      40             -0.013192988748631465              
5       24             -0.013638213051433631              
5       37             -0.013638220713152849              
40      42             -0.013720930593828659              
31      41             -0.01378746236796878               
8       9              -0.01388509327236774               
9       14             -0.01398390713302862               
9       13             -0.013983907341759416              
9       17             -0.013983907341759416              
9       15             -0.013983907446124808              
9       18             -0.013983907550490199              
9       33             -0.013983907602672901              
1       9              -0.013983907707038307              
2       9              -0.013983907707038307              
3       9              -0.013983907707038307              
4       9              -0.013983907707038307              
9       29             -0.013983908281047966              
9       30             -0.013983908333230669              
9       16             -0.013983909011605733              
7       9              -0.01398390922033653               
9       12             -0.013983909637798109              
9       28             -0.01401714296209787               
24      41             -0.014575498788581158              
37      41             -0.014575506404383473              
5       8              -0.014804399214134928              
11      15             -0.014834624569312296              
11      14             -0.014834627981374263              
11      13             -0.014834628190193155              
11      17             -0.014834628190193155              
11      18             -0.014834628399012034              
11      33             -0.014834628451216761              
1       11             -0.014834628555626214              
2       11             -0.014834628555626214              
3       11             -0.014834628555626214              
4       11             -0.014834628555626214              
11      29             -0.014834629129878166              
11      30             -0.014834629182082892              
11      16             -0.014834629860744283              
7       11             -0.014834630069563176              
11      12             -0.014834630487200962              
8       11             -0.014837603592157453              
1       5              -0.014859399966880432              
2       5              -0.014859399966880432              
3       5              -0.014859399966880432              
4       5              -0.014859399966880432              
5       29             -0.014859400547511628              
5       30             -0.014859400600296294              
5       14             -0.014859403111539507              
5       13             -0.014859403322678141              
5       17             -0.014859403322678141              
5       15             -0.014859403428247445              
5       18             -0.014859403533816748              
5       33             -0.014859403586601413              
5       16             -0.014859405011787105              
5       7              -0.014859405222925726              
5       12             -0.014859405645202967              
5       28             -0.0149535598757541                
11      28             -0.01497422270139566               
9       40             -0.015026061196307908              
6       41             -0.015313695086803567              
21      34             -0.01572662936229669               
21      27             -0.01572663235935344               
21      24             -0.01597350775094185               
21      37             -0.015973515333928538              
5       40             -0.016036108253014436              
11      40             -0.01604374073166276               
6       24             -0.01613919289138864               
6       37             -0.01613919307368726               
13      42             -0.016598478516351142              
15      42             -0.01659847859462981               
18      42             -0.016598478672908465              
33      42             -0.016598478712047796              
7       42             -0.01659847992536708               
14      42             -0.01659848208508411               
17      42             -0.01659848224164144               
1       42             -0.016598482515616762              
2       42             -0.016598482515616762              
3       42             -0.016598482515616762              
4       42             -0.016598482515616762              
29      42             -0.016598482946149407              
30      42             -0.016598482985288744              
16      42             -0.016598483494100057              
12      42             -0.01659848396377203               
8       42             -0.018376649363156305              
10      21             -0.018416930577724845              
28      42             -0.018442404456424616              
6       23             -0.018864090038928846              
6       38             -0.018864090050760646              
10      41             -0.018936671498423645              
32      40             -0.01916169441339019               
10      22             -0.019741035078524344              
6       39             -0.019782970759906635              
9       21             -0.020012149240055573              
39      41             -0.021022747212759582              
10      39             -0.02147813531886701               
25      41             -0.02220352954120415               
27      31             -0.022376255802778605              
31      34             -0.022376260624144342              
6       10             -0.02245081728833101               
20      41             -0.022925351260924563              
24      39             -0.02301868968515583               
37      39             -0.023018689886660934              
5       21             -0.023022967511160848              
10      38             -0.023024379000494588              
10      23             -0.02302437909022123               
36      41             -0.023026899685597006              
23      24             -0.023170909583268492              
24      38             -0.023170909805441023              
37      38             -0.023170910001772252              
23      37             -0.02317091350489002               
11      21             -0.02328156794558165               
22      24             -0.02336872334034862               
22      37             -0.023368723534583496              
16      32             -0.02425852663078401               
12      32             -0.024258527236490746              
14      32             -0.02425852853895409               
13      32             -0.024258528740856336              
17      32             -0.024258528740856336              
15      32             -0.02425852884180746               
18      32             -0.02425852894275858               
32      33             -0.024258528993234135              
1       32             -0.02425852909418527               
2       32             -0.02425852909418527               
3       32             -0.02425852909418527               
4       32             -0.02425852909418527               
29      32             -0.024258529649416438              
30      32             -0.024258529699892006              
7       32             -0.024258530557976554              
20      22             -0.024933413524056897              
20      23             -0.024992063269929074              
20      38             -0.02499206700179167               
25      40             -0.02500498005742411               
36      40             -0.025426044726695227              
20      39             -0.025737427080930575              
28      32             -0.025746782302662877              
22      41             -0.025757222329953318              
8       32             -0.025799341860283598              
10      31             -0.026916566019740087              
23      39             -0.02712647000121271               
38      39             -0.027126474132067674              
23      32             -0.027344329684364677              
32      38             -0.027344330098070455              
22      23             -0.028271662739454362              
22      38             -0.028271666721269656              
19      28             -0.028438818027109576              
26      31             -0.029228384390885487              
31      35             -0.029228392201547895              
6       32             -0.029884998089382886              
8       26             -0.030537994220040374              
8       35             -0.030537997640028403              
28      35             -0.030637923054041144              
26      28             -0.0306379233521447                
35      40             -0.031177423500018217              
26      40             -0.03117742751596421               
14      35             -0.03150526089522003               
13      35             -0.03150526110687567               
17      35             -0.03150526110687567               
15      35             -0.0315052612127035                
18      35             -0.031505261318531305              
33      35             -0.031505261371445215              
1       35             -0.03150526147727305               
2       35             -0.03150526147727305               
3       35             -0.03150526147727305               
4       35             -0.03150526147727305               
1       26             -0.03150526171651784               
2       26             -0.03150526171651784               
3       26             -0.03150526171651784               
4       26             -0.03150526171651784               
29      35             -0.03150526205932605               
30      35             -0.03150526211223997               
16      35             -0.03150526280012081               
7       35             -0.031505263011776447              
12      35             -0.031505263435087735              
14      26             -0.03150526485975515               
13      26             -0.031505265071410785              
17      26             -0.031505265071410785              
15      26             -0.0315052651772386                
18      26             -0.03150526528306641               
26      33             -0.03150526533598032               
26      29             -0.03150526602386111               
26      30             -0.031505266076775035              
16      26             -0.03150526676465583               
7       26             -0.031505266976311466              
12      26             -0.03150526739962273               
28      36             -0.03370851749199225               
8       36             -0.03374333331991278               
25      28             -0.03408123850272976               
8       25             -0.03412025383203931               
5       27             -0.03426519836992847               
5       34             -0.03426519953119088               
11      27             -0.035275238165808784              
11      34             -0.035275243039602985              
32      41             -0.03568862268511738               
9       27             -0.035852484468337026              
9       34             -0.03585248561635636               
19      30             -0.03614923993918223               
19      33             -0.03614924118361168               
1       19             -0.036149241271928215              
2       19             -0.036149241271928215              
3       19             -0.036149241271928215              
4       19             -0.036149241271928215              
19      29             -0.036149241757669114              
14      19             -0.03614924264883246               
13      19             -0.036149242825465513              
17      19             -0.036149242825465513              
15      19             -0.03614924291378204               
18      19             -0.03614924300209857               
16      19             -0.03614924423852996               
7       19             -0.03614924441516301               
12      19             -0.03614924476842912               
14      36             -0.03787944859576206               
13      36             -0.03787944878659126               
17      36             -0.03787944878659126               
15      36             -0.03787944888200587               
18      36             -0.03787944897742046               
33      36             -0.037879449025127764              
1       36             -0.03787944912054236               
2       36             -0.03787944912054236               
3       36             -0.03787944912054236               
4       36             -0.03787944912054236               
29      36             -0.037879449645322666              
30      36             -0.037879449693029976              
16      36             -0.03787945031322488               
7       36             -0.03787945050405408               
12      36             -0.037879450885712485              
14      25             -0.037915169598941104              
13      25             -0.037915169792802496              
17      25             -0.037915169792802496              
15      25             -0.0379151698897332                
18      25             -0.037915169986663895              
25      33             -0.037915170035129245              
1       25             -0.037915170132059944              
2       25             -0.037915170132059944              
3       25             -0.037915170132059944              
4       25             -0.037915170132059944              
16      25             -0.037915171343693654              
7       25             -0.037915171537555054              
12      25             -0.037915171925277845              
25      29             -0.03791517252782393               
25      30             -0.037915172576289284              
8       19             -0.03914703852545801               
19      40             -0.04148172222647696               
