#======================================================================
# PARAMETERS USED FOR THIS COMPUTATION: 
#      Sequence type: RNA
#      Total number of sequences in alignment data: 1
#      Length of sequences in alignment data: 26
#      Effective number of sequences: 1.0
#      Value of sequence identity: 0.8
#      Value of relative pseudocount: 0.5
# The First and Second columns represent sites and the
# Third column is MFDCA Frobenius norm, average product corrected (APC) DCA score
#======================================================================
13      14             3.2751579226442118e-15             
14      15             3.219646771412954e-15              
14      16             3.164135620181696e-15              
11      13             3.0531133177191805e-15             
11      14             2.886579864025407e-15              
11      12             2.886579864025407e-15              
12      13             2.1094237467877974e-15             
3       6              2.0539125955565396e-15             
3       5              1.9984014443252818e-15             
2       5              1.9984014443252818e-15             
12      14             1.9984014443252818e-15             
1       6              1.6653345369377348e-15             
3       10             1.6653345369377348e-15             
3       9              1.609823385706477e-15              
2       9              1.5543122344752192e-15             
1       9              1.4988010832439613e-15             
2       6              1.4988010832439613e-15             
1       5              1.4988010832439613e-15             
8       13             1.4988010832439613e-15             
9       14             1.4432899320127035e-15             
9       13             1.4432899320127035e-15             
4       13             1.4432899320127035e-15             
1       10             1.3877787807814457e-15             
4       12             1.3877787807814457e-15             
4       11             1.3877787807814457e-15             
7       13             1.3322676295501878e-15             
8       11             1.3322676295501878e-15             
2       10             1.27675647831893e-15               
5       11             1.27675647831893e-15               
7       11             1.27675647831893e-15               
24      26             1.2212453270876722e-15             
9       12             1.2212453270876722e-15             
8       14             1.2212453270876722e-15             
18      26             1.1657341758564144e-15             
19      26             1.1657341758564144e-15             
6       13             1.1657341758564144e-15             
9       11             1.1657341758564144e-15             
8       12             1.1657341758564144e-15             
18      20             1.1102230246251565e-15             
19      20             1.1102230246251565e-15             
19      24             1.1102230246251565e-15             
22      23             1.1102230246251565e-15             
19      25             1.1102230246251565e-15             
17      20             1.1102230246251565e-15             
17      21             1.1102230246251565e-15             
17      22             1.1102230246251565e-15             
17      24             1.1102230246251565e-15             
21      26             1.1102230246251565e-15             
22      26             1.1102230246251565e-15             
17      26             1.1102230246251565e-15             
6       14             1.1102230246251565e-15             
6       12             1.1102230246251565e-15             
10      12             1.1102230246251565e-15             
21      22             1.0547118733938987e-15             
21      24             1.0547118733938987e-15             
22      24             1.0547118733938987e-15             
18      24             1.0547118733938987e-15             
21      23             1.0547118733938987e-15             
24      25             1.0547118733938987e-15             
18      19             1.0547118733938987e-15             
18      23             1.0547118733938987e-15             
18      25             1.0547118733938987e-15             
19      23             1.0547118733938987e-15             
20      26             1.0547118733938987e-15             
17      18             1.0547118733938987e-15             
17      19             1.0547118733938987e-15             
23      26             1.0547118733938987e-15             
25      26             1.0547118733938987e-15             
6       11             1.0547118733938987e-15             
10      11             1.0547118733938987e-15             
10      13             1.0547118733938987e-15             
7       12             1.0547118733938987e-15             
20      22             9.992007221626409e-16              
18      21             9.992007221626409e-16              
18      22             9.992007221626409e-16              
19      21             9.992007221626409e-16              
19      22             9.992007221626409e-16              
22      25             9.992007221626409e-16              
23      24             9.992007221626409e-16              
17      23             9.992007221626409e-16              
5       13             9.992007221626409e-16              
20      21             9.43689570931383e-16               
20      24             9.43689570931383e-16               
20      23             9.43689570931383e-16               
20      25             9.43689570931383e-16               
21      25             9.43689570931383e-16               
23      25             9.43689570931383e-16               
9       10             9.43689570931383e-16               
17      25             9.43689570931383e-16               
4       14             9.43689570931383e-16               
10      14             9.43689570931383e-16               
5       12             9.43689570931383e-16               
15      26             8.881784197001252e-16              
5       14             8.881784197001252e-16              
1       13             8.881784197001252e-16              
7       14             8.881784197001252e-16              
16      18             8.326672684688674e-16              
16      19             8.326672684688674e-16              
16      17             8.326672684688674e-16              
15      17             8.326672684688674e-16              
1       3              8.326672684688674e-16              
7       10             8.326672684688674e-16              
16      22             7.771561172376096e-16              
16      23             7.771561172376096e-16              
11      16             7.771561172376096e-16              
8       10             7.771561172376096e-16              
16      20             7.216449660063518e-16              
16      21             7.216449660063518e-16              
15      20             7.216449660063518e-16              
15      21             7.216449660063518e-16              
15      24             7.216449660063518e-16              
16      25             7.216449660063518e-16              
15      18             7.216449660063518e-16              
15      19             7.216449660063518e-16              
16      26             7.216449660063518e-16              
11      15             7.216449660063518e-16              
13      15             7.216449660063518e-16              
16      24             6.661338147750939e-16              
15      22             6.661338147750939e-16              
15      25             6.661338147750939e-16              
13      16             6.661338147750939e-16              
8       9              6.661338147750939e-16              
15      23             6.106226635438361e-16              
7       9              6.106226635438361e-16              
4       7              6.106226635438361e-16              
4       8              6.106226635438361e-16              
3       13             6.106226635438361e-16              
2       13             6.106226635438361e-16              
1       14             5.551115123125783e-16              
2       12             5.551115123125783e-16              
1       11             4.996003610813204e-16              
2       3              4.440892098500626e-16              
1       12             4.440892098500626e-16              
2       4              3.885780586188048e-16              
2       14             3.885780586188048e-16              
1       7              3.885780586188048e-16              
2       11             3.885780586188048e-16              
3       15             2.7755575615628914e-16             
3       11             2.7755575615628914e-16             
15      16             1.6653345369377348e-16             
8       18             1.6653345369377348e-16             
4       6              1.1102230246251565e-16             
4       18             1.1102230246251565e-16             
4       17             1.1102230246251565e-16             
7       26             1.1102230246251565e-16             
8       26             1.1102230246251565e-16             
1       8              1.1102230246251565e-16             
2       7              1.1102230246251565e-16             
2       8              1.1102230246251565e-16             
4       19             5.551115123125783e-17              
3       16             5.551115123125783e-17              
4       5              5.551115123125783e-17              
5       26             5.551115123125783e-17              
7       19             5.551115123125783e-17              
3       14             5.551115123125783e-17              
3       12             5.551115123125783e-17              
7       17             5.551115123125783e-17              
8       17             5.551115123125783e-17              
3       8              5.551115123125783e-17              
1       16             0.0                                
1       15             0.0                                
7       20             0.0                                
7       21             0.0                                
7       22             0.0                                
7       25             0.0                                
8       20             0.0                                
8       19             0.0                                
8       23             0.0                                
8       25             0.0                                
3       7              0.0                                
6       26             -5.551115123125783e-17             
5       21             -5.551115123125783e-17             
5       24             -5.551115123125783e-17             
4       26             -5.551115123125783e-17             
5       18             -5.551115123125783e-17             
5       25             -5.551115123125783e-17             
7       24             -5.551115123125783e-17             
7       18             -5.551115123125783e-17             
7       23             -5.551115123125783e-17             
8       21             -5.551115123125783e-17             
8       22             -5.551115123125783e-17             
8       24             -5.551115123125783e-17             
4       20             -1.1102230246251565e-16            
6       17             -1.1102230246251565e-16            
6       24             -1.6653345369377348e-16            
6       19             -1.6653345369377348e-16            
6       23             -1.6653345369377348e-16            
4       22             -1.6653345369377348e-16            
4       24             -1.6653345369377348e-16            
5       20             -1.6653345369377348e-16            
5       22             -1.6653345369377348e-16            
5       19             -1.6653345369377348e-16            
2       15             -1.6653345369377348e-16            
6       20             -2.220446049250313e-16             
6       21             -2.220446049250313e-16             
6       22             -2.220446049250313e-16             
6       18             -2.220446049250313e-16             
6       25             -2.220446049250313e-16             
4       21             -2.220446049250313e-16             
4       23             -2.220446049250313e-16             
4       25             -2.220446049250313e-16             
5       23             -2.220446049250313e-16             
5       17             -2.220446049250313e-16             
4       10             -2.7755575615628914e-16            
2       16             -3.3306690738754696e-16            
2       26             -3.885780586188048e-16             
4       9              -4.440892098500626e-16             
2       25             -4.440892098500626e-16             
5       6              -4.996003610813204e-16             
5       9              -4.996003610813204e-16             
2       21             -4.996003610813204e-16             
2       22             -4.996003610813204e-16             
5       10             -4.996003610813204e-16             
1       17             -4.996003610813204e-16             
2       17             -4.996003610813204e-16             
2       20             -5.551115123125783e-16             
2       24             -5.551115123125783e-16             
2       18             -5.551115123125783e-16             
2       23             -5.551115123125783e-16             
10      17             -6.106226635438361e-16             
10      26             -6.106226635438361e-16             
1       18             -6.106226635438361e-16             
1       22             -6.661338147750939e-16             
2       19             -6.661338147750939e-16             
1       4              -6.661338147750939e-16             
1       26             -6.661338147750939e-16             
7       8              -6.661338147750939e-16             
9       16             -7.216449660063518e-16             
10      21             -7.216449660063518e-16             
9       26             -7.216449660063518e-16             
10      19             -7.216449660063518e-16             
10      23             -7.216449660063518e-16             
1       19             -7.216449660063518e-16             
8       15             -7.216449660063518e-16             
10      16             -7.771561172376096e-16             
10      20             -7.771561172376096e-16             
10      22             -7.771561172376096e-16             
10      18             -7.771561172376096e-16             
1       21             -7.771561172376096e-16             
1       23             -7.771561172376096e-16             
1       25             -7.771561172376096e-16             
8       16             -7.771561172376096e-16             
6       9              -8.326672684688674e-16             
10      24             -8.326672684688674e-16             
10      25             -8.326672684688674e-16             
1       20             -8.326672684688674e-16             
1       24             -8.326672684688674e-16             
7       16             -8.326672684688674e-16             
9       18             -8.881784197001252e-16             
9       25             -8.881784197001252e-16             
9       20             -9.43689570931383e-16              
9       21             -9.43689570931383e-16              
9       22             -9.43689570931383e-16              
9       23             -9.43689570931383e-16              
3       21             -9.43689570931383e-16              
3       24             -9.43689570931383e-16              
3       26             -9.43689570931383e-16              
7       15             -9.43689570931383e-16              
9       24             -9.992007221626409e-16             
9       15             -9.992007221626409e-16             
9       17             -9.992007221626409e-16             
10      15             -9.992007221626409e-16             
3       22             -9.992007221626409e-16             
3       18             -9.992007221626409e-16             
3       23             -9.992007221626409e-16             
3       17             -9.992007221626409e-16             
12      15             -9.992007221626409e-16             
12      17             -9.992007221626409e-16             
5       7              -9.992007221626409e-16             
5       8              -9.992007221626409e-16             
6       10             -1.0547118733938987e-15            
3       20             -1.0547118733938987e-15            
9       19             -1.1102230246251565e-15            
3       25             -1.1102230246251565e-15            
3       19             -1.1657341758564144e-15            
12      16             -1.1657341758564144e-15            
12      22             -1.1657341758564144e-15            
12      19             -1.27675647831893e-15              
12      23             -1.27675647831893e-15              
12      26             -1.27675647831893e-15              
12      20             -1.3322676295501878e-15            
12      21             -1.3322676295501878e-15            
12      24             -1.3322676295501878e-15            
12      18             -1.3877787807814457e-15            
12      25             -1.3877787807814457e-15            
6       8              -1.609823385706477e-15             
11      21             -1.7763568394002505e-15            
11      18             -1.7763568394002505e-15            
11      19             -1.7763568394002505e-15            
11      17             -1.7763568394002505e-15            
11      20             -1.8318679906315083e-15            
11      22             -1.8318679906315083e-15            
11      26             -1.8318679906315083e-15            
5       16             -1.887379141862766e-15             
11      23             -1.887379141862766e-15             
11      25             -1.887379141862766e-15             
5       15             -1.942890293094024e-15             
6       7              -1.942890293094024e-15             
11      24             -1.942890293094024e-15             
13      26             -2.0539125955565396e-15            
13      18             -2.1649348980190553e-15            
13      19             -2.1649348980190553e-15            
13      23             -2.1649348980190553e-15            
13      17             -2.1649348980190553e-15            
13      20             -2.220446049250313e-15             
13      21             -2.220446049250313e-15             
13      22             -2.220446049250313e-15             
13      24             -2.220446049250313e-15             
13      25             -2.220446049250313e-15             
3       4              -2.275957200481571e-15             
4       16             -2.3314683517128287e-15            
4       15             -2.3314683517128287e-15            
14      26             -2.3869795029440866e-15            
6       16             -2.4980018054066022e-15            
14      18             -2.4980018054066022e-15            
14      25             -2.4980018054066022e-15            
14      17             -2.4980018054066022e-15            
14      20             -2.55351295663786e-15              
14      24             -2.55351295663786e-15              
14      19             -2.55351295663786e-15              
14      22             -2.609024107869118e-15             
14      23             -2.609024107869118e-15             
14      21             -2.6645352591003757e-15            
6       15             -2.7200464103316335e-15            
1       2              -2.9976021664879227e-15            
