#======================================================================
# PARAMETERS USED FOR THIS COMPUTATION: 
#      Sequence type: RNA
#      Total number of sequences in alignment data: 3
#      Length of sequences in alignment data: 25
#      Effective number of sequences: 1.0
#      Value of sequence identity: 0.8
#      Value of relative pseudocount: 0.5
# The First and Second columns represent sites and the
# Third column is MFDCA Frobenius norm, average product corrected (APC) DCA score
#======================================================================
1       17             1.0166218235920776                 
5       15             0.004679481201581848               
5       16             0.004679481201581737               
4       15             0.0046794812015810705              
14      24             0.004679481201580904               
4       16             0.0046794812015808485              
3       15             0.004679481201580793               
14      22             0.004679481201580793               
3       16             0.004679481201580682               
14      20             0.004679481201580682               
14      21             0.004679481201580682               
2       16             0.004679481201580626               
14      18             0.004679481201580626               
14      23             0.004679481201580626               
14      25             0.004679481201580626               
14      19             0.004679481201580515               
13      18             0.00467948120158046                
13      20             0.00467948120158046                
13      23             0.00467948120158046                
13      24             0.00467948120158046                
13      25             0.00467948120158046                
13      19             0.004679481201580404               
13      21             0.004679481201580404               
13      22             0.004679481201580404               
2       15             0.004679481201580293               
12      24             0.00467948120157996                
9       20             0.004679481201579905               
12      19             0.004679481201579905               
12      20             0.004679481201579905               
12      21             0.004679481201579905               
12      22             0.004679481201579905               
9       19             0.004679481201579849               
8       16             0.004679481201579794               
9       18             0.004679481201579794               
9       21             0.004679481201579794               
9       22             0.004679481201579794               
9       23             0.004679481201579794               
9       24             0.004679481201579794               
12      18             0.004679481201579794               
12      25             0.004679481201579794               
8       15             0.004679481201579738               
7       15             0.004679481201579738               
12      23             0.004679481201579738               
9       25             0.004679481201579683               
7       16             0.004679481201579516               
9       16             0.004679481201579405               
11      16             0.004679481201579405               
5       9              0.00467948120157935                
7       8              0.004679481201579294               
6       23             0.004679481201579294               
11      15             0.004679481201579294               
11      20             0.004679481201579294               
11      22             0.004679481201579294               
5       10             0.004679481201579239               
11      21             0.004679481201579239               
11      25             0.004679481201579239               
9       15             0.004679481201579183               
6       16             0.004679481201579183               
6       21             0.004679481201579183               
6       22             0.004679481201579183               
11      18             0.004679481201579183               
6       15             0.004679481201579128               
6       19             0.004679481201579128               
11      19             0.004679481201579128               
11      23             0.004679481201579128               
11      24             0.004679481201579128               
6       24             0.004679481201579072               
6       25             0.004679481201579072               
8       24             0.004679481201579017               
6       20             0.004679481201579017               
10      16             0.004679481201578961               
8       20             0.004679481201578961               
10      15             0.004679481201578961               
7       18             0.004679481201578961               
7       24             0.004679481201578961               
8       18             0.004679481201578906               
8       22             0.004679481201578906               
8       23             0.004679481201578906               
4       18             0.004679481201578906               
2       20             0.004679481201578906               
7       22             0.004679481201578906               
4       22             0.00467948120157885                
6       18             0.00467948120157885                
8       21             0.0046794812015787945              
8       25             0.0046794812015787945              
4       20             0.0046794812015787945              
4       21             0.0046794812015787945              
2       18             0.0046794812015787945              
2       22             0.0046794812015787945              
2       24             0.0046794812015787945              
7       20             0.0046794812015787945              
3       18             0.004679481201578739               
3       20             0.004679481201578739               
3       22             0.004679481201578739               
4       24             0.004679481201578739               
7       21             0.004679481201578739               
7       23             0.004679481201578739               
7       25             0.004679481201578739               
4       10             0.0046794812015786835              
3       25             0.0046794812015786835              
4       19             0.0046794812015786835              
2       19             0.0046794812015786835              
4       25             0.0046794812015786835              
2       21             0.0046794812015786835              
2       23             0.0046794812015786835              
2       25             0.0046794812015786835              
7       19             0.0046794812015786835              
8       19             0.0046794812015785725              
3       21             0.0046794812015785725              
3       24             0.0046794812015785725              
10      18             0.0046794812015785725              
5       24             0.0046794812015785725              
3       23             0.004679481201578517               
4       23             0.004679481201578517               
5       6              0.004679481201578517               
5       7              0.004679481201578517               
5       21             0.004679481201578517               
5       19             0.0046794812015784615              
5       18             0.0046794812015784615              
5       23             0.0046794812015784615              
3       19             0.004679481201578406               
5       20             0.004679481201578406               
5       22             0.004679481201578406               
2       9              0.0046794812015783505              
2       10             0.0046794812015783505              
5       25             0.0046794812015783505              
5       8              0.004679481201578295               
10      24             0.0046794812015782394              
3       10             0.004679481201578184               
4       9              0.004679481201578184               
10      19             0.004679481201578184               
10      20             0.004679481201578184               
10      22             0.004679481201578128               
3       9              0.004679481201578073               
10      21             0.004679481201578073               
10      25             0.004679481201578073               
10      23             0.004679481201578017               
6       7              0.004679481201577962               
2       4              0.004679481201577906               
4       8              0.004679481201577684               
3       7              0.004679481201577573               
2       3              0.004679481201577518               
6       8              0.004679481201577462               
4       7              0.004679481201577462               
2       11             0.004679481201577407               
10      13             0.004679481201577407               
12      16             0.004679481201577351               
10      11             0.004679481201577351               
6       11             0.004679481201577351               
2       7              0.004679481201577296               
6       12             0.004679481201577296               
10      14             0.004679481201577296               
4       14             0.004679481201577296               
3       6              0.00467948120157724                
4       13             0.00467948120157724                
7       11             0.00467948120157724                
11      13             0.00467948120157724                
11      14             0.00467948120157724                
8       9              0.004679481201577185               
3       4              0.004679481201577185               
3       11             0.004679481201577185               
12      15             0.004679481201577185               
11      12             0.004679481201577185               
6       14             0.004679481201577185               
8       10             0.004679481201577129               
8       11             0.004679481201577129               
10      12             0.004679481201577129               
4       11             0.004679481201577129               
7       12             0.004679481201577129               
6       13             0.004679481201577129               
12      14             0.004679481201577129               
2       6              0.004679481201577074               
2       8              0.004679481201577018               
8       13             0.004679481201577018               
8       14             0.004679481201577018               
3       13             0.004679481201577018               
2       13             0.004679481201577018               
7       13             0.004679481201577018               
7       14             0.004679481201577018               
12      13             0.004679481201577018               
4       6              0.004679481201576963               
4       12             0.004679481201576963               
13      14             0.004679481201576963               
3       8              0.004679481201576907               
3       12             0.004679481201576907               
7       9              0.004679481201576907               
9       10             0.004679481201576852               
8       12             0.004679481201576852               
2       12             0.004679481201576852               
6       9              0.004679481201576796               
7       10             0.004679481201576796               
3       14             0.004679481201576796               
5       13             0.004679481201576796               
2       14             0.004679481201576741               
6       10             0.004679481201576685               
5       11             0.004679481201576685               
5       14             0.004679481201576685               
2       5              0.00467948120157663                
3       5              0.004679481201576574               
15      19             0.004679481201576574               
4       5              0.004679481201576519               
19      21             0.004679481201576519               
18      21             0.004679481201576519               
18      23             0.004679481201576519               
18      24             0.004679481201576519               
18      25             0.004679481201576519               
15      24             0.004679481201576463               
19      23             0.004679481201576463               
19      24             0.004679481201576463               
18      19             0.004679481201576463               
21      22             0.004679481201576463               
23      24             0.004679481201576463               
24      25             0.004679481201576463               
20      21             0.004679481201576463               
20      24             0.004679481201576463               
22      24             0.004679481201576463               
5       12             0.004679481201576408               
19      20             0.004679481201576408               
19      22             0.004679481201576408               
21      23             0.004679481201576408               
21      24             0.004679481201576408               
23      25             0.004679481201576408               
18      20             0.004679481201576408               
18      22             0.004679481201576408               
20      22             0.004679481201576408               
20      23             0.004679481201576408               
16      19             0.004679481201576352               
16      21             0.004679481201576352               
16      22             0.004679481201576352               
16      25             0.004679481201576352               
15      18             0.004679481201576352               
15      21             0.004679481201576352               
15      23             0.004679481201576352               
19      25             0.004679481201576352               
22      23             0.004679481201576352               
16      24             0.0046794812015762965              
15      20             0.0046794812015762965              
21      25             0.0046794812015762965              
15      22             0.004679481201576241               
15      25             0.004679481201576241               
20      25             0.004679481201576241               
22      25             0.004679481201576241               
16      18             0.0046794812015761855              
16      20             0.0046794812015761855              
16      23             0.0046794812015761855              
9       13             0.00467948120157613                
9       11             0.0046794812015760745              
9       14             0.0046794812015760745              
15      16             0.0046794812015759635              
9       12             0.0046794812015759635              
13      15             0.0046794812015758525              
13      16             0.004679481201575797               
14      15             0.004679481201575519               
14      16             0.004679481201575408               
1       15             -0.047252726154505376              
1       16             -0.04725272615450546               
11      17             -0.047252726154506014              
12      17             -0.047252726154506264              
7       17             -0.04725272615450643               
10      17             -0.047252726154506486              
13      17             -0.047252726154506625              
1       19             -0.047252726154506736              
1       23             -0.047252726154506736              
1       25             -0.04725272615450676               
3       17             -0.04725272615450679               
1       18             -0.04725272615450679               
1       20             -0.04725272615450679               
1       21             -0.04725272615450679               
1       24             -0.04725272615450679               
1       22             -0.04725272615450682               
1       10             -0.0472527261545069                
15      17             -0.0472527261545069                
14      17             -0.0472527261545069                
1       9              -0.04725272615450701               
16      17             -0.047252726154507096              
17      21             -0.047252726154507096              
17      24             -0.047252726154507096              
17      18             -0.047252726154507124              
17      23             -0.04725272615450715               
17      25             -0.04725272615450715               
17      20             -0.04725272615450718               
17      22             -0.04725272615450718               
6       17             -0.047252726154507235              
17      19             -0.047252726154507235              
8       17             -0.04725272615450729               
1       7              -0.04725272615450746               
1       6              -0.04725272615450754               
2       17             -0.047252726154507596              
1       13             -0.04725272615450768               
1       14             -0.04725272615450776               
1       12             -0.04725272615450779               
9       17             -0.04725272615450782               
1       8              -0.047252726154507846              
1       5              -0.047252726154507846              
1       11             -0.047252726154507846              
5       17             -0.0472527261545079                
1       3              -0.047252726154508096              
4       17             -0.047252726154508096              
1       2              -0.04725272615450818               
1       4              -0.04725272615450857               
