#======================================================================
# PARAMETERS USED FOR THIS COMPUTATION: 
#	Sequence type: RNA
#	Total number of sequences in alignment data: 42
#	Length of sequences in alignment data: 42
#	Value of sequence identity: 0.8
#	lambda_h: 8.200000000000001
#	lambda_J: 8.200000000000001
#	Number of gradient decent iterations: 500
# The First and Second columns represent sites and the
# Third column is PLMDCA Frobenius norm, average product corrected (APC) DCA score
#======================================================================
25      36             0.15816590290223154                
32      39             0.1357380239110421                 
24      37             0.13404360987858216                
27      34             0.1175438783891719                 
34      35             0.1151617956519371                 
22      39             0.11475236729085046                
26      27             0.11449066620732945                
26      35             0.10595442254588203                
27      35             0.10183410517070449                
26      34             0.09896682535063987                
22      32             0.09658190654552777                
1       23             0.09647855754054922                
6       25             0.09415668331668473                
36      42             0.09219054732124497                
1       15             0.0920879831319583                 
15      23             0.09208796841712157                
17      29             0.08991882889060199                
25      42             0.08375291850218668                
5       11             0.08320480504713601                
9       11             0.08280923794542076                
5       9              0.08280923726584971                
23      38             0.08194643950942092                
1       38             0.081946439330511                  
19      25             0.07966500895052436                
31      39             0.07590728023169156                
15      38             0.07348861781404491                
22      31             0.07331960857972115                
31      32             0.07097563192854818                
10      27             0.06565397367845736                
29      37             0.06531801524983066                
10      34             0.06491375499556022                
40      41             0.06407883366924591                
20      25             0.061862393886677525               
6       36             0.06076544953422697                
19      36             0.05963219107631214                
21      23             0.05937774384600343                
1       21             0.0593777436929432                 
10      35             0.05555759936609482                
30      33             0.05377913329048018                
15      21             0.05359692513235896                
10      20             0.053411232099145875               
9       19             0.05110524887623619                
11      19             0.051052117003121095               
5       19             0.0510521162601484                 
19      42             0.050020209162489324               
20      29             0.04984712756116387                
17      37             0.04979257894730335                
17      20             0.04819052755269944                
10      26             0.046122223540381854               
17      24             0.04483654586203163                
32      36             0.044441384767656106               
10      25             0.04431730429100256                
10      22             0.04329758276161727                
10      32             0.04270656974464422                
25      32             0.04196077243288482                
22      25             0.04153756522026214                
20      32             0.040949513321979436               
19      32             0.04051114731885036                
21      38             0.04028785737141489                
22      36             0.039874825558224275               
20      24             0.03933738324491566                
24      29             0.03870920214513528                
33      40             0.03825652515284113                
30      40             0.0382565180875065                 
30      41             0.03825651772520647                
33      41             0.038256517339960494               
19      26             0.03690670353833067                
19      31             0.03651840785788421                
6       8              0.034922641745069385               
36      39             0.03457929863239849                
22      42             0.03449493455565647                
20      22             0.03431414422537135                
8       15             0.03392691795964467                
10      36             0.03348349624988366                
11      31             0.03251548469981033                
5       31             0.03251547656288288                
2       4              0.031073264792826683               
3       4              0.031073264630438156               
7       14             0.031073264569542465               
4       7              0.031073264528945335               
7       12             0.0310732644883482                 
7       13             0.0310732644883482                 
4       14             0.031073264285362542               
12      14             0.031073264244765413               
13      14             0.031073264244765413               
4       12             0.031073264204168283               
4       13             0.031073264204168283               
12      13             0.031073264163571153               
2       16             0.031073261423264824               
3       16             0.031073261260876284               
7       16             0.031073261159383463               
14      16             0.031073260915800656               
4       16             0.031073260875203526               
12      16             0.031073260834606396               
13      16             0.031073260834606396               
2       18             0.031073260286545154               
3       18             0.031073260124156614               
7       18             0.031073260022663786               
14      18             0.03107325977908098                
4       18             0.031073259738483842               
12      18             0.031073259697886713               
13      18             0.031073259697886713               
16      18             0.031073256368921692               
2       3              0.03107325027733822                
2       7              0.031073250175845404               
3       7              0.031073250013456878               
2       14             0.03107324993226262                
2       12             0.03107324985106836                
2       13             0.03107324985106836                
3       14             0.031073249769874085               
3       12             0.031073249688679826               
3       13             0.031073249688679826               
24      25             0.031018243166161516               
28      30             0.030926741859042282               
28      33             0.030926734012521905               
9       31             0.030439379332722935               
8       26             0.030424489541406335               
19      35             0.03002922184092008                
6       20             0.02933616352892636                
19      27             0.028075529196147406               
20      34             0.027899314593475236               
38      40             0.027587470692477738               
38      41             0.02758747028993041                
11      26             0.027401555821082307               
5       26             0.027401555110503364               
15      20             0.02734591144911286                
11      20             0.027107826742917757               
5       20             0.02710782609669353                
19      34             0.026831426146067816               
22      29             0.026570286965013207               
20      36             0.026430331982602653               
9       20             0.02610624137935423                
9       26             0.025955132540848053               
6       19             0.025273425945396055               
17      22             0.025247181495822793               
25      39             0.024997231941257483               
1       20             0.023467709329650893               
20      23             0.023467702063705784               
20      27             0.023080882979184897               
40      42             0.021916378250949782               
41      42             0.02191637787441101                
38      39             0.021816098859990307               
8       28             0.021610371676855804               
6       24             0.02137854742131942                
8       27             0.021178518730796486               
24      27             0.020861299398267766               
17      19             0.020855264687795624               
9       32             0.020768985338916177               
19      22             0.02046128983096364                
19      20             0.02014872616070222                
10      24             0.02005320667837021                
20      37             0.020003011661476222               
28      40             0.019866818114506177               
28      41             0.019866817758160356               
29      33             0.01985379852808751                
29      30             0.019853791532127518               
14      28             0.01963504546990707                
12      28             0.019635045390719114               
13      28             0.019635045390719114               
16      28             0.0196350421440128                 
18      28             0.019635041035381363               
2       28             0.01963503851425122                
3       28             0.019635038355875288               
4       28             0.019635037979732498               
7       28             0.019635030806309753               
11      27             0.019453996535952936               
5       27             0.019453995844875643               
34      37             0.01931477223159718                
20      35             0.019287478304177055               
16      30             0.01846684089970848                
18      30             0.01846683977255282                
18      33             0.01846683936658148                
7       30             0.018466829621547623               
2       33             0.018466829477237455               
14      30             0.01846682938001426                
4       30             0.018466829339758704               
3       33             0.01846682931621521                
12      30             0.01846682929950315                
13      30             0.01846682929950315                
4       33             0.0184668289337874                 
16      33             0.01846682559257596                
2       30             0.018466822432628156               
3       30             0.018466822271605912               
7       33             0.01846682176499572                
14      33             0.018466821523462365               
12      33             0.018466821442951246               
13      33             0.018466821442951246               
24      32             0.01794592485876234                
9       27             0.017762222789044838               
20      39             0.01775058832209782                
7       21             0.017646680550639546               
14      21             0.017646680321049178               
12      21             0.017646680244519056               
13      21             0.017646680244519056               
16      21             0.01764667710678406                
18      21             0.017646676035362345               
2       21             0.01764667334878184                
3       21             0.017646673195721593               
4       21             0.017646665381622927               
10      37             0.017534070805781787               
20      38             0.01731654687905211                
37      40             0.017143430543577295               
37      41             0.017143430119445774               
11      32             0.016890704948651164               
5       32             0.01689070422533398                
7       8              0.016791728104455943               
8       14             0.01679172784980347                
8       12             0.016791727764919315               
8       13             0.016791727764919315               
8       16             0.016791724284668852               
8       18             0.016791723096290637               
2       8              0.016791720929748857               
3       8              0.016791720759980533               
4       8              0.016791720356780795               
18      40             0.015978388441821235               
18      41             0.015978388076447025               
3       40             0.015978385633454592               
16      40             0.015978382069929367               
16      41             0.015978381704555164               
2       40             0.01597837833697239                
7       40             0.01597837808656251                
2       41             0.015978377971598207               
14      40             0.01597837785541492                
3       41             0.015978377817499813               
12      40             0.015978377778365735               
13      40             0.015978377778365735               
7       41             0.015978377721188326               
14      41             0.01597837749004074                
4       41             0.015978377451516146               
12      41             0.015978377412991553               
13      41             0.015978377412991553               
4       40             0.01597837036630973                
11      35             0.01567066984406465                
5       35             0.015670661705547498               
29      39             0.015590002993407556               
6       39             0.01516479252875129                
27      37             0.014934648418791094               
30      38             0.014819596904339705               
33      38             0.014819596457064904               
32      37             0.014682435817713044               
9       35             0.013936109301063468               
20      26             0.013608123584005663               
8       36             0.013558879117803041               
11      34             0.013505470992827992               
5       34             0.013505470316498028               
35      37             0.013057252583673198               
28      29             0.012800897199399558               
26      37             0.012622116672260583               
9       34             0.011680710486581314               
20      21             0.011625052924882945               
20      31             0.011160026267786727               
8       34             0.01091567584318634                
32      42             0.01067130796396086                
10      39             0.010623997005230437               
28      31             0.01009859234664949                
6       33             0.009321213884321111               
6       30             0.009321206935467133               
30      42             0.009224909999420612               
33      42             0.009224909581044202               
35      42             0.009206352993885544               
21      22             0.00917375246320909                
8       35             0.007802042661556166               
6       28             0.007716376119146495               
10      15             0.007112358857569376               
1       22             0.006849377536556608               
22      23             0.00684937029848616                
22      34             0.006845010475091826               
2       23             0.006834939955532637               
3       23             0.006834939764746459               
16      23             0.006834935352816374               
18      23             0.006834934017313193               
1       2              0.006834932342563535               
7       23             0.006834932194924523               
1       3              0.0068349321517773565              
1       7              0.0068349320325360174              
14      23             0.006834931908745276               
4       23             0.006834931861048735               
12      23             0.006834931813352194               
13      23             0.006834931813352194               
1       14             0.006834931746356757               
1       4              0.0068349316986602154              
1       12             0.006834931650963674               
1       13             0.006834931650963674               
1       16             0.0068349277398472436              
1       18             0.006834926404344063               
15      27             0.006788136744673948               
17      31             0.006761453579157584               
39      42             0.006700871983217185               
15      34             0.006553210555523867               
31      40             0.005521495485916766               
31      41             0.005521495044693792               
9       39             0.005220088447013688               
34      36             0.005116521499978349               
27      36             0.005081703461593562               
6       32             0.004749285306345899               
29      32             0.004559188920176829               
29      41             0.004533149689064937               
29      40             0.004533142647642881               
34      42             0.0045062859425653995              
10      29             0.003981456440124334               
6       31             0.0037700719697263407              
33      37             0.0036433899315078955              
30      37             0.00364338295218454                
2       17             0.0035528655437687684              
3       17             0.003552865363355709               
16      17             0.0035528611913039354              
17      18             0.0035528599284125606              
7       17             0.003552857800016976               
14      17             0.0035528575293973935              
4       17             0.003552857484294125               
12      17             0.0035528574391908707              
13      17             0.0035528574391908707              
2       9              0.0034244456593694322              
3       9              0.0034244454652062606              
7       9              0.0034244453438542904              
9       14             0.00342444505260954                
4       9              0.0034244450040687435              
9       12             0.003424444955527947               
9       13             0.003424444955527947               
9       16             0.003424440975183088               
9       18             0.003424439616040928               
10      17             0.0032923232207298925              
5       16             0.0032488649599016206              
11      18             0.0032488641584482586              
2       11             0.003248862798644281               
2       5              0.0032488622302844494              
4       11             0.0032488621381986243              
3       5              0.0032488620345968444              
4       5              0.003248861569838793               
5       7              0.0032488544617115117              
5       14             0.003248854168180104               
5       12             0.0032488540703363017              
5       13             0.0032488540703363017              
11      16             0.003248850627100286               
5       18             0.0032488486889271917              
3       11             0.003248847701795482               
7       11             0.003248847579490746               
11      14             0.0032488472859593387              
11      12             0.003248847188115536               
11      13             0.003248847188115536               
36      37             0.0031469418004382993              
11      39             0.0029173245102929596              
5       39             0.0029173163534574192              
24      34             0.0028737048864792974              
1       10             0.002802357099231781               
10      23             0.0028023498611973036              
21      28             0.0027375772022150413              
39      40             0.002675326136834008               
39      41             0.002675325682812965               
17      39             0.0016711050133866173              
22      35             0.0015756501980940668              
8       17             0.0013461731267881971              
37      38             0.0013374202774160543              
21      33             0.0013321596831784438              
21      30             0.0013321526152484525              
8       21             0.001097098630123923               
37      42             0.0004957842111511651              
24      31             0.00045244210008570096             
3       15             0.0004478731542847808              
7       15             0.00044787303783200283             
15      16             0.0004478688455316765              
15      18             0.0004478675412604577              
2       15             0.0004478658900286536              
14      15             0.0004478653077647221              
12      15             0.0004478652146024942              
13      15             0.0004478652146024942              
4       15             0.0004478578106030112              
6       34             0.00042390549641041497             
8       31             -9.182538240200266e-05             
22      27             -0.00013039122021932248            
27      28             -0.0002590912069140444             
35      36             -0.00028766687437761784            
24      26             -0.00040586255299275564            
25      34             -0.00043737981905304923            
6       27             -0.0004930302172138357             
31      36             -0.0004971960336323522             
2       29             -0.0004974091398663033             
3       29             -0.0004974093217145481             
4       29             -0.0004974172041847108             
16      29             -0.0004974209775357036             
18      29             -0.0004974222504734033             
7       29             -0.0004974243365308828             
14      29             -0.0004974246093032569             
12      29             -0.0004974247002273724             
13      29             -0.0004974247002273724             
23      39             -0.0005446566783509493             
1       39             -0.0005446568801380641             
19      29             -0.000938882548406364              
10      42             -0.0010559712521074904             
22      26             -0.001248288770722139              
27      42             -0.0015239900350213081             
24      35             -0.0017669337944028057             
17      28             -0.0018329777512506723             
30      31             -0.001853958913814166              
31      33             -0.001853959404061925              
28      38             -0.0018822115578086829             
8       30             -0.0019967506494556336             
8       33             -0.001996751073876417              
6       18             -0.0024083362303892464             
2       6              -0.002408337434473218              
3       6              -0.0024083376351638763             
6       7              -0.0024083377605955275             
6       14             -0.0024083380616315153             
4       6              -0.002408338111804173              
6       12             -0.0024083381619768446             
6       13             -0.0024083381619768446             
6       16             -0.0024083422761352474             
26      42             -0.0024177920912462347             
28      35             -0.0024431949579312995             
16      24             -0.0025369428959276796             
18      24             -0.00253694434086546               
2       24             -0.0025369453666334862             
3       24             -0.002536945573053173              
7       24             -0.00253694570206546               
14      24             -0.0025369460116949905             
12      24             -0.00253694611490482               
13      24             -0.00253694611490482               
4       24             -0.002536953513880502              
26      36             -0.0026357578271862248             
10      19             -0.0028316035469130862             
15      22             -0.0028365185577459984             
29      36             -0.002842130022819772              
10      38             -0.002854755388932609              
31      35             -0.002968538274679522              
29      31             -0.0031157201595303358             
19      39             -0.0034727357598636627             
31      42             -0.003983072697459844              
25      29             -0.004325774880734018              
21      40             -0.004726141112727081              
21      41             -0.004726145182402927              
2       38             -0.00474689184005507               
3       38             -0.004746892018964999              
7       38             -0.004746892130783692              
14      38             -0.004746892399148578              
16      38             -0.004746892430966654              
12      38             -0.004746892488603535              
13      38             -0.004746892488603535              
18      38             -0.004746893683336112              
4       38             -0.0047468998944566465             
26      28             -0.004782793257988069              
15      32             -0.005216593001984002              
24      40             -0.00565687479687077               
24      41             -0.005656875261315059              
23      28             -0.005896242824674852              
1       28             -0.00589624670834106               
17      36             -0.006220117167403838              
6       10             -0.006286081035337246              
25      35             -0.006373026201212953              
7       42             -0.0064425007696773395             
14      42             -0.006442501020703192              
12      42             -0.006442501104378474              
13      42             -0.006442501104378474              
2       42             -0.00644250422302297               
3       42             -0.006442504390373548              
16      42             -0.006442504535065091              
4       42             -0.006442508513121434              
18      42             -0.006442509431809365              
8       10             -0.0066007166250109245             
30      39             -0.006636767134621899              
33      39             -0.00663677508967031               
17      33             -0.0066865959261177554             
17      30             -0.006686602925665738              
9       10             -0.00674348789380147               
8       40             -0.006747592764696851              
8       41             -0.006747596871965862              
11      25             -0.006878376861036539              
5       25             -0.00687837757006543               
15      31             -0.007287956333889914              
36      38             -0.007290808007991728              
17      25             -0.007426844226831861              
15      37             -0.007579700327418018              
23      33             -0.007655977796276095              
23      30             -0.007655981044600996              
1       33             -0.007655981682588631              
1       30             -0.0076559849309135175             
10      11             -0.007690155079494623              
5       10             -0.007690155823406097              
35      40             -0.00802071656752526               
35      41             -0.008020717009770195              
9       25             -0.008317612183108364              
10      21             -0.008339957150054145              
6       41             -0.008549057928109546              
6       40             -0.008549064927136169              
8       23             -0.008601887480998258              
1       8              -0.008601887650766568              
17      35             -0.008751780342129825              
24      36             -0.008812281760878254              
38      42             -0.008865920260474877              
11      36             -0.008974853164022967              
5       36             -0.008974853802521221              
25      37             -0.008985926459714785              
15      36             -0.009305608255350081              
31      37             -0.009579810199234914              
28      42             -0.009731061342968965              
11      33             -0.010151440434830475              
5       33             -0.010151440998408298              
5       30             -0.010151444234479598              
11      30             -0.010151447396192073              
9       36             -0.010175630575933292              
9       30             -0.010243346173969034              
9       33             -0.01024335410995754               
32      38             -0.010325252727054118              
8       39             -0.010402886660062102              
17      21             -0.01044643178769391               
6       21             -0.010462822697968777              
15      39             -0.010500409717845646              
11      28             -0.010530080094425201              
5       28             -0.010530080648740905              
25      31             -0.010576634301396035              
23      41             -0.010707606892681812              
1       41             -0.010707607046780199              
23      40             -0.010707610188703226              
1       40             -0.010707614068091911              
9       28             -0.010757956106033237              
6       15             -0.010896200427820746              
15      24             -0.011334823639769898              
6       26             -0.011420461567990522              
6       37             -0.011430840692566946              
17      32             -0.011867051515841831              
8       25             -0.011954862991520626              
10      31             -0.01197229550369909               
11      21             -0.01201302052050078               
5       21             -0.012013024781501916              
25      26             -0.012048534579017639              
9       21             -0.012235256640597575              
17      34             -0.012240425959408233              
28      37             -0.012301873602092103              
2       37             -0.012428396429310692              
3       37             -0.012428400343103899              
7       37             -0.012428404186208497              
14      37             -0.012428404468962845              
4       37             -0.012428404516088565              
12      37             -0.012428404563214299              
13      37             -0.012428404563214299              
16      37             -0.012428404702233428              
18      37             -0.012428406021753727              
23      25             -0.012479529874199521              
1       25             -0.01247953007677921               
26      38             -0.01266629191347994               
21      29             -0.012681812642486447              
6       17             -0.012956945103396664              
6       35             -0.013001645274656456              
11      40             -0.013004184201619376              
11      41             -0.01300418464191648               
5       40             -0.013004184740963723              
5       41             -0.013004185181260841              
8       11             -0.013012846189795313              
5       8              -0.013012846783984414              
15      25             -0.01313349494268018               
8       9              -0.0131398885167672                
9       40             -0.013288059676742486              
9       41             -0.013288060113609612              
17      26             -0.013437450144971233              
25      27             -0.013449422953340728              
1       37             -0.013647419564953106              
23      37             -0.013647426827030809              
17      42             -0.013695924437975626              
23      24             -0.013719076729281937              
1       24             -0.013719084386282207              
22      24             -0.013815830992777056              
29      38             -0.013836251838488398              
6       22             -0.013840257637692616              
32      34             -0.013905702533110034              
3       26             -0.014059804945845425              
7       26             -0.014059805072734508              
4       26             -0.014059805428023986              
12      26             -0.014059805478779636              
14      26             -0.014059809102558649              
13      26             -0.014059809204069934              
16      26             -0.014059809640742132              
18      26             -0.014059811061900074              
2       26             -0.014059812193403451              
1       32             -0.014097847611036968              
23      32             -0.014097854854955516              
36      41             -0.014208437468690223              
36      40             -0.014208440783517351              
21      24             -0.014252152426290687              
8       24             -0.014482699864043089              
32      40             -0.014511999595432354              
32      41             -0.014512003785712296              
34      40             -0.014557808574026845              
34      41             -0.014557809008810402              
15      26             -0.014614710499305586              
30      35             -0.014777186207161688              
33      35             -0.014777186698544956              
19      38             -0.014870600892370911              
24      42             -0.01487540342735709               
24      28             -0.015013951847395707              
35      38             -0.015021966443546503              
27      38             -0.01504296900721619               
37      39             -0.015196731793285873              
17      40             -0.015741357423481775              
17      41             -0.015741357829411134              
22      37             -0.015836293477220473              
23      36             -0.015925458149355573              
1       36             -0.015925458331783632              
24      30             -0.01600674213557124               
24      33             -0.016006742651620443              
17      27             -0.016029008213344492              
28      39             -0.016334417537288787              
27      32             -0.016670611841152858              
15      35             -0.01701280719774037               
17      38             -0.017150883949110005              
15      28             -0.017260998897879576              
6       42             -0.017328974229108104              
8       42             -0.017471996065068954              
24      38             -0.017575331132051078              
29      42             -0.017632687864004015              
34      38             -0.01766745946003509               
15      33             -0.018357397009701334              
15      30             -0.018357400269180493              
19      23             -0.018526119105661917              
1       19             -0.01852611931793982               
12      31             -0.01874185592550033               
2       31             -0.018741858939931383              
3       31             -0.018741859136030492              
7       31             -0.01874185925859241               
14      31             -0.018741859552741075              
4       31             -0.018741859601765845              
13      31             -0.01874185965079063               
16      31             -0.018741859945531958              
18      31             -0.018741861318225708              
8       29             -0.019113513439828006              
23      31             -0.01954945185320013               
1       31             -0.019549452049299226              
7       39             -0.020134590511535044              
14      39             -0.020134590814215744              
12      39             -0.020134590915109316              
13      39             -0.020134590915109316              
16      39             -0.020134591326455203              
18      39             -0.020134592738965132              
2       39             -0.020134593908921264              
3       39             -0.020134594110708406              
4       39             -0.02013459458995283               
21      35             -0.020214133335735088              
25      40             -0.02027309232769016               
25      41             -0.020273092783494456              
6       23             -0.02038115013281956               
1       6              -0.020381150333510206              
30      34             -0.020539750996696304              
33      34             -0.020539751479789134              
31      38             -0.020611194481908762              
8       37             -0.020710577843832623              
17      23             -0.020755631712117847              
1       17             -0.020755631892530893              
21      39             -0.02079142925440991               
29      35             -0.020997946997675626              
29      34             -0.021043737807020346              
21      34             -0.02104637253012738               
28      34             -0.02107629436220211               
15      19             -0.021252467926248728              
21      42             -0.021348203150819832              
9       42             -0.021657658057976745              
22      38             -0.02166150976719476               
8       38             -0.02182302691884333               
15      42             -0.022354600001666544              
11      42             -0.02235828429902323               
5       42             -0.02235828488475021               
25      28             -0.02236953041789551               
6       9              -0.022499437606138484              
1       34             -0.022552811452811836              
23      34             -0.022552818710155298              
21      26             -0.022575764159572895              
27      30             -0.022585077314051946              
27      33             -0.02258508153296887               
23      29             -0.022693555072308497              
1       29             -0.02269355897944704               
8       32             -0.022750991014603275              
2       22             -0.022777886183998022              
3       22             -0.0227778863965082                
7       22             -0.022777886529327024              
14      22             -0.022777886848092274              
4       22             -0.022777886901219818              
12      22             -0.02277788695434735               
13      22             -0.02277788695434735               
16      22             -0.022777891310805654              
18      22             -0.022777896523667088              
1       35             -0.023047104487630254              
23      35             -0.023047115466947862              
25      30             -0.023111727354087758              
25      33             -0.023111727860536974              
10      40             -0.02311655825084434               
10      41             -0.02311655872907316               
28      32             -0.023192210131850508              
6       11             -0.0233925235214789                
5       6              -0.023392524223896177              
9       23             -0.023641058685207994              
1       9              -0.02364106260466145               
26      31             -0.023742170629813153              
11      23             -0.023776253682132487              
5       23             -0.023776254349884063              
1       11             -0.023776257603110376              
1       5              -0.023776258270861952              
15      40             -0.023836114361553917              
15      41             -0.023836114780783957              
4       27             -0.02390913026346471               
18      27             -0.023909135742720508              
2       27             -0.02390913704764934               
3       27             -0.023909137245100007              
7       27             -0.023909137368506653              
14      27             -0.023909137664682653              
12      27             -0.023909137763407973              
13      27             -0.023909137763407973              
16      27             -0.023909138085856194              
26      32             -0.023967514718981467              
6       29             -0.024006743837877154              
23      42             -0.024039478470457454              
1       42             -0.024039478637808018              
20      28             -0.024302709520509475              
9       22             -0.02432888522401451               
31      34             -0.02452537626433518               
28      36             -0.02455576188537409               
30      32             -0.024893880289999407              
32      33             -0.024893880806654542              
9       24             -0.02497217402611733               
21      31             -0.025066613952803254              
21      32             -0.02518200588601116               
15      17             -0.02529965449837028               
2       35             -0.02530917894438557               
3       35             -0.025309179140938873              
7       35             -0.025309179263784676              
14      35             -0.025309179558614642              
4       35             -0.02530917960775296               
12      35             -0.025309179656891292              
13      35             -0.025309179656891292              
18      35             -0.025309181336816866              
16      35             -0.025309183686234027              
21      37             -0.025426047167318624              
26      29             -0.02560900577644372               
2       19             -0.025618973094897607              
3       19             -0.025618973307175524              
14      19             -0.02561897748355639               
4       19             -0.02561897753662587               
13      19             -0.025618977589695335              
18      19             -0.025618979702047698              
7       19             -0.025618980890429813              
12      19             -0.025618981314985634              
16      19             -0.025618985666682886              
11      24             -0.025621755798998946              
5       24             -0.02562175652146781               
11      22             -0.025882392756830644              
5       22             -0.02588239350061619               
25      38             -0.02617635579325593               
15      29             -0.02625662480186329               
21      27             -0.026467299307695064              
27      29             -0.026711420878315698              
11      17             -0.02681981313009689               
5       17             -0.026819813761542563              
6       38             -0.026942892221033465              
9       17             -0.027047083600676328              
20      33             -0.027201979054074704              
20      30             -0.027201982317776263              
32      35             -0.027312257752150904              
23      26             -0.027961772815899746              
1       26             -0.027961776744212602              
1       27             -0.028362739202753257              
23      27             -0.0283627464558832                
11      29             -0.02898784004836212               
5       29             -0.028987840684830943              
9       29             -0.029066121755886576              
3       34             -0.02943963556346557               
7       34             -0.02943963568423877               
14      34             -0.029439635974094464              
12      34             -0.029439636070713024              
13      34             -0.029439636070713024              
16      34             -0.02943963630678398               
18      34             -0.02943963765944392               
2       34             -0.02943963909551872               
4       34             -0.02943963974769405               
34      39             -0.029439936530961205              
9       15             -0.029527642449472258              
5       15             -0.02953284112363805               
11      15             -0.02953284419679275               
21      25             -0.0295429299719025                
9       38             -0.029594189353582864              
9       37             -0.02966615269849006               
19      30             -0.029731112233051277              
19      33             -0.029731112763746056              
11      38             -0.029741626076025013              
5       38             -0.029741626702209728              
11      37             -0.03042906359083615               
5       37             -0.030429064250596286              
26      40             -0.03057089146544452               
26      41             -0.030570891922245283              
19      28             -0.03081980390818849               
19      21             -0.030966863809107195              
33      36             -0.03108729272004651               
30      36             -0.031087295989266614              
26      30             -0.031169531858015187              
26      33             -0.031169532365571573              
27      40             -0.03140879719130074               
27      41             -0.03140879763556473               
19      24             -0.031429879764241914              
8       19             -0.03225018419228712               
10      30             -0.03261477695982995               
10      33             -0.03261478121648559               
4       10             -0.03295261103060987               
2       10             -0.032952614038556954              
3       10             -0.0329526142511031                
7       10             -0.03295261438394442               
10      14             -0.03295261470276363               
10      12             -0.032952614809036704              
10      13             -0.032952614809036704              
10      16             -0.03295261544094223               
10      18             -0.03295261692876521               
10      28             -0.0330860089733646                
8       22             -0.03313848437973388               
27      31             -0.03374423068629234               
19      41             -0.03478829118313316               
19      40             -0.034788294430798145              
20      42             -0.03491521705793245               
22      40             -0.03567862537781154               
22      41             -0.035678625855959406              
18      32             -0.035803937324951796              
2       32             -0.03580393834317584               
3       32             -0.035803938549837905              
7       32             -0.03580393867900168               
14      32             -0.03580393898899477               
4       32             -0.03580393904066029               
12      32             -0.03580393909232579               
13      32             -0.03580393909232579               
16      32             -0.035803939603607685              
12      36             -0.0361376942685748                
13      36             -0.0361376942685748                
18      36             -0.03613769742270172               
7       36             -0.03613769762900895               
14      36             -0.03613769790265106               
16      36             -0.03613769800835033               
2       36             -0.036137699195208484              
3       36             -0.03613769937763657               
4       36             -0.03613769981090323               
22      28             -0.03658159014611387               
22      33             -0.03787232606210128               
22      30             -0.037872329256116194              
21      36             -0.037928285331971956              
27      39             -0.03891328166566617               
14      25             -0.03905471374501407               
13      25             -0.03905471384630391               
2       25             -0.03905471683724285               
3       25             -0.03905471703982254               
7       25             -0.03905471716643484               
4       25             -0.039054717520949286              
12      25             -0.039054717571594205              
18      25             -0.03905471941724535               
16      25             -0.039054721724477826              
20      41             -0.039944117374625984              
20      40             -0.03994411882184126               
35      39             -0.042676443664617286              
24      39             -0.04666490272905377               
8       20             -0.047742979212185954              
19      37             -0.048308790847558486              
26      39             -0.05278184912927686               
2       20             -0.053079963394587454              
3       20             -0.053079963579222955              
7       20             -0.05307996462594271               
14      20             -0.05307996490289596               
4       20             -0.05307996494905483               
12      20             -0.053079964995213696              
13      20             -0.053079964995213696              
16      20             -0.05307996878024138               
18      20             -0.05307997193533501               
