#======================================================================
# PARAMETERS USED FOR THIS COMPUTATION: 
#	Sequence type: RNA
#	Total number of sequences in alignment data: 10456
#	Length of sequences in alignment data: 43
#	Value of sequence identity: 0.8
#	lambda_h: 8.4
#	lambda_J: 8.4
#	Number of gradient decent iterations: 500
# The First and Second columns represent sites and the
# Third column is PLMDCA Frobenius norm, average product corrected (APC) DCA score
#======================================================================
1       12             0.2752145013581697                 
2       11             0.21819612743247085                
24      33             0.14496493524344817                
9       11             0.12817639101656525                
28      31             0.1087460134801791                 
1       3              0.1086590043628271                 
23      34             0.10570728265509391                
5       9              0.1046477411273384                 
28      29             0.0961994669181397                 
3       12             0.092479067500059                  
7       40             0.0859670879079094                 
15      17             0.08477022613235781                
25      32             0.0845253001847141                 
7       10             0.08317066707794021                
29      31             0.08235049082590654                
11      12             0.0815357071875201                 
2       9              0.08136643819256936                
20      26             0.07978751201771879                
5       13             0.07906235154696871                
33      43             0.07633739461589725                
3       5              0.07310974922269653                
4       10             0.0680607958381131                 
4       12             0.06762585805799379                
24      43             0.06665072335899394                
1       4              0.06542502720729382                
8       10             0.06438452738388857                
34      41             0.06421079856818042                
3       8              0.06346074174158618                
1       11             0.06324498268546394                
3       28             0.06314668747353891                
10      24             0.06273689917647055                
19      36             0.06272266723908515                
2       12             0.06037875241074804                
17      42             0.06003006403876998                
2       4              0.05964936351724119                
3       31             0.05906664058123477                
4       42             0.05799380392856583                
23      41             0.05768437135369846                
6       32             0.05641687907861062                
8       9              0.05537298465996214                
1       5              0.05418730565497677                
1       2              0.053951526896004326               
15      42             0.05302719635539237                
10      40             0.05211264761074773                
9       43             0.05189011150923746                
6       25             0.05127042478643058                
12      29             0.05021762718718595                
32      35             0.04792791707246085                
25      35             0.04700878546826695                
37      38             0.04694286741788107                
19      24             0.04642241833501726                
5       43             0.044774380849685644               
37      39             0.0442103473121987                 
1       29             0.04411052648248737                
22      35             0.044075314836203076               
17      24             0.043905741312997404               
8       43             0.04386434522037655                
5       12             0.04379550752027764                
3       29             0.043363184330663315               
38      39             0.04295518191376921                
8       14             0.0428579574855177                 
4       8              0.04283962847554289                
6       35             0.04223515524679323                
42      43             0.04222383293407379                
5       23             0.0416098784385686                 
10      13             0.04141741568440119                
16      32             0.041351417377164655               
6       36             0.04122471137641397                
4       7              0.04075552784194131                
4       40             0.039802981613837926               
36      43             0.039378035317874524               
2       42             0.03936252220083972                
5       34             0.039335749006185694               
2       15             0.03894794840014386                
9       14             0.03841260748670779                
9       17             0.03817193310707577                
2       10             0.037923993049277155               
11      13             0.037848863006057706               
28      33             0.03709353512921895                
16      38             0.036832696925878004               
15      43             0.036699034201576844               
14      36             0.03618409964449132                
4       6              0.035437539623712405               
8       33             0.03533443972369171                
14      43             0.03522448254427975                
11      43             0.034995538931033646               
22      37             0.03475921794153761                
2       5              0.03393410510589408                
15      32             0.03306001346210609                
30      38             0.033045416574766576               
7       8              0.03301625697858532                
16      22             0.032748892242891                  
3       9              0.03271090962334841                
21      38             0.03267459738426106                
21      22             0.03266800038908775                
16      21             0.03244238868737341                
21      37             0.03227516210492894                
21      39             0.032006620142286245               
9       42             0.0319437557898439                 
21      30             0.03185143147339466                
13      40             0.031304971753731786               
18      19             0.031153874947211044               
18      27             0.031030545936408513               
33      34             0.031019138775838256               
2       8              0.030944908739690205               
9       15             0.030900205855926857               
18      21             0.030667506618884344               
7       13             0.030482647611001154               
8       12             0.030366713176420507               
15      25             0.030186728773872337               
5       6              0.03012318145621229                
16      39             0.030025587604352436               
22      39             0.029739448602910015               
30      37             0.02969263168782945                
22      30             0.029640777188151543               
19      30             0.02958525894833785                
30      39             0.029459718858647573               
4       11             0.029222117570231895               
15      24             0.029019708105914463               
22      38             0.028947865272613983               
18      22             0.02882379511747587                
27      30             0.028813768827352308               
9       34             0.02878472826542655                
8       40             0.02873238579884274                
16      37             0.028728938362255346               
18      30             0.02868908242422149                
9       23             0.028511738016701843               
18      37             0.028424184887447836               
8       17             0.028331256909402483               
39      40             0.02824533873004248                
27      38             0.028096800259517093               
16      30             0.02808230255424131                
18      39             0.027907649775629616               
2       40             0.027898949851156013               
10      11             0.027828856937428273               
21      27             0.027752415334849394               
11      15             0.027717557464303474               
18      38             0.026921204617763858               
16      18             0.026646327981401603               
5       20             0.026341347532868792               
27      31             0.026309164764553056               
14      28             0.025990160469568258               
23      33             0.02590760840876953                
24      28             0.025335821036888334               
27      37             0.025256038563851453               
3       43             0.025192645809509917               
37      41             0.025170276476662812               
35      37             0.02509618187576107                
29      33             0.02500057433299578                
1       31             0.024860014853029494               
24      36             0.0247341519548389                 
7       16             0.024642490559843605               
26      27             0.02459309198437752                
27      39             0.024570904319413472               
10      14             0.024564817551413515               
22      27             0.024546492998778764               
10      26             0.02408087523885294                
23      42             0.024028655999262863               
38      41             0.023891721778240428               
24      29             0.023862678315491936               
2       14             0.023845597708457275               
16      27             0.023824453340424448               
39      41             0.023671268579604395               
10      33             0.023486102796214506               
26      43             0.023321330726784398               
2       7              0.023157099846655677               
20      38             0.02314075305384418                
21      26             0.02311849553986197                
20      21             0.0225516248153326                 
1       28             0.02251697570971327                
28      43             0.022202879782869833               
8       15             0.022187942293108068               
25      27             0.021635822134233554               
10      36             0.02158345072094242                
31      33             0.021467710082694214               
15      35             0.02136719009923603                
6       14             0.021068881431934805               
19      43             0.02092906633964091                
32      38             0.02066378550834154                
14      17             0.0206477333436077                 
21      35             0.020611862670570955               
5       14             0.020214680467831106               
20      39             0.020179286272973974               
30      35             0.02011308108662617                
20      37             0.019764713271807482               
4       24             0.019456564019430314               
5       8              0.019330649401196748               
14      31             0.01930547707371695                
20      22             0.019294857105465954               
36      39             0.01926685940458589                
3       34             0.019187360837605097               
13      30             0.018968209935401548               
35      39             0.018890457130704766               
22      41             0.01885684955090481                
22      23             0.01862415007337248                
9       13             0.018594677435389173               
21      25             0.01856550786410016                
4       17             0.018331473460832984               
16      20             0.018248003810787533               
25      26             0.018235052433444962               
6       9              0.018210579218444822               
20      30             0.018131882941362677               
21      32             0.01808651997757952                
26      37             0.01802939735929064                
30      32             0.017926324284588548               
16      36             0.01778884658137156                
16      35             0.01772702850414859                
22      32             0.017676658777029737               
12      31             0.01760071767614689                
13      14             0.017562007749428066               
6       15             0.017542309345453158               
12      19             0.017509137480740927               
32      37             0.016694865710638045               
2       33             0.016671197068615723               
36      37             0.016497803230836272               
19      33             0.01645085559026123                
35      38             0.01636911595074715                
6       7              0.015892764022735567               
27      32             0.015748712109713847               
24      34             0.015635778800039538               
18      35             0.01554972453142106                
12      28             0.015158706977549827               
19      37             0.015107182965987342               
26      30             0.014881382837197574               
21      41             0.01487388014423676                
38      40             0.014729231726890425               
32      39             0.014721479656235874               
18      32             0.014347639658392766               
10      20             0.014256334362965431               
6       8              0.01415705322011121                
4       20             0.01392934367075746                
19      39             0.013889475901088896               
18      20             0.013618553513171948               
37      40             0.013450842032220238               
14      25             0.013412238075806243               
22      26             0.013360580755397408               
27      41             0.013208274001081488               
29      41             0.013187936007044543               
2       13             0.013168509006774687               
19      27             0.013017213720476144               
32      36             0.013015450299258893               
31      43             0.012958153534160938               
32      33             0.01290198110309193                
19      38             0.012514511675672434               
15      27             0.012286143714610509               
11      19             0.012131428565708272               
8       11             0.012043277891636783               
6       22             0.012040841404893546               
16      41             0.012015662606724202               
25      38             0.011997959234725991               
26      39             0.01197530420568376                
36      38             0.011913123839207049               
26      35             0.011901794828397524               
20      27             0.011899956502646657               
11      42             0.011740349353095675               
26      38             0.011693022508770669               
25      40             0.011690447701347126               
27      35             0.011288470591295535               
16      26             0.011236602318689365               
2       17             0.011196180154903215               
36      42             0.011184734314645006               
11      26             0.011031594974758877               
22      36             0.010873182803741901               
25      30             0.010687195604417735               
11      17             0.010686858488575035               
21      28             0.010639657958836243               
30      41             0.01063668212038113                
21      31             0.010574990892679409               
26      41             0.010563093258470824               
22      25             0.010544138119709695               
3       23             0.010396374823462992               
25      37             0.010344987178601682               
8       42             0.010342697657661423               
18      31             0.010200108146335471               
13      21             0.010141605069875548               
16      19             0.010121886353657364               
14      41             0.010095532508178517               
19      21             0.010078844971584941               
17      43             0.009973808429031922               
17      21             0.00988854109521084                
13      37             0.009562044697337388               
10      18             0.009512379100294024               
5       41             0.009472266675290046               
14      40             0.009462317458131572               
20      35             0.009302308871942624               
1       8              0.009266851937562284               
11      14             0.009201129336924213               
21      36             0.009076926276241848               
2       34             0.009046243116121636               
6       27             0.008836875067163949               
28      30             0.008819561330355788               
8       20             0.008744148759639817               
17      37             0.008652896157364767               
17      38             0.008530412252124794               
21      34             0.008477655757251804               
6       21             0.00845749269863158                
3       10             0.008393297511906136               
22      31             0.0082914910260075                 
24      31             0.008237463700308909               
21      23             0.008209574500764566               
39      42             0.00819993240935002                
17      39             0.0081858922381043                 
7       21             0.008002560728323213               
25      39             0.00800218575973459                
22      28             0.007859704015481084               
7       24             0.007667857306408621               
19      22             0.0076657233679463255              
10      12             0.007587357006830053               
18      41             0.007511536701856884               
28      37             0.007497524166692679               
4       34             0.0074563033749187185              
3       7              0.007434441537175859               
10      43             0.00735810188246655                
11      34             0.007308980125769193               
4       15             0.007246701318401411               
16      25             0.007179570785394843               
5       19             0.007107727657348975               
28      39             0.007059377952213397               
30      36             0.0070482442486162755              
4       13             0.007006210615693731               
17      22             0.006982323661662654               
7       22             0.006917662902644811               
2       43             0.006890207985349658               
20      32             0.006798934605664282               
28      38             0.006797334553125367               
2       3              0.006783039710107089               
22      34             0.006528460219622972               
11      40             0.006509823475667947               
31      37             0.006494995345439611               
13      43             0.006477869670174871               
3       40             0.00647015911891459                
30      31             0.006348447827993653               
17      30             0.00628838130745929                
13      38             0.0062843803939030135              
31      39             0.006243849965925169               
13      39             0.0061715892422985474              
7       11             0.0060935885760756425              
41      42             0.006036255035212448               
2       26             0.005981640741104299               
34      37             0.00597487649340564                
18      25             0.005865303731569058               
31      38             0.0058024829056064625              
6       13             0.005801424506699127               
21      29             0.005781440377545091               
33      41             0.005728236264540235               
23      37             0.00572217544019285                
30      34             0.005668930147181062               
18      26             0.005593852388250442               
34      39             0.005574741652942777               
16      31             0.005504448942006468               
13      22             0.005343916561211068               
16      17             0.005322909132978185               
16      34             0.005256738733769278               
4       5              0.005239486358511222               
29      36             0.005206897445489522               
23      30             0.005171400804494866               
23      39             0.005032393825100193               
17      32             0.004966374763147777               
34      38             0.004890411481629595               
16      28             0.00484716308905267                
5       36             0.004832020075410198               
7       14             0.004795135933428632               
16      23             0.004757942560834158               
23      38             0.0047546575556200316              
27      42             0.004602460121247473               
23      24             0.0045775091063583045              
13      24             0.004478006299579035               
8       19             0.0043875378728539804              
5       26             0.004263538734091812               
29      30             0.00421414682095797                
3       33             0.004151472346195131               
13      16             0.004000333439903317               
10      19             0.003914153730619582               
6       38             0.003814926186755087               
22      29             0.0037684201076133017              
3       20             0.0037445587991293133              
29      39             0.0035923383233522482              
4       41             0.0034910147381293916              
27      29             0.003449533283509665               
18      28             0.003402843042595416               
14      20             0.0033252780845682978              
21      40             0.003273233715489557               
34      42             0.0032111482609875758              
29      37             0.00316045630084269                
3       11             0.0030638953065984242              
19      42             0.0030475760834266646              
18      34             0.002836996325575672               
26      42             0.002806310696157749               
15      16             0.0027690929011754545              
18      23             0.0025932881836673027              
15      38             0.0023742300110335263              
17      18             0.002230796267738533               
16      29             0.0021829782236159334              
6       37             0.002162699518615814               
7       38             0.002056276549271041               
27      34             0.001971323257749555               
29      38             0.001902812616461802               
23      27             0.0016967855383764469              
12      40             0.0016452883368693744              
6       30             0.001634060554742238               
4       9              0.0015567912885221108              
35      41             0.0013240541938576988              
20      25             0.0012691668071618117              
13      42             0.000952383114906516               
1       42             0.0008274002829927601              
35      40             0.0008011716265350494              
16      33             0.0007959509670524278              
27      28             0.0005761230011867569              
29      32             0.0003491658426444666              
30      42             0.0003275283992472955              
22      40             0.00030253847532714373             
6       16             0.0002049182186691298              
1       15             5.952502519517011e-05              
17      27             -1.6653283568590638e-05            
18      29             -0.0001412711546934925             
20      43             -0.00019350717673721762            
4       32             -0.00022951011639582575            
6       43             -0.00029931515256449714            
6       39             -0.0003885036202524103             
23      35             -0.0004920017005439342             
7       39             -0.0005873119008323879             
1       9              -0.0006706244306070586             
7       32             -0.0006946782406032082             
18      36             -0.0008439143043170033             
11      23             -0.0009352667881242921             
7       30             -0.0010219495318535346             
4       26             -0.0010794864331316323             
17      36             -0.0011208508588889943             
2       23             -0.001376477219008243              
16      40             -0.0015647698826766337             
1       10             -0.0016168571829421607             
11      36             -0.0016178469035403598             
27      36             -0.001620761256503192              
5       11             -0.001730354203626383              
19      20             -0.0018212808648786771             
8       26             -0.001858021162806034              
23      36             -0.0019343018460685063             
9       18             -0.0019481349178671614             
34      43             -0.0019684514026839933             
13      27             -0.0019720621736655716             
7       37             -0.002038210206547493              
11      33             -0.0020650283622151155             
40      43             -0.0020835674859271958             
25      31             -0.002095437233729805              
4       29             -0.002097293380514967              
6       18             -0.002281142745861331              
15      21             -0.002309215442986609              
30      40             -0.0023833025812538128             
7       12             -0.0023902140119041043             
14      18             -0.00239934969943513               
10      42             -0.0024168673024962117             
1       25             -0.0024930145996172742             
25      36             -0.0026300541999228766             
12      42             -0.0026702854191366227             
26      29             -0.002745672441469879              
17      29             -0.00308150638688702               
23      43             -0.003223808998225053              
20      41             -0.0033212448797617367             
34      35             -0.0033273795084470398             
14      15             -0.003410930380943672              
36      41             -0.003422406766127359              
24      42             -0.003436443858990626              
20      36             -0.0035339537240102747             
12      33             -0.0036699234217163895             
4       31             -0.003771785053243229              
17      20             -0.003823132363819856              
14      23             -0.0038895100743547295             
13      18             -0.003917798531986955              
4       43             -0.003946746716449762              
9       12             -0.003975595422248082              
36      40             -0.004125652781930431              
40      42             -0.004169852875183011              
9       41             -0.004229973868978068              
5       30             -0.004245747951073922              
29      43             -0.0042809543390939925             
19      35             -0.004550354413273658              
15      39             -0.004639625959369398              
24      32             -0.004652123160493113              
33      35             -0.004669509141138631              
15      37             -0.004692415978695991              
8       18             -0.004702253881619475              
6       29             -0.004853333139789862              
14      26             -0.004979228147306114              
14      29             -0.004990066151485312              
32      41             -0.005006486675227018              
20      34             -0.005080170842149193              
24      26             -0.005103837773498543              
28      35             -0.005167448941303443              
10      27             -0.005202592880827958              
20      31             -0.005310538456151259              
21      33             -0.005351589713268601              
17      25             -0.005393355889016252              
14      19             -0.00546508272460712               
26      40             -0.005543383228449439              
15      30             -0.0055951165681200205             
24      27             -0.00576016267493859               
23      25             -0.005788806765648288              
22      42             -0.005805116595755916              
7       27             -0.005825603499237102              
1       32             -0.005884422331496594              
15      22             -0.005921711432231899              
6       33             -0.006054615624891693              
18      40             -0.006175242404887968              
22      33             -0.006264162161378456              
19      32             -0.006330425681722533              
15      41             -0.00633213795034758               
20      28             -0.006492440491411955              
31      35             -0.006518802048100639              
25      42             -0.006574935255540107              
7       28             -0.006693992828576745              
27      40             -0.006777241158250756              
20      23             -0.007026267802346026              
35      36             -0.0070636908500529005             
9       40             -0.007204857731459305              
33      37             -0.0072671568533650005             
30      33             -0.007482159692708074              
37      42             -0.007538262099554882              
4       35             -0.007559970437995792              
4       23             -0.007569453137551654              
25      29             -0.00778004488439607               
17      35             -0.007805413044538662              
33      38             -0.008090239259816195              
33      39             -0.008205805482101966              
13      35             -0.008251916083097832              
32      34             -0.008316202831635477              
29      35             -0.008380604803242028              
14      42             -0.008396390058401648              
15      36             -0.00840260933713377               
25      41             -0.008446208194238365              
23      32             -0.008472350178091115              
27      33             -0.008482822082506558              
3       18             -0.008522034184116817              
14      24             -0.008543255319986343              
3       15             -0.008850594519464752              
38      42             -0.008876847760096493              
1       7              -0.008937562809298985              
20      29             -0.009081513369468122              
13      28             -0.009126784034603139              
21      24             -0.009150698392402082              
22      24             -0.00923856530304401               
13      33             -0.009475393923223718              
11      35             -0.009561598103961733              
24      37             -0.009583246596454917              
1       19             -0.009585115404668776              
16      24             -0.009625099670521525              
14      27             -0.009743209448703771              
2       31             -0.009825149716217882              
24      38             -0.010091198517412789              
1       17             -0.010149923542049175              
24      41             -0.010157653095128824              
10      30             -0.010252506792036778              
24      30             -0.010286482411100764              
15      18             -0.010321138243430505              
3       14             -0.010333146676810873              
7       18             -0.010351962667202494              
34      36             -0.010466617365302425              
26      32             -0.010473197890752337              
7       35             -0.010666926748943664              
24      40             -0.010717897487200478              
24      39             -0.010758063678595622              
14      34             -0.01075978925685861               
13      19             -0.010789659490495915              
14      21             -0.010907646342059873              
6       24             -0.01098451446917828               
18      33             -0.01110877487355326               
5       10             -0.01112038430351811               
35      42             -0.011234724346972452              
19      23             -0.011277693811211784              
12      34             -0.011392444295125759              
26      33             -0.011465652314778932              
26      36             -0.011536776209581628              
12      15             -0.011544563990197362              
23      26             -0.011611956222745065              
4       25             -0.011632004478740174              
19      26             -0.01194875881088002               
28      32             -0.012089822717596177              
7       26             -0.01217690752270243               
26      34             -0.012232027538358128              
9       10             -0.0124217576426454                
28      36             -0.012442949772203227              
18      24             -0.012572790866809472              
8       25             -0.0126201826147994                
17      26             -0.012636156600254592              
7       43             -0.01264995305576834               
1       40             -0.012731194883263075              
31      32             -0.012756035265903548              
12      13             -0.012846908283566244              
6       17             -0.01291858221742502               
19      40             -0.012921508672367521              
11      31             -0.0130016908941777                
31      41             -0.013037647888098886              
1       16             -0.013083395151272326              
17      41             -0.013088055750911695              
13      20             -0.013106025147706549              
13      32             -0.013177714330782755              
13      41             -0.013245938555405443              
25      34             -0.013365085084970918              
2       41             -0.013573878790621191              
21      42             -0.013655176247873185              
6       40             -0.013825423009152613              
26      31             -0.013835227810820847              
20      40             -0.013889027877274765              
7       9              -0.014084494176717477              
4       28             -0.014164754931866322              
14      16             -0.014196491025615196              
40      41             -0.014307880161806619              
6       41             -0.014364173578397567              
25      28             -0.014401759953178592              
7       19             -0.014573185231228789              
26      28             -0.014584460283931053              
19      28             -0.014666417879698745              
6       19             -0.014688235810160613              
16      42             -0.014825025105929021              
1       13             -0.014944781900034745              
12      36             -0.014949432044970706              
12      17             -0.014979008108885722              
14      35             -0.014989545339087515              
4       14             -0.015060913746512125              
20      24             -0.0151329537546709                
11      25             -0.015189154484021916              
28      41             -0.015282812034199192              
13      36             -0.01544145728380994               
32      40             -0.015539282305367476              
7       41             -0.015554780718256424              
13      25             -0.015604085449805863              
19      41             -0.01571923087281741               
6       10             -0.015812551842802808              
1       43             -0.015946025296833602              
13      26             -0.015970122136479248              
29      42             -0.015991907905623617              
15      31             -0.016025550661985938              
19      34             -0.01606624477446747               
3       19             -0.01607202676313768               
20      33             -0.0161757793594957                
7       20             -0.016238652500182096              
3       4              -0.016522247000046814              
7       42             -0.016588788429899914              
15      19             -0.01659764673055146               
15      20             -0.016708755662356314              
6       20             -0.016784113693470125              
12      25             -0.017024676537460787              
3       41             -0.01720337363528457               
14      37             -0.017319225693850165              
31      36             -0.01732503412032678               
1       34             -0.01740866218847148               
19      25             -0.017456196478074018              
13      23             -0.017610980219793668              
8       41             -0.01762069401270301               
5       33             -0.017673648073952594              
6       26             -0.017853821140629486              
10      22             -0.017862826911549917              
8       13             -0.018026064679018447              
24      35             -0.018173463861649156              
23      31             -0.018217366294643683              
14      39             -0.01821794394109741               
12      23             -0.01834240323932909               
19      29             -0.01835121385146732               
17      19             -0.018369361262985037              
25      43             -0.01855018501127803               
17      28             -0.018563142169241265              
7       25             -0.018617547557793185              
12      32             -0.018788117447515976              
6       23             -0.018806927977070342              
23      28             -0.01887831309555696               
2       35             -0.01891437279167353               
7       36             -0.01893217898596286               
7       29             -0.018969338400586414              
5       42             -0.019066236146062746              
10      21             -0.01922272342534133               
31      34             -0.019251613096669895              
19      31             -0.01927337544013319               
17      23             -0.019342683954500076              
28      34             -0.019448987928154332              
6       34             -0.019595831471209524              
23      29             -0.01964226480268079               
14      38             -0.01975147783752762               
17      34             -0.01992952938347671               
13      34             -0.020127634817151727              
13      17             -0.020253884498527525              
17      31             -0.02028211729527986               
7       23             -0.02029919812628518               
13      31             -0.020470911875872425              
3       39             -0.020481765027720686              
1       27             -0.020581513460813314              
23      40             -0.020690168303628048              
13      29             -0.020906757230935047              
29      34             -0.02102947874781025               
2       19             -0.02116159040868018               
14      30             -0.02129672088764019               
14      22             -0.021334241748934973              
12      43             -0.02146279956373981               
10      15             -0.021588663302969838              
1       35             -0.02161064122409681               
5       22             -0.021623767717375536              
9       24             -0.021633018401699233              
9       25             -0.02164071069054109               
5       25             -0.021795246463535714              
12      41             -0.02181984365031632               
28      42             -0.02184647052778982               
41      43             -0.02187406148001915               
5       38             -0.02195273779988778               
3       26             -0.022083386582083378              
12      16             -0.022297409998846024              
2       28             -0.02231226718817514               
2       25             -0.022352341292197653              
12      14             -0.02257193662013826               
6       28             -0.022789780755605907              
34      40             -0.022905355898625093              
7       34             -0.023079395180002737              
8       24             -0.023230233135027395              
25      33             -0.023236484210595584              
6       31             -0.023476089027817282              
17      33             -0.023535196120299584              
3       38             -0.023650045445318485              
8       36             -0.023947668993366894              
3       37             -0.024286091174282626              
7       31             -0.024288993866637937              
5       7              -0.02435799128129118               
15      33             -0.02436278877094629               
1       36             -0.024510359992888975              
35      43             -0.02453257448533891               
5       21             -0.02470730962794615               
1       6              -0.02471032830348055               
31      40             -0.024723718667209127              
29      40             -0.02477797180427832               
3       35             -0.024925448329539704              
7       17             -0.024952176016050168              
9       33             -0.025151153366661447              
28      40             -0.02534375930660819               
6       12             -0.025390394830573565              
15      26             -0.025543692080362793              
31      42             -0.025554126322404225              
33      40             -0.0256007872259095                
8       23             -0.02570671826558399               
1       23             -0.025732271269620896              
24      25             -0.02604820033916956               
9       26             -0.026087025207515657              
12      27             -0.026114126487780276              
5       24             -0.026182883149180103              
3       25             -0.02620006540370004               
3       30             -0.02639787544072862               
3       42             -0.026408400150347164              
11      20             -0.02641639220293901               
17      40             -0.026485967967874474              
33      36             -0.026577138061303435              
11      32             -0.026610571927192045              
2       24             -0.02674448047647797               
15      29             -0.026851667373442842              
18      42             -0.02691456079315893               
1       33             -0.027060145939742375              
5       16             -0.02727887106087186               
15      23             -0.027298999664478282              
10      38             -0.027346499250976167              
5       40             -0.02736605197283977               
9       19             -0.02741834937114826               
11      28             -0.027466507557641892              
10      37             -0.027490396079815335              
3       21             -0.027495763323304404              
2       29             -0.027558966837049323              
8       29             -0.02776974358865568               
2       36             -0.027852702460969325              
6       42             -0.02798910877827611               
32      43             -0.028153483543490676              
9       22             -0.028198556754362225              
8       32             -0.02821316812611481               
9       29             -0.028234576217924037              
6       11             -0.028447161324010123              
8       22             -0.02856232153252808               
15      34             -0.028613284700197597              
3       24             -0.02863435990183591               
10      39             -0.028690869515143894              
5       37             -0.028893139910835697              
13      15             -0.0289636544066932                
2       18             -0.029074980651405666              
8       34             -0.02909474402734402               
10      25             -0.029200642065347795              
12      35             -0.02920779476312975               
7       33             -0.02931706661985818               
10      41             -0.02933512857294951               
11      27             -0.02956927093094748               
10      16             -0.029621974146319757              
18      43             -0.02967364608366216               
4       36             -0.029696624079033923              
5       39             -0.02970592691454456               
3       22             -0.029737729975881047              
14      32             -0.02982582830627671               
3       32             -0.02994402395114372               
1       20             -0.030121195027740785              
12      20             -0.030325075503324764              
8       31             -0.03040333422285285               
7       15             -0.030554656519530807              
3       16             -0.03061310455566532               
5       27             -0.03076565432917338               
3       27             -0.030965034778193415              
8       21             -0.03099040081098331               
9       21             -0.031053414225032175              
5       31             -0.031145903269516134              
5       35             -0.0312772675461766                
9       31             -0.031321808331738504              
2       32             -0.031327500574367284              
9       35             -0.03158106445149862               
2       6              -0.031703037783305604              
9       27             -0.03184419647073769               
2       20             -0.03216986765895556               
9       32             -0.03218913919758788               
8       27             -0.032311034837902694              
33      42             -0.0323518554581462                
15      28             -0.032534700169308775              
20      42             -0.03277180707819495               
11      41             -0.03303873529783924               
1       41             -0.033056790629187274              
3       17             -0.03329130145437184               
9       28             -0.033390008405517646              
10      28             -0.033408377276354234              
8       35             -0.03383429474942215               
10      35             -0.03384112269333177               
11      18             -0.033949126334930774              
1       39             -0.034006021871969286              
11      29             -0.034067041079201124              
1       37             -0.034150101510635356              
1       38             -0.034267249675604156              
1       30             -0.034302683376773516              
15      40             -0.03439909775878394               
8       37             -0.03449939311186473               
8       28             -0.0346340359871385                
9       20             -0.03501631319347549               
1       22             -0.03502321458209032               
10      17             -0.03601334272410499               
10      31             -0.036087909985672115              
4       19             -0.03609484460618642               
5       28             -0.0361936306123431                
10      23             -0.03621503177859403               
9       36             -0.03624511031089493               
5       17             -0.03640290944182198               
10      32             -0.03640898760008213               
8       39             -0.036575011672328586              
4       37             -0.03676209453069684               
8       16             -0.03676998848122337               
9       37             -0.037017840742339644              
8       30             -0.03702266621852106               
1       18             -0.03719208672984231               
9       16             -0.03768897945217857               
9       30             -0.03787397390992436               
4       33             -0.038351160831746056              
1       21             -0.038479889383253765              
10      29             -0.03848713934700808               
8       38             -0.03881098415080382               
32      42             -0.03892223996752622               
10      34             -0.0390399421515962                
4       30             -0.039118913367746797              
12      18             -0.03925605234428958               
9       39             -0.03931565441261681               
5       29             -0.03941370009993339               
4       39             -0.03950659499477667               
9       38             -0.039910126690772665              
3       6              -0.040619491483233336              
12      38             -0.04146347483204049               
1       14             -0.041678718140775006              
1       26             -0.041698218209697796              
3       36             -0.04171501623665663               
12      26             -0.04192275232768643               
5       32             -0.04214911469925624               
5       18             -0.04241673469425393               
27      43             -0.0434447554034611                
4       38             -0.04356608640799978               
4       21             -0.04432339221759303               
12      30             -0.044593277610490006              
5       15             -0.04468266344686421               
12      22             -0.04485867112865746               
4       22             -0.04543489412504277               
12      39             -0.04643867053384765               
12      37             -0.04650496811860916               
12      21             -0.0471464993640925                
4       18             -0.047319883188172956              
11      16             -0.04812336678118628               
16      43             -0.04813743093543482               
38      43             -0.04836334600150724               
4       27             -0.049709905074779945              
4       16             -0.04974916672353359               
30      43             -0.050269300896740934              
14      33             -0.05050547580203431               
2       30             -0.0509528997355853                
22      43             -0.05108307455436817               
11      30             -0.05188661712938769               
1       24             -0.05188843387061248               
39      43             -0.052337453515676924              
3       13             -0.052942838937225525              
11      22             -0.053446493283115945              
11      39             -0.05400579257259633               
11      37             -0.05406873350030586               
11      38             -0.05431106558868391               
2       39             -0.05454418468349734               
11      21             -0.05490413029279752               
2       27             -0.05527605680666847               
37      43             -0.05618332115985779               
21      43             -0.057417190312467614              
12      24             -0.05818608596034906               
2       38             -0.05946273792310028               
2       16             -0.06021194362458504               
2       37             -0.06056162647667784               
2       21             -0.0634543977206803                
2       22             -0.06592996790358435               
11      24             -0.07012682016685169               
