#======================================================================
# PARAMETERS USED FOR THIS COMPUTATION: 
#      Sequence type: RNA
#      Total number of sequences in alignment data: 13
#      Length of sequences in alignment data: 49
#      Effective number of sequences: 3.5956349206349207
#      Value of sequence identity: 0.8
#      Value of relative pseudocount: 0.5
# The First and Second columns represent sites and the
# Third column is MFDCA Frobenius norm, average product corrected (APC) DCA score
#======================================================================
9       21             1.5246332345752136                 
9       48             1.420948165867697                  
20      21             0.9767466149871231                 
10      25             0.9244504329177944                 
1       20             0.8962963138029996                 
9       20             0.840770625887524                  
3       10             0.7987005736323074                 
3       25             0.7987005736323058                 
20      37             0.7802328505587592                 
2       3              0.7429884549886245                 
7       15             0.6932151738291721                 
48      49             0.6855819030499245                 
2       49             0.6818220524676188                 
25      44             0.6795879436665503                 
10      44             0.6795879436665488                 
10      49             0.6603230765344444                 
25      49             0.6603230765344434                 
19      35             0.6376182308228302                 
2       48             0.6337250027207174                 
25      48             0.6221871026221948                 
10      48             0.6221871026221938                 
2       9              0.5576447235212221                 
7       34             0.5412189822891403                 
3       49             0.5317042263989045                 
3       44             0.5283413105807443                 
15      34             0.5201544913982354                 
3       48             0.5009693884066431                 
15      19             0.4792680457530935                 
15      35             0.47926804575309334                
44      49             0.43611670890101306                
2       25             0.43433606982125117                
2       10             0.43433606982125106                
44      48             0.41545733370226823                
34      35             0.4129646643804029                 
19      34             0.4129646643804004                 
1       9              0.3987094704831098                 
19      49             0.3884281177577128                 
35      49             0.3884281177577121                 
7       35             0.38390663985936013                
7       19             0.3839066398593601                 
19      22             0.38170466242684825                
22      35             0.38170466242684664                
2       20             0.37114679667763756                
19      48             0.3699715416244261                 
35      48             0.36997154162442486                
31      40             0.35429570901126006                
31      43             0.35429570901125984                
26      31             0.3542957090112598                 
28      40             0.3542957090112598                 
28      43             0.3542957090112597                 
23      28             0.35429570901125923                
23      31             0.3542957090112586                 
40      43             0.35429570901125856                
26      28             0.35429570901125834                
28      31             0.3542957090112575                 
18      31             0.35429570901125734                
8       28             0.35429570901125723                
11      18             0.35429570901125695                
11      26             0.35429570901125673                
11      23             0.3542957090112567                 
18      28             0.3542957090112567                 
8       26             0.3542957090112564                 
18      26             0.3542957090112562                 
11      40             0.3542957090112561                 
8       18             0.35429570901125607                
23      26             0.35429570901125595                
11      43             0.35429570901125595                
8       23             0.3542957090112559                 
18      23             0.3542957090112559                 
18      40             0.3542957090112558                 
8       40             0.3542957090112557                 
8       43             0.3542957090112556                 
18      43             0.3542957090112555                 
8       11             0.35429570901125534                
8       31             0.3542957090112553                 
23      40             0.354295709011255                  
23      43             0.35429570901125484                
11      28             0.35429570901125446                
11      31             0.3542957090112542                 
26      40             0.3542957090112538                 
26      43             0.3542957090112536                 
9       49             0.33615357048170735                
34      49             0.3356762435590569                 
20      49             0.31305367682751273                
10      20             0.30346306641190035                
20      25             0.30346306641189985                
31      37             0.2732919309331025                 
28      37             0.27329193093310244                
37      43             0.27329193093310106                
37      40             0.273291930933101                  
26      37             0.2732919309330993                 
18      37             0.27329193093309917                
11      37             0.27329193093309856                
8       37             0.27329193093309734                
23      37             0.2732919309330971                 
3       20             0.26869818935913453                
20      48             0.26071010311201476                
1       21             0.25414148315206264                
15      49             0.2521299609272081                 
34      48             0.24603136720344954                
34      45             0.24088861173703363                
15      48             0.2333283780966403                 
1       37             0.2332534827031999                 
2       21             0.23215277579397514                
2       35             0.22847235297062463                
2       19             0.22847235297062418                
9       25             0.22655455880871345                
9       10             0.22655455880871256                
15      22             0.22101867353565546                
8       15             0.2070967638894215                 
15      26             0.20709676388942005                
15      18             0.20709676388941994                
15      43             0.20709676388941972                
15      40             0.20709676388941967                
15      23             0.20709676388941928                
11      15             0.2070967638894184                 
15      31             0.20709676388941767                
15      28             0.2070967638894166                 
8       13             0.20607287973742666                
11      13             0.20607287973742616                
13      26             0.20607287973742552                
13      23             0.20607287973742472                
13      31             0.20607287973742464                
13      18             0.2060728797374244                 
13      43             0.20607287973742386                
13      40             0.2060728797374238                 
13      28             0.20607287973742364                
20      45             0.18862207043456736                
22      34             0.1769079430799126                 
9       35             0.17466776507999887                
9       19             0.17466776507999826                
7       49             0.17044520141873842                
22      49             0.16809683744879445                
1       10             0.1610873114486494                 
1       25             0.16108731144864935                
7       48             0.15874745654139333                
1       3              0.15633588021038353                
22      48             0.15298176489854093                
2       44             0.14497518761892625                
18      34             0.1445173840160876                 
8       34             0.14451738401608727                
26      34             0.14451738401608727                
11      34             0.14451738401608705                
23      34             0.14451738401608666                
31      34             0.14451738401608472                
28      34             0.14451738401608466                
34      40             0.14451738401608444                
34      43             0.1445173840160841                 
45      49             0.14439172958488983                
3       21             0.14201157219631322                
13      37             0.13456319822243318                
7       28             0.13083071651448608                
7       31             0.1308307165144857                 
7       18             0.13083071651448513                
7       40             0.13083071651448513                
7       26             0.1308307165144849                 
7       43             0.1308307165144848                 
7       8              0.13083071651448475                
7       23             0.1308307165144847                 
7       11             0.13083071651448452                
15      37             0.12555080240110245                
6       32             0.12368440171761011                
5       32             0.12368440171761008                
5       27             0.12368440171761005                
6       27             0.12368440171761005                
4       27             0.12368440171760964                
4       32             0.12368440171760958                
12      30             0.12368440171760778                
6       33             0.12368440171760767                
12      47             0.12368440171760764                
12      41             0.12368440171760764                
12      42             0.12368440171760764                
12      36             0.12368440171760761                
12      46             0.12368440171760758                
6       29             0.12368440171760758                
12      38             0.12368440171760756                
12      33             0.1236844017176075                 
12      39             0.12368440171760745                
12      29             0.12368440171760742                
6       30             0.12368440171760739                
4       29             0.12368440171760722                
6       36             0.12368440171760722                
6       41             0.12368440171760711                
4       33             0.12368440171760708                
6       46             0.12368440171760708                
6       38             0.123684401717607                  
6       42             0.12368440171760695                
4       30             0.12368440171760692                
6       47             0.12368440171760692                
6       39             0.12368440171760689                
4       36             0.12368440171760686                
5       42             0.12368440171760683                
5       30             0.1236844017176068                 
4       39             0.1236844017176068                 
5       46             0.12368440171760678                
5       47             0.12368440171760678                
5       36             0.12368440171760675                
5       41             0.12368440171760672                
5       33             0.1236844017176067                 
5       39             0.1236844017176067                 
4       41             0.1236844017176067                 
4       42             0.1236844017176067                 
4       46             0.12368440171760667                
4       47             0.12368440171760667                
4       38             0.12368440171760664                
5       29             0.12368440171760661                
5       38             0.12368440171760658                
14      42             0.12368440171760642                
14      36             0.12368440171760639                
14      38             0.12368440171760639                
14      39             0.12368440171760639                
14      46             0.12368440171760636                
14      47             0.12368440171760636                
14      41             0.12368440171760631                
14      29             0.12368440171760625                
17      38             0.12368440171760622                
17      39             0.12368440171760622                
14      30             0.12368440171760622                
17      47             0.1236844017176062                 
17      42             0.12368440171760617                
17      46             0.12368440171760614                
16      38             0.12368440171760611                
17      36             0.12368440171760611                
14      33             0.12368440171760611                
16      39             0.12368440171760606                
17      41             0.12368440171760606                
16      36             0.123684401717606                  
16      46             0.12368440171760589                
16      47             0.12368440171760589                
16      41             0.12368440171760589                
16      42             0.12368440171760589                
14      32             0.12368440171760567                
14      27             0.12368440171760559                
24      42             0.12368440171760553                
24      47             0.12368440171760547                
24      41             0.12368440171760542                
24      36             0.12368440171760539                
24      46             0.12368440171760531                
16      29             0.12368440171760528                
24      38             0.12368440171760528                
24      39             0.12368440171760522                
17      29             0.1236844017176052                 
16      30             0.12368440171760517                
17      30             0.12368440171760511                
17      33             0.12368440171760511                
16      33             0.12368440171760506                
12      32             0.12368440171760467                
12      27             0.12368440171760459                
24      30             0.12368440171760456                
16      32             0.1236844017176045                 
24      33             0.12368440171760439                
24      29             0.12368440171760431                
16      27             0.12368440171760411                
4       16             0.12368440171760409                
17      32             0.123684401717604                  
6       16             0.12368440171760375                
17      27             0.12368440171760345                
5       16             0.12368440171760336                
17      24             0.12368440171760264                
6       14             0.12368440171760256                
5       6              0.12368440171760253                
4       6              0.12368440171760253                
12      24             0.12368440171760234                
5       12             0.12368440171760217                
5       14             0.12368440171760217                
4       14             0.12368440171760214                
16      24             0.12368440171760203                
16      17             0.12368440171760187                
6       24             0.12368440171760176                
6       12             0.12368440171760167                
12      17             0.12368440171760156                
6       17             0.12368440171760142                
4       12             0.12368440171760126                
5       24             0.12368440171760126                
4       24             0.1236844017176012                 
24      32             0.12368440171760117                
5       17             0.12368440171760114                
14      24             0.1236844017176009                 
4       17             0.12368440171760084                
14      17             0.12368440171760084                
24      27             0.1236844017176007                 
12      14             0.12368440171760062                
14      16             0.12368440171759973                
12      16             0.1236844017175994                 
4       5              0.12368440171759895                
38      39             0.1236844017175974                 
36      42             0.1236844017175974                 
36      46             0.12368440171759737                
36      39             0.12368440171759734                
32      41             0.12368440171759734                
36      41             0.12368440171759734                
33      46             0.12368440171759731                
32      38             0.12368440171759729                
32      39             0.12368440171759729                
33      36             0.12368440171759729                
33      38             0.12368440171759729                
33      39             0.12368440171759729                
30      42             0.12368440171759729                
33      41             0.12368440171759729                
33      42             0.12368440171759729                
38      41             0.12368440171759729                
38      42             0.12368440171759729                
39      41             0.12368440171759729                
29      39             0.12368440171759726                
32      47             0.12368440171759726                
33      47             0.12368440171759726                
36      47             0.12368440171759726                
39      47             0.12368440171759726                
30      38             0.12368440171759723                
30      39             0.12368440171759723                
32      36             0.12368440171759723                
36      38             0.12368440171759723                
39      42             0.12368440171759723                
27      38             0.1236844017175972                 
27      39             0.1236844017175972                 
29      46             0.1236844017175972                 
29      47             0.1236844017175972                 
30      46             0.1236844017175972                 
30      47             0.1236844017175972                 
32      46             0.1236844017175972                 
38      46             0.1236844017175972                 
38      47             0.1236844017175972                 
39      46             0.1236844017175972                 
29      41             0.1236844017175972                 
29      42             0.1236844017175972                 
27      46             0.12368440171759718                
30      36             0.12368440171759718                
30      41             0.12368440171759718                
32      42             0.12368440171759718                
27      36             0.12368440171759715                
27      41             0.12368440171759715                
27      42             0.12368440171759715                
29      36             0.12368440171759715                
29      38             0.12368440171759715                
27      47             0.12368440171759706                
41      42             0.12368440171759706                
46      47             0.12368440171759701                
41      47             0.12368440171759695                
42      46             0.12368440171759695                
41      46             0.1236844017175969                 
42      47             0.1236844017175969                 
29      30             0.12368440171759687                
27      29             0.12368440171759679                
32      33             0.12368440171759673                
27      30             0.1236844017175967                 
30      33             0.12368440171759668                
29      33             0.12368440171759665                
27      33             0.12368440171759659                
29      32             0.12368440171759532                
30      32             0.12368440171759529                
27      32             0.1236844017175952                 
1       2              0.12283193315400648                
21      35             0.11994046395087404                
19      21             0.11994046395087166                
37      44             0.11904159842100215                
3       9              0.11736335505272089                
7       22             0.11534234588361442                
9       34             0.11218725733744372                
11      44             0.10311500015201136                
26      44             0.1031150001520112                 
18      44             0.10311500015201108                
8       44             0.1031150001520107                 
28      44             0.10311500015201036                
31      44             0.1031150001520103                 
23      44             0.10311500015201008                
40      44             0.10311500015200864                
43      44             0.10311500015200842                
9       37             0.10078544607013723                
21      37             0.09841101530646279                
21      22             0.09624724357377928                
20      34             0.08539178854689006                
2       15             0.08105826094041779                
24      45             0.07757751660192894                
45      47             0.07757751660192863                
14      45             0.07757751660192863                
45      46             0.07757751660192858                
38      45             0.07757751660192794                
39      45             0.07757751660192794                
32      45             0.07757751660192788                
33      45             0.07757751660192788                
36      45             0.07757751660192788                
30      45             0.07757751660192783                
29      45             0.0775775166019278                 
42      45             0.07757751660192766                
27      45             0.07757751660192763                
17      45             0.07757751660192763                
41      45             0.0775775166019276                 
5       45             0.07757751660192755                
12      45             0.07757751660192697                
16      45             0.07757751660192652                
4       45             0.07757751660192577                
6       45             0.07757751660192552                
20      44             0.07488973553904743                
34      37             0.0703556643174113                 
9       45             0.0674740539186221                 
21      48             0.06438245127901648                
13      15             0.06262880078614991                
2       22             0.05525176257356956                
7       37             0.05087407352583945                
9       15             0.046453983813562916               
2       34             0.03380190772305752                
9       22             0.03133034532003853                
1       49             0.022279951990946234               
1       27             0.014908691667495894               
1       32             0.01490869166749581                
1       30             0.01490869166749495                
1       29             0.01490869166749495                
1       33             0.014908691667494867               
1       36             0.014908691667494395               
1       38             0.014908691667494395               
1       41             0.014908691667494395               
1       42             0.014908691667494395               
1       47             0.014908691667494367               
1       46             0.01490869166749434                
1       39             0.014908691667494312               
1       16             0.014908691667491453               
1       12             0.01490869166749112                
1       14             0.014908691667490787               
1       24             0.014908691667490592               
1       5              0.014908691667490509               
1       6              0.014908691667490315               
1       17             0.014908691667490231               
1       4              0.014908691667489066               
13      34             0.013537544312644367               
22      41             0.012078854605826639               
22      36             0.012078854605826583               
22      39             0.012078854605826583               
22      42             0.012078854605826583               
22      46             0.012078854605826528               
22      38             0.0120788546058265                 
22      47             0.0120788546058265                 
22      30             0.012078854605826445               
22      33             0.012078854605826417               
22      29             0.012078854605826417               
17      22             0.012078854605824613               
22      32             0.01207885460582439                
22      27             0.012078854605824252               
16      22             0.012078854605824196               
22      24             0.012078854605824002               
14      22             0.01207885460582378                
4       22             0.012078854605821115               
5       22             0.012078854605821088               
12      22             0.012078854605820755               
6       22             0.012078854605820755               
21      49             0.00488133799179441                
13      33             0.0024732319872804998              
13      29             0.002473231987280472               
13      30             0.0024732319872804165              
13      42             0.00247323198728                   
13      27             0.0024732319872799446              
13      41             0.0024732319872799446              
13      36             0.002473231987279917               
13      47             0.002473231987279917               
13      39             0.002473231987279889               
13      46             0.002473231987279889               
13      32             0.0024732319872798614              
13      38             0.0024732319872798336              
13      14             0.0024732319872778907              
4       13             0.0024732319872775577              
12      13             0.002473231987277419               
5       13             0.0024732319872772524              
13      24             0.0024732319872766417              
13      16             0.0024732319872763087              
13      17             0.0024732319872762254              
6       13             0.0024732319872760034              
45      48             -0.0018794677266170678             
2       7              -0.01554995044049734               
7       13             -0.017049733738980055              
1       48             -0.02158979045025189               
3       37             -0.023525960748103925              
7       9              -0.028242705733851903              
15      21             -0.032136507808861736              
22      44             -0.0336773140424218                
22      45             -0.03649953785996485               
3       7              -0.03657458369606892               
19      44             -0.03748515025169491               
35      44             -0.03748515025169774               
21      32             -0.04764886800672655               
21      27             -0.0476488680067266                
21      29             -0.04764886800672663               
21      33             -0.04764886800672666               
21      30             -0.04764886800672671               
21      41             -0.04764886800672702               
21      42             -0.047648868006727074              
21      36             -0.0476488680067271                
21      46             -0.0476488680067271                
21      38             -0.04764886800672713               
21      39             -0.04764886800672713               
21      47             -0.04764886800672716               
17      21             -0.04764886800672863               
21      24             -0.04764886800672871               
16      21             -0.04764886800672927               
5       21             -0.047648868006729767              
14      21             -0.047648868006730044              
12      21             -0.04764886800673018               
4       21             -0.04764886800673021               
6       21             -0.047648868006731765              
19      42             -0.049447469419880014              
19      36             -0.049447469419880125              
19      46             -0.04944746941988015               
19      38             -0.04944746941988018               
19      41             -0.04944746941988018               
19      39             -0.04944746941988026               
19      47             -0.04944746941988026               
19      33             -0.04944746941988054               
19      30             -0.049447469419880596              
19      29             -0.04944746941988065               
14      35             -0.049447469419881346              
32      35             -0.049447469419881485              
33      35             -0.049447469419881485              
29      35             -0.04944746941988154               
24      35             -0.04944746941988157               
30      35             -0.049447469419881596              
27      35             -0.04944746941988176               
17      35             -0.049447469419881845              
19      32             -0.04944746941988193               
19      27             -0.04944746941988229               
17      19             -0.04944746941988237               
16      35             -0.04944746941988262               
35      41             -0.04944746941988262               
35      47             -0.049447469419882706              
35      42             -0.049447469419882734              
35      36             -0.04944746941988276               
35      38             -0.04944746941988276               
35      39             -0.04944746941988276               
35      46             -0.04944746941988279               
16      19             -0.049447469419882956              
14      19             -0.049447469419883344              
19      24             -0.049447469419883705              
4       35             -0.049447469419883816              
5       35             -0.0494474694198839                
12      35             -0.049447469419884205              
6       35             -0.04944746941988426               
4       19             -0.04944746941988565               
5       19             -0.04944746941988573               
12      19             -0.04944746941988595               
6       19             -0.04944746941988598               
1       22             -0.05061527670982052               
34      44             -0.05470476618212716               
20      22             -0.05508601696160506               
13      44             -0.05526046525840045               
23      29             -0.05795981063017425               
23      30             -0.057959810630174274              
23      33             -0.05795981063017433               
11      29             -0.05795981063017458               
11      30             -0.05795981063017466               
11      33             -0.05795981063017466               
18      29             -0.05795981063017466               
8       29             -0.05795981063017469               
18      30             -0.05795981063017469               
8       30             -0.05795981063017472               
8       32             -0.05795981063017472               
8       33             -0.05795981063017472               
18      33             -0.05795981063017472               
8       27             -0.057959810630174774              
23      42             -0.05795981063017483               
23      46             -0.057959810630174885              
18      41             -0.057959810630174885              
23      47             -0.05795981063017491               
23      41             -0.05795981063017491               
18      36             -0.05795981063017491               
18      42             -0.05795981063017491               
23      36             -0.05795981063017494               
18      46             -0.05795981063017494               
18      47             -0.05795981063017494               
23      38             -0.05795981063017497               
18      38             -0.05795981063017497               
11      42             -0.05795981063017497               
23      39             -0.057959810630174996              
8       41             -0.057959810630174996              
11      41             -0.057959810630174996              
11      36             -0.057959810630175024              
11      38             -0.05795981063017505               
11      39             -0.05795981063017505               
11      46             -0.05795981063017505               
18      39             -0.05795981063017505               
8       42             -0.05795981063017505               
8       46             -0.05795981063017508               
8       47             -0.05795981063017508               
11      47             -0.05795981063017508               
8       38             -0.05795981063017516               
8       39             -0.05795981063017516               
8       36             -0.05795981063017519               
26      30             -0.057959810630175246              
11      27             -0.0579598106301753                
11      32             -0.05795981063017533               
26      33             -0.05795981063017533               
26      29             -0.05795981063017533               
32      40             -0.05795981063017566               
29      40             -0.05795981063017566               
36      40             -0.05795981063017569               
36      43             -0.05795981063017572               
38      43             -0.05795981063017572               
39      43             -0.05795981063017572               
29      43             -0.05795981063017572               
30      40             -0.05795981063017572               
33      40             -0.05795981063017572               
38      40             -0.05795981063017572               
39      40             -0.05795981063017572               
30      43             -0.057959810630175745              
32      43             -0.057959810630175745              
33      43             -0.057959810630175745              
18      24             -0.057959810630175745              
23      32             -0.05795981063017583               
26      41             -0.05795981063017583               
26      42             -0.05795981063017583               
23      27             -0.057959810630175856              
26      36             -0.057959810630175856              
26      38             -0.057959810630175856              
26      46             -0.057959810630175856              
27      40             -0.057959810630175884              
18      32             -0.057959810630175884              
26      47             -0.057959810630175884              
26      39             -0.05795981063017591               
41      43             -0.05795981063017591               
42      43             -0.05795981063017591               
18      27             -0.05795981063017597               
27      43             -0.05795981063017597               
16      40             -0.05795981063017608               
24      26             -0.05795981063017608               
16      43             -0.05795981063017619               
24      40             -0.05795981063017622               
17      26             -0.0579598106301763                
30      31             -0.0579598106301763                
24      43             -0.05795981063017633               
17      18             -0.057959810630176356              
29      31             -0.057959810630176356              
26      27             -0.05795981063017647               
17      40             -0.05795981063017647               
27      31             -0.05795981063017647               
23      24             -0.05795981063017647               
17      23             -0.057959810630176495              
26      32             -0.057959810630176495              
17      43             -0.057959810630176495              
31      32             -0.057959810630176495              
27      28             -0.05795981063017658               
28      32             -0.05795981063017658               
31      41             -0.057959810630176634              
31      42             -0.05795981063017666               
28      30             -0.05795981063017669               
28      29             -0.05795981063017669               
31      33             -0.05795981063017669               
28      41             -0.05795981063017669               
28      33             -0.05795981063017672               
28      36             -0.05795981063017672               
31      36             -0.05795981063017672               
31      47             -0.05795981063017672               
28      42             -0.05795981063017672               
31      38             -0.057959810630176745              
31      39             -0.057959810630176745              
31      46             -0.057959810630176745              
28      39             -0.05795981063017677               
28      46             -0.05795981063017677               
28      47             -0.05795981063017677               
28      38             -0.0579598106301768                
24      31             -0.05795981063017716               
16      26             -0.05795981063017733               
16      18             -0.05795981063017741               
40      41             -0.05795981063017755               
17      31             -0.05795981063017755               
40      42             -0.05795981063017758               
16      23             -0.057959810630177605              
11      14             -0.057959810630177605              
40      46             -0.05795981063017763               
40      47             -0.05795981063017763               
43      46             -0.05795981063017766               
43      47             -0.05795981063017769               
24      28             -0.057959810630177744              
14      40             -0.0579598106301778                
11      12             -0.05795981063017783               
14      43             -0.05795981063017788               
4       11             -0.05795981063017791               
4       8              -0.057959810630177966              
6       8              -0.057959810630177966              
11      24             -0.057959810630177966              
16      31             -0.057959810630177994              
8       24             -0.05795981063017802               
8       16             -0.05795981063017808               
8       12             -0.057959810630178105              
14      26             -0.057959810630178105              
8       14             -0.05795981063017816               
14      18             -0.05795981063017816               
17      28             -0.05795981063017827               
5       11             -0.057959810630178354              
4       40             -0.057959810630178354              
14      31             -0.057959810630178354              
5       8              -0.05795981063017838               
14      23             -0.05795981063017838               
16      28             -0.05795981063017841               
11      17             -0.05795981063017844               
4       43             -0.057959810630178465              
14      28             -0.057959810630178465              
8       17             -0.05795981063017855               
4       26             -0.057959810630178604              
12      40             -0.057959810630178604              
5       40             -0.05795981063017863               
5       43             -0.05795981063017866               
4       18             -0.05795981063017866               
12      43             -0.057959810630178715              
5       18             -0.057959810630178854              
4       23             -0.057959810630178854              
11      16             -0.05795981063017891               
5       26             -0.05795981063017891               
12      18             -0.05795981063017891               
5       28             -0.05795981063017891               
12      26             -0.05795981063017894               
6       28             -0.05795981063017899               
4       28             -0.05795981063017905               
12      31             -0.05795981063017905               
6       11             -0.057959810630179076              
5       31             -0.057959810630179076              
12      28             -0.05795981063017913               
5       23             -0.05795981063017919               
12      23             -0.057959810630179215              
4       31             -0.05795981063017924               
6       31             -0.057959810630179354              
6       40             -0.05795981063017941               
6       43             -0.05795981063017949               
6       18             -0.05795981063017969               
6       26             -0.05795981063017977               
6       23             -0.05795981063017991               
44      45             -0.05882703323314903               
1       45             -0.059482502339317955              
3       35             -0.05990493320226531               
3       19             -0.05990493320226603               
20      35             -0.06569577959311745               
19      20             -0.06569577959311762               
7       25             -0.06620280376980997               
7       10             -0.06620280376981097               
13      45             -0.06793065437175966               
15      44             -0.068485432198087                 
21      34             -0.06946736147180588               
25      35             -0.07087236397890478               
10      35             -0.07087236397890517               
10      19             -0.07087236397890584               
19      25             -0.07087236397890595               
9       44             -0.0757959538939178                
3       34             -0.07895227828618329               
10      27             -0.08000537865739227               
10      32             -0.08000537865739238               
25      32             -0.0800053786573931                
25      27             -0.08000537865739316               
10      30             -0.08000537865739335               
10      33             -0.08000537865739338               
10      29             -0.0800053786573934                
25      30             -0.08000537865739363               
25      33             -0.08000537865739368               
25      29             -0.08000537865739368               
10      41             -0.0800053786573938                
10      42             -0.08000537865739385               
10      38             -0.08000537865739388               
10      39             -0.08000537865739388               
25      41             -0.08000537865739388               
25      42             -0.08000537865739388               
10      36             -0.0800053786573939                
10      46             -0.0800053786573939                
10      47             -0.0800053786573939                
25      47             -0.08000537865739393               
25      38             -0.08000537865739396               
25      39             -0.08000537865739396               
25      46             -0.08000537865739396               
25      36             -0.08000537865739399               
24      25             -0.08000537865739424               
17      25             -0.08000537865739502               
4       10             -0.0800053786573954                
16      25             -0.08000537865739554               
10      16             -0.08000537865739585               
14      25             -0.08000537865739588               
10      12             -0.08000537865739604               
10      14             -0.08000537865739607               
5       10             -0.08000537865739626               
6       10             -0.08000537865739643               
5       25             -0.0800053786573966                
10      24             -0.08000537865739685               
4       25             -0.08000537865739701               
6       25             -0.08000537865739701               
10      17             -0.08000537865739712               
12      25             -0.08000537865739799               
3       27             -0.0809210520520734                
3       32             -0.0809210520520735                
3       29             -0.08092105205207631               
3       30             -0.08092105205207642               
3       33             -0.08092105205207642               
3       16             -0.08092105205207686               
3       42             -0.08092105205207695               
3       41             -0.08092105205207697               
3       36             -0.080921052052077                 
3       46             -0.080921052052077                 
3       47             -0.080921052052077                 
3       39             -0.08092105205207703               
3       38             -0.08092105205207711               
3       4              -0.08092105205207861               
3       6              -0.08092105205207864               
3       5              -0.08092105205207895               
3       24             -0.0809210520520797                
3       12             -0.0809210520520798                
3       14             -0.08092105205207986               
3       17             -0.08092105205208028               
21      25             -0.08178449056057985               
10      21             -0.08178449056058112               
7       45             -0.08731647735931408               
3       15             -0.08777318466071243               
18      45             -0.08987451121074128               
11      45             -0.08987451121074141               
8       45             -0.08987451121074178               
23      45             -0.08987451121074191               
26      45             -0.08987451121074197               
28      45             -0.08987451121074261               
31      45             -0.08987451121074261               
40      45             -0.08987451121074325               
43      45             -0.08987451121074336               
1       13             -0.09059474692372185               
1       44             -0.09372936915623237               
25      34             -0.09592857053249348               
10      34             -0.09592857053249382               
19      45             -0.09765601143339728               
35      45             -0.09765601143339994               
7       32             -0.10720889230985664               
7       27             -0.10720889230985667               
7       33             -0.1072088923098578                
7       30             -0.10720889230985786               
7       29             -0.10720889230985794               
7       41             -0.1072088923098585                
7       42             -0.1072088923098585                
7       36             -0.10720889230985867               
7       39             -0.10720889230985867               
7       47             -0.10720889230985867               
7       46             -0.1072088923098587                
7       38             -0.1072088923098588                
7       16             -0.10720889230986094               
7       14             -0.10720889230986186               
7       24             -0.10720889230986191               
7       12             -0.10720889230986208               
6       7              -0.10720889230986239               
7       17             -0.10720889230986252               
4       7              -0.1072088923098633                
5       7              -0.1072088923098635                
22      25             -0.10914102665940553               
10      22             -0.10914102665940556               
13      22             -0.10983587502703968               
10      15             -0.11004698852931077               
15      25             -0.11004698852931172               
21      45             -0.11223718393629126               
7       21             -0.11358975589989867               
24      37             -0.11573025289967728               
30      37             -0.11573025289967731               
32      37             -0.11573025289967731               
29      37             -0.11573025289967734               
33      37             -0.11573025289967737               
36      37             -0.11573025289967737               
27      37             -0.11573025289967753               
4       37             -0.11573025289967756               
5       37             -0.11573025289967762               
37      41             -0.1157302528996777                
37      42             -0.1157302528996777                
37      47             -0.11573025289967778               
37      38             -0.11573025289967781               
37      39             -0.11573025289967781               
37      46             -0.11573025289967781               
6       37             -0.1157302528996779                
17      37             -0.11573025289967848               
14      37             -0.1157302528996785                
12      37             -0.11573025289967942               
16      37             -0.11573025289967959               
2       45             -0.11636738172575364               
25      45             -0.12005191506442109               
10      45             -0.12005191506442156               
1       35             -0.12186431749195586               
1       19             -0.12186431749195745               
3       22             -0.1252261697531041                
37      45             -0.13303083420743353               
41      44             -0.13309327301066873               
42      44             -0.13309327301066873               
29      44             -0.1330932730106688                
32      44             -0.13309327301066884               
38      44             -0.13309327301066884               
39      44             -0.13309327301066884               
30      44             -0.1330932730106689                
33      44             -0.13309327301066892               
36      44             -0.13309327301066895               
27      44             -0.1330932730106691                
17      44             -0.13309327301066917               
44      46             -0.13309327301066926               
44      47             -0.13309327301066926               
4       44             -0.13309327301066934               
5       44             -0.13309327301066937               
24      44             -0.13309327301066956               
16      44             -0.13309327301066975               
12      44             -0.13309327301067012               
6       44             -0.13309327301067034               
14      44             -0.13309327301067037               
2       13             -0.13312219602558117               
2       32             -0.1353391811723703                
2       27             -0.13533918117237037               
2       29             -0.1353391811723717                
2       30             -0.1353391811723717                
2       33             -0.13533918117237173               
2       41             -0.1353391811723719                
2       42             -0.1353391811723719                
2       36             -0.13533918117237193               
2       38             -0.13533918117237195               
2       39             -0.13533918117237198               
2       46             -0.13533918117237198               
2       47             -0.13533918117237198               
2       16             -0.13533918117237345               
2       4              -0.1353391811723738                
2       6              -0.13533918117237395               
2       14             -0.13533918117237415               
2       24             -0.13533918117237415               
2       12             -0.13533918117237423               
2       5              -0.13533918117237437               
2       17             -0.13533918117237473               
18      22             -0.13803876029811124               
22      31             -0.1380387602981114                
22      40             -0.13803876029811157               
8       22             -0.1380387602981116                
11      22             -0.13803876029811163               
22      43             -0.13803876029811163               
22      28             -0.13803876029811163               
22      26             -0.13803876029811202               
22      23             -0.13803876029811235               
3       45             -0.13933065202196482               
13      35             -0.14136545835283787               
13      19             -0.14136545835283926               
20      27             -0.14797526757756382               
20      32             -0.14797526757756385               
20      30             -0.14797526757756468               
20      33             -0.1479752675775647                
20      29             -0.1479752675775647                
20      42             -0.14797526757756505               
20      41             -0.14797526757756507               
20      47             -0.1479752675775651                
20      36             -0.14797526757756513               
20      46             -0.14797526757756513               
20      39             -0.14797526757756516               
20      38             -0.14797526757756518               
20      24             -0.14797526757756632               
4       20             -0.1479752675775665                
17      20             -0.14797526757756668               
14      20             -0.14797526757756677               
5       20             -0.14797526757756685               
6       20             -0.14797526757756693               
12      20             -0.14797526757756707               
16      20             -0.14797526757756735               
13      21             -0.14814297563732248               
1       28             -0.15343073533621335               
1       31             -0.15343073533621365               
1       40             -0.1534307353362143                
1       43             -0.15343073533621435               
1       11             -0.15343073533621474               
1       8              -0.153430735336215                 
1       26             -0.15343073533621512               
1       18             -0.15343073533621515               
1       23             -0.15343073533621535               
2       37             -0.1561022704014297                
10      13             -0.1618558881427692                
13      25             -0.16185588814276983               
25      37             -0.1703308801427368                
10      37             -0.17033088014273803               
15      45             -0.17058300070899582               
3       13             -0.1744550284382682                
13      49             -0.1792690158555506                
9       13             -0.18098882860149434               
22      37             -0.18333354327716145               
32      34             -0.18439154976976385               
29      34             -0.18439154976976385               
30      34             -0.1843915497697639                
33      34             -0.1843915497697639                
27      34             -0.18439154976976402               
34      41             -0.1843915497697644                
34      42             -0.1843915497697644                
34      46             -0.1843915497697645                
34      47             -0.1843915497697645                
34      36             -0.18439154976976452               
34      39             -0.18439154976976452               
34      38             -0.18439154976976452               
24      34             -0.18439154976976485               
17      34             -0.18439154976976638               
14      34             -0.1843915497697664                
12      34             -0.18439154976976693               
16      34             -0.184391549769767                 
4       34             -0.18439154976976707               
6       34             -0.18439154976976735               
5       34             -0.1843915497697675                
8       35             -0.18469080621495326               
11      35             -0.1846908062149534                
23      35             -0.18469080621495357               
26      35             -0.1846908062149537                
18      35             -0.1846908062149539                
31      35             -0.1846908062149539                
28      35             -0.18469080621495398               
18      19             -0.18469080621495426               
35      40             -0.1846908062149543                
35      43             -0.18469080621495432               
19      40             -0.1846908062149545                
11      19             -0.1846908062149546                
19      43             -0.18469080621495462               
8       19             -0.18469080621495476               
19      26             -0.18469080621495534               
19      28             -0.18469080621495548               
19      31             -0.18469080621495554               
19      23             -0.18469080621495562               
39      49             -0.18720769479844712               
38      49             -0.18720769479844715               
29      49             -0.18720769479844715               
36      49             -0.18720769479844718               
41      49             -0.18720769479844718               
42      49             -0.18720769479844718               
30      49             -0.18720769479844723               
32      49             -0.18720769479844723               
33      49             -0.18720769479844723               
46      49             -0.18720769479844723               
47      49             -0.18720769479844723               
27      49             -0.18720769479844737               
24      49             -0.18720769479844782               
14      49             -0.1872076947984489                
17      49             -0.18720769479844923               
4       49             -0.18720769479844943               
6       49             -0.1872076947984495                
5       49             -0.18720769479844954               
16      49             -0.1872076947984499                
12      49             -0.18720769479845017               
20      28             -0.1881436986730655                
20      31             -0.1881436986730656                
20      40             -0.18814369867306638               
20      43             -0.18814369867306643               
20      26             -0.1881436986730669                
8       20             -0.18814369867306713               
20      23             -0.18814369867306716               
11      20             -0.1881436986730673                
18      20             -0.18814369867306738               
13      48             -0.19058830640469798               
15      41             -0.19352910103900606               
15      29             -0.1935291010390061                
15      47             -0.1935291010390061                
15      42             -0.1935291010390061                
15      30             -0.19352910103900617               
15      38             -0.19352910103900617               
15      33             -0.19352910103900617               
15      36             -0.19352910103900617               
15      46             -0.19352910103900617               
15      39             -0.19352910103900622               
15      32             -0.19352910103900647               
15      27             -0.19352910103900667               
15      24             -0.19352910103900733               
4       15             -0.19352910103900775               
6       15             -0.19352910103900778               
14      15             -0.19352910103900786               
15      17             -0.1935291010390079                
5       15             -0.19352910103900794               
12      15             -0.19352910103900867               
15      16             -0.19352910103900905               
9       33             -0.1936593909003368                
9       29             -0.1936593909003368                
9       30             -0.19365939090033685               
9       32             -0.19365939090033696               
9       41             -0.193659390900337                 
9       42             -0.193659390900337                 
9       46             -0.19365939090033704               
9       47             -0.19365939090033704               
9       27             -0.19365939090033707               
9       36             -0.19365939090033707               
9       38             -0.19365939090033707               
9       39             -0.19365939090033712               
4       9              -0.19365939090033799               
9       24             -0.19365939090033824               
9       14             -0.1936593909003385                
9       12             -0.19365939090033857               
9       17             -0.19365939090033887               
6       9              -0.1936593909003393                
9       16             -0.19365939090033935               
5       9              -0.19365939090033937               
2       8              -0.19395694335233948               
2       28             -0.19395694335233957               
2       40             -0.19395694335233993               
2       31             -0.19395694335233996               
2       18             -0.19395694335233998               
2       43             -0.19395694335234007               
2       26             -0.1939569433523401                
2       23             -0.19395694335234034               
2       11             -0.19395694335234048               
24      48             -0.1970851623651903                
42      48             -0.197085162365191                 
41      48             -0.19708516236519102               
46      48             -0.19708516236519114               
47      48             -0.19708516236519114               
14      48             -0.1970851623651912                
29      48             -0.19708516236519127               
38      48             -0.19708516236519127               
39      48             -0.19708516236519127               
36      48             -0.1970851623651913                
30      48             -0.1970851623651913                
33      48             -0.1970851623651913                
32      48             -0.19708516236519133               
27      48             -0.19708516236519147               
17      48             -0.19708516236519147               
4       48             -0.19708516236519158               
6       48             -0.1970851623651917                
12      48             -0.19708516236519202               
5       48             -0.19708516236519208               
16      48             -0.19708516236519272               
21      31             -0.20238254157932256               
21      28             -0.20238254157932262               
21      40             -0.20238254157932337               
21      43             -0.20238254157932348               
8       21             -0.202382541579324                 
21      26             -0.20238254157932406               
11      21             -0.20238254157932428               
18      21             -0.20238254157932428               
21      23             -0.20238254157932434               
15      20             -0.20639677348124244               
13      20             -0.20737791360452543               
11      49             -0.21022938339545091               
26      49             -0.21022938339545108               
31      49             -0.21022938339545144               
28      49             -0.2102293833954515                
23      49             -0.21022938339545152               
18      49             -0.21022938339545175               
8       49             -0.21022938339545183               
40      49             -0.21022938339545205               
43      49             -0.2102293833954522                
21      44             -0.21321939452344488               
35      37             -0.22893097354574854               
19      37             -0.2289309735457494                
1       7              -0.22966780052873456               
9       28             -0.2299183487737996                
9       11             -0.22991834877379969               
9       40             -0.2299183487737998                
9       31             -0.22991834877379982               
9       43             -0.22991834877379988               
9       18             -0.22991834877379994               
9       26             -0.22991834877380007               
8       9              -0.2299183487738002                
9       23             -0.22991834877380046               
25      28             -0.23215139087124248               
8       10             -0.23215139087124254               
25      31             -0.23215139087124287               
10      28             -0.23215139087124348               
18      25             -0.23215139087124365               
8       25             -0.2321513908712438                
10      11             -0.2321513908712439                
10      31             -0.23215139087124403               
25      26             -0.23215139087124406               
23      25             -0.2321513908712442                
25      40             -0.23215139087124423               
25      43             -0.2321513908712443                
11      25             -0.23215139087124442               
10      40             -0.23215139087124498               
10      43             -0.2321513908712451                
10      26             -0.23215139087124514               
10      18             -0.23215139087124514               
10      23             -0.23215139087124545               
37      49             -0.23256525851936577               
3       28             -0.2363722158872425                
3       31             -0.23637221588724275               
3       40             -0.23637221588724372               
3       43             -0.23637221588724378               
3       11             -0.23637221588724394               
3       26             -0.23637221588724408               
3       18             -0.2363722158872441                
3       8              -0.23637221588724433               
3       23             -0.23637221588724436               
26      48             -0.24297193927507932               
18      48             -0.2429719392750796                
23      48             -0.24297193927508018               
8       48             -0.2429719392750802                
11      48             -0.24297193927508043               
31      48             -0.24297193927508087               
28      48             -0.24297193927508096               
40      48             -0.2429719392750821                
43      48             -0.24297193927508215               
37      48             -0.2672868140248428                
1       15             -0.267610756495118                 
1       34             -0.28099109181483983               
7       44             -0.34907539856552505               
7       20             -0.3601868607194092                
