#======================================================================
# PARAMETERS USED FOR THIS COMPUTATION: 
#      Sequence type: RNA
#      Total number of sequences in alignment data: 279
#      Length of sequences in alignment data: 47
#      Effective number of sequences: 24.336354490531193
#      Value of sequence identity: 0.8
#      Value of relative pseudocount: 0.5
# The First and Second columns represent sites and the
# Third column is MFDCA Frobenius norm, average product corrected (APC) DCA score
#======================================================================
20      35             1.554599631420524                  
9       47             1.547352205385425                  
10      46             1.4243485418538664                 
15      28             1.1304961552476511                 
34      38             0.8563788272548402                 
37      43             0.8201393243648589                 
19      34             0.7491789693500057                 
44      45             0.7420738142731668                 
11      45             0.7378496155895028                 
19      38             0.7209899563273581                 
26      41             0.7156494429893843                 
12      44             0.7070365161996356                 
19      33             0.5994521009076978                 
37      40             0.5976616882553525                 
6       7              0.5855095869365261                 
36      38             0.5840889454011642                 
24      30             0.5718765466249978                 
1       29             0.5672244241212674                 
40      43             0.5668876473149866                 
29      30             0.5665131698285621                 
24      40             0.5623692679679891                 
42      43             0.558725312813331                  
15      41             0.5552854127374474                 
25      40             0.553875161346999                  
24      29             0.5498341437837297                 
19      36             0.5485546994476782                 
3       32             0.5372111243580266                 
25      27             0.5346329713741145                 
22      41             0.5267516469792441                 
34      36             0.5211662224979816                 
45      46             0.509615145652695                  
14      42             0.5062538404348498                 
8       47             0.5034223731982578                 
41      42             0.5022542199572058                 
4       45             0.4977605879068465                 
15      16             0.4976000931710869                 
5       8              0.4968387728484359                 
25      37             0.48610118468413005                
2       7              0.48433797934767353                
16      25             0.47704180353879244                
16      27             0.47575547242416655                
22      26             0.47405143971423525                
7       10             0.4714986694726423                 
25      43             0.46876464233218174                
8       9              0.4678686564791299                 
2       16             0.46397657446396495                
24      43             0.45646344657149396                
10      45             0.4555297259049671                 
9       13             0.4485469672338387                 
24      25             0.44832430833603776                
2       6              0.44588271839334126                
13      47             0.4422748493728702                 
24      37             0.4319656473070938                 
10      11             0.4316643731469264                 
26      27             0.4262190364666263                 
26      36             0.42344001631982603                
21      24             0.4146711722313566                 
20      24             0.4101769849214487                 
11      21             0.39392498339662885                
7       14             0.38989411137348595                
13      42             0.3851379566436112                 
20      30             0.3838128968700844                 
13      41             0.37950313443969863                
2       32             0.3785343795504129                 
44      46             0.373231762803371                  
22      36             0.3725897317255973                 
14      29             0.36469601644095684                
24      35             0.3617136236817619                 
15      42             0.36004615924385175                
32      44             0.35980327128745665                
21      30             0.3562510564857393                 
30      35             0.35500793998754826                
9       12             0.34817745177756043                
12      34             0.3436726500288193                 
29      40             0.34126601149170926                
21      37             0.3398878519373295                 
26      38             0.3364260253248905                 
31      45             0.3323080242541767                 
13      21             0.32886019242606235                
1       24             0.3201324241563789                 
22      38             0.31432689996806895                
27      37             0.3109118460980684                 
31      36             0.30907787713258156                
19      22             0.308502622211932                  
2       45             0.3033566869231178                 
19      26             0.3004061273298144                 
14      41             0.29742356658477254                
37      42             0.29741999591286133                
3       16             0.2969890862662739                 
26      37             0.2934563072422636                 
7       9              0.29338964103900234                
3       4              0.292363298169948                  
22      34             0.29198526354175186                
9       10             0.290788185072147                  
39      40             0.29000806789441497                
18      23             0.28805712050091536                
8       46             0.28126444241200077                
4       15             0.2755141758238453                 
36      39             0.27173766767385216                
22      31             0.27166234480778656                
5       45             0.2655454321550571                 
12      31             0.2649031634319444                 
26      34             0.2627151245530474                 
17      23             0.2625617676984344                 
17      18             0.2580176754458379                 
3       7              0.25747460212677775                
11      29             0.2569420489140599                 
1       3              0.2510133935076986                 
12      38             0.24620923761160518                
11      28             0.2456647175299339                 
28      42             0.24334693054766054                
23      33             0.24037283496246345                
18      33             0.23934743989853255                
23      32             0.2388985351410565                 
18      32             0.2358601304686041                 
7       29             0.2344438433032623                 
3       46             0.23220050186247843                
29      31             0.23155895374198077                
14      20             0.2311710272209634                 
8       39             0.23063784985864322                
4       31             0.23045062898177282                
4       47             0.22970696719897177                
10      13             0.22937036158157786                
4       7              0.2292305743197558                 
21      42             0.22904261375603668                
31      38             0.22807693068909735                
5       10             0.22371371299811038                
5       33             0.22320823507941495                
29      37             0.22307948036597008                
6       8              0.22201536540239897                
15      32             0.22195810186466275                
19      31             0.22172921427356185                
46      47             0.22120854282118585                
22      37             0.2187647955757529                 
21      26             0.21620896077771729                
3       47             0.21534644982358575                
8       10             0.21481898769454788                
10      12             0.21070323330241936                
31      34             0.21062252932805076                
6       20             0.20947943202465685                
36      44             0.20898159084637152                
21      43             0.20748223411888506                
11      12             0.20475914683271146                
17      19             0.20349769796964964                
6       13             0.20322286665533396                
1       6              0.20134417598867815                
21      22             0.20021091582892853                
17      32             0.1998801625691054                 
11      14             0.19816306460011646                
4       33             0.19642487750446563                
3       27             0.19627472753065672                
31      32             0.19622136144935387                
25      39             0.19463947504236406                
2       47             0.1944741729226135                 
14      35             0.194274133524785                  
17      33             0.19370723461977676                
21      27             0.19288363180527135                
6       29             0.19109617246453503                
14      31             0.1899742705160853                 
15      26             0.18941119344023372                
27      41             0.1885828062612469                 
42      45             0.18651376064578706                
3       5              0.18456753670416814                
5       30             0.18367697870520144                
4       5              0.18313295952659536                
12      30             0.18197976644421315                
12      25             0.17884792702841412                
26      42             0.17860338628099715                
42      47             0.17800072323862443                
28      31             0.17791793698053354                
1       15             0.17752666588595611                
20      29             0.17698669270256373                
13      25             0.1754857160669952                 
8       30             0.1748649868101365                 
36      41             0.17038831609258048                
38      39             0.17014664215092534                
6       21             0.16897749484885294                
4       6              0.16871839024983482                
6       39             0.16714101365218537                
4       39             0.16630723246488954                
11      25             0.16598212869135248                
9       42             0.16464673570537214                
25      29             0.1643213393657687                 
10      47             0.16371978753247451                
26      43             0.1621266231556205                 
18      40             0.16203555020673405                
23      40             0.1612513488798017                 
9       28             0.16107810489668223                
28      47             0.16080119814707505                
35      46             0.1601540961771109                 
24      39             0.15909585050340252                
7       32             0.1590922858408692                 
7       8              0.15876905117097417                
20      46             0.15870347911706612                
2       5              0.15793887588558053                
2       15             0.15742989346518876                
5       39             0.15409240814670055                
14      46             0.15341734968591225                
13      14             0.15339369272915582                
6       12             0.151614071403807                  
2       14             0.15110442362372867                
9       41             0.15062475663829855                
10      35             0.14954265322995264                
12      39             0.14852859838260768                
8       11             0.14770539074805378                
32      45             0.14729701024321212                
3       15             0.14722777740329074                
1       4              0.14559696901267483                
23      36             0.14471523370345757                
32      33             0.1441423869739803                 
12      46             0.14370564335628977                
2       9              0.14254532350575522                
18      36             0.14201806327980032                
1       44             0.14054763023723937                
14      37             0.1392594984303182                 
2       29             0.1380377405672939                 
22      27             0.13732082637594561                
7       30             0.1339577014953684                 
20      23             0.132306339770166                  
18      20             0.12958498774822635                
22      44             0.1295091099665251                 
7       21             0.12917301583884722                
38      44             0.12879587417731458                
38      41             0.12770806639537047                
1       31             0.12669505718680052                
5       19             0.12466776963823645                
7       16             0.12339735639187993                
22      42             0.12263570207644803                
16      42             0.1220424927127341                 
29      35             0.12185381083589075                
23      34             0.12142876250540255                
12      19             0.12095666616318357                
8       13             0.11986081426307871                
18      34             0.11964767199284698                
6       11             0.11889987710089911                
17      36             0.11868344695264219                
9       21             0.11833914192447481                
13      30             0.11771857727418539                
11      16             0.11765411618678662                
27      42             0.11748980243169682                
17      25             0.11470477239977192                
11      35             0.11455652162677205                
23      35             0.11286530759986846                
15      31             0.11257666631552354                
4       14             0.11213037664687919                
6       47             0.11210585241688353                
19      39             0.11101882619161779                
18      35             0.10996869589815383                
16      23             0.10971887548759884                
22      43             0.10952597340085485                
2       13             0.10895518618161681                
17      20             0.10892840774819976                
6       35             0.10858119646718017                
27      43             0.10839094895982004                
16      18             0.10738817953123297                
6       30             0.10700366688008395                
34      39             0.10588527771346984                
5       28             0.1051059038525029                 
5       46             0.10501710409742915                
28      41             0.10484106087804307                
13      39             0.1044656401699704                 
17      40             0.10358673460233506                
1       33             0.1035312817205093                 
4       16             0.10252832576731069                
7       46             0.10222727708872725                
6       14             0.10088351036192234                
21      29             0.09996370664676058                
27      45             0.0991986587085158                 
9       30             0.09911941439157229                
5       44             0.09848704039812317                
23      38             0.09846763196435607                
8       15             0.09820988754897397                
25      47             0.09809256849039005                
18      38             0.09728012682573664                
17      34             0.09709897925627348                
12      14             0.09696728594516568                
4       12             0.09623917719056096                
3       44             0.0959810220812457                 
43      44             0.0950707397860382                 
17      26             0.09501130136860725                
17      35             0.09482518737297149                
18      30             0.09453197712071068                
3       9              0.09377558264545693                
23      30             0.09306660015843884                
6       16             0.09231275254159554                
1       19             0.09197032918195791                
20      21             0.09100556215606992                
1       2              0.0902334099440919                 
24      47             0.08729257257783646                
12      32             0.08669593334120684                
41      47             0.08645105010822485                
3       29             0.08627802648267624                
33      36             0.08625331447173976                
16      33             0.08619493453972754                
1       40             0.08504342003757759                
5       29             0.08459302630718651                
17      24             0.08322542614488013                
8       19             0.0831620203906655                 
34      44             0.0825838543085724                 
2       11             0.08071623693598928                
33      40             0.08053865525672774                
15      44             0.08005452146367953                
19      23             0.07957318423132914                
29      43             0.0781251031606417                 
7       37             0.07775863643524811                
18      19             0.07764282559977817                
8       44             0.0772007085629457                 
11      39             0.0768460832797001                 
19      44             0.07658165770148184                
31      37             0.07636129241264178                
8       29             0.07627113646032913                
12      27             0.07622872713345225                
26      44             0.07543393728034109                
3       25             0.0751632130590052                 
44      47             0.07487968232014264                
34      41             0.07479789586894742                
16      28             0.07475081671016137                
6       27             0.07393872624577769                
21      35             0.07380929644641232                
28      32             0.07284549822162184                
22      33             0.07178434665203054                
4       11             0.07149974870594156                
19      41             0.071295220327104                  
1       5              0.07113856070122282                
4       13             0.07013799850198982                
14      21             0.06995572073404255                
15      46             0.06948800310044367                
1       8              0.06862773592599525                
39      43             0.06839338262631761                
10      21             0.06805011226935875                
3       35             0.06801660992044323                
21      46             0.06638979196273487                
1       28             0.06587112969415748                
37      41             0.06551873401337477                
30      46             0.06508951509149691                
5       6              0.06482516797217108                
1       21             0.06473511191839709                
17      38             0.06381085144399787                
32      40             0.062475075382902256               
43      46             0.06241993867702195                
16      35             0.06100780165899322                
16      44             0.060959837746637935               
13      46             0.060373048850689504               
14      43             0.05991447535128713                
26      31             0.05904554798932238                
15      45             0.057841169145845917               
10      20             0.056364883575262925               
23      25             0.055788412228923806               
18      25             0.05563468735104002                
16      17             0.053873662994685045               
7       13             0.05377542363848986                
23      37             0.05240649303638853                
9       31             0.052146193675179586               
5       11             0.051301861224447576               
2       8              0.051245019784934565               
3       14             0.04936800835171573                
18      37             0.04930495081777034                
7       44             0.047615290337329585               
22      23             0.04743887953053505                
27      28             0.04730442136905799                
16      43             0.04661844057932213                
18      22             0.045582078190640474               
5       12             0.04466564980635923                
11      20             0.04457095434872854                
16      31             0.04455006789753713                
10      14             0.04438360737743052                
24      33             0.04299123964781176                
14      27             0.04280727865345196                
15      43             0.04218660560034221                
22      28             0.0410459171467642                 
17      30             0.040967442824390826               
14      26             0.038865046649304624               
14      17             0.03869799307357619                
3       8              0.038253717794118236               
9       14             0.037813171684744185               
39      45             0.03655613832226534                
26      39             0.036015283689125877               
20      31             0.03581883422482052                
7       24             0.03504786356731798                
8       33             0.03485560760506651                
18      24             0.03347730023581594                
27      33             0.032885471920718445               
33      34             0.031660061116592586               
20      32             0.031566669422272375               
30      39             0.03153190987964777                
4       42             0.031063726737993236               
4       29             0.03098073386159028                
1       10             0.030568527361890085               
2       31             0.030535792868172984               
5       35             0.030362705356259845               
23      24             0.029680555673636838               
22      32             0.02874000626656914                
5       38             0.028219555877191105               
1       39             0.02737561339870853                
3       21             0.02724390218856365                
6       31             0.026461644764355974               
4       27             0.025796186342542826               
17      37             0.02564395552877144                
14      22             0.025493150640456708               
23      28             0.02483789932727315                
12      36             0.024372021304318536               
3       11             0.024017773098953588               
12      28             0.02393888457344201                
25      28             0.0233913139603128                 
33      44             0.02289185702181251                
17      22             0.022435632469075983               
18      28             0.022076086286213437               
28      36             0.021301366558650447               
13      23             0.020479615722342415               
20      33             0.01980094671627769                
5       26             0.019158159573767986               
6       9              0.01890928225475108                
30      31             0.018791033314977                  
5       18             0.018718461734413328               
13      18             0.01833568062964308                
28      33             0.01613026253108274                
11      26             0.01611690805544469                
40      45             0.015516908857027223               
31      44             0.015506386607629596               
2       21             0.015221928749413305               
2       4              0.013851916004514075               
39      41             0.013019110135217837               
13      29             0.012908385869702943               
7       34             0.012867907687230229               
9       46             0.012194704869733619               
2       12             0.011221870475846885               
36      40             0.010479378203258893               
1       9              0.010204224002243856               
5       17             0.009445824550163073               
5       23             0.008696049722954402               
32      46             0.00867083865495083                
4       10             0.007586451835634556               
7       45             0.007275482876966333               
33      35             0.00607105918981049                
10      32             0.004967308145655824               
32      36             0.004807214667114201               
21      47             0.0038861445712252696              
4       28             0.0028627804808252777              
1       13             0.0025438410032903036              
19      46             0.0024620331979882115              
9       25             0.0017595618432570403              
31      39             0.0015185103241477371              
34      40             0.0014378152285996482              
11      13             0.0009563520367541489              
23      27             0.0007062729684797764              
25      33             0.0006809080101616849              
17      28             -0.0010071246048887483             
26      30             -0.001179875632574101              
18      27             -0.00126891276933358               
8       26             -0.0016145421071359078             
39      47             -0.0017784949647801085             
10      27             -0.001859397924955375              
2       3              -0.002187029321634393              
3       20             -0.002376917856020788              
12      13             -0.004260054813040037              
18      42             -0.004584531710962403              
23      42             -0.0045925517012687656             
32      34             -0.004740785613371046              
40      42             -0.006110492955104574              
38      45             -0.006992026207443269              
23      26             -0.0071692993366362645             
8       16             -0.007825586774825255              
28      39             -0.008176856057419135              
18      26             -0.008647660692713083              
7       42             -0.00915758598207006               
33      39             -0.009211920515145466              
31      41             -0.009493852041106643              
30      33             -0.010527472990838393              
2       10             -0.01170517515377445               
10      43             -0.011973040404857693              
34      46             -0.012058804204860551              
33      37             -0.012185190863572504              
19      32             -0.012472666772307295              
14      45             -0.012888413469667515              
17      46             -0.012906585943091353              
32      35             -0.013060808099330357              
5       16             -0.013391595666169653              
1       11             -0.013995317266328522              
13      17             -0.014392542854886475              
15      47             -0.016749007318793863              
1       43             -0.016972171134628233              
32      41             -0.01796708193376073               
32      38             -0.018282000322388914              
10      42             -0.019214784874020063              
20      40             -0.01961461037680101               
1       32             -0.020458976195217415              
1       16             -0.02107477654524681               
20      36             -0.021762150785501422              
15      22             -0.023101803468938198              
16      40             -0.02319258293859844               
11      40             -0.024009477618968766              
21      41             -0.02418926012845507               
2       44             -0.024566474244707148              
17      42             -0.02478249636973226               
23      39             -0.0251818744640962                
21      23             -0.02640328372306927               
11      43             -0.02657020735846688               
38      40             -0.027004556302006127              
16      22             -0.027181482335910168              
3       17             -0.027211143629172097              
7       12             -0.02773174551229307               
40      47             -0.0283178122109487                
25      36             -0.028558591646949683              
17      39             -0.028566065431068127              
28      38             -0.028735121368689553              
18      39             -0.02938962795838873               
3       43             -0.02957007613503876               
33      38             -0.030325852011742482              
11      38             -0.030367427458121543              
5       14             -0.030557118078116674              
18      29             -0.030567383385091768              
18      21             -0.030838083129266558              
19      40             -0.030870658450210364              
2       41             -0.030960280128553674              
1       14             -0.03111889683702429               
13      36             -0.0314142568253748                
23      29             -0.03289799271810687               
1       34             -0.033537903378331124              
5       7              -0.03451734084831448               
1       37             -0.03461512299934866               
17      21             -0.03488746700792744               
18      43             -0.035138780877363746              
14      47             -0.035287256458437444              
4       17             -0.03601216834216195               
1       35             -0.03627625913493948               
32      37             -0.03629666174409818               
35      40             -0.03637066486305518               
35      36             -0.036752481283738814              
3       10             -0.03779640136421625               
5       27             -0.037833854909353426              
37      39             -0.03820532803812998               
23      43             -0.038208601581729285              
9       15             -0.03976807322629522               
35      39             -0.04023972983148566               
28      34             -0.041976173168208564              
5       34             -0.04328953773773958               
4       8              -0.04344880527696049               
6       46             -0.0437787746088425                
3       18             -0.04399085093393118               
4       41             -0.04505009246751557               
15      27             -0.04513316269838297               
3       6              -0.045743580530525296              
4       46             -0.04621850741776712               
13      16             -0.046286834436176094              
30      32             -0.04678816693429455               
2       25             -0.046940557063085475              
16      36             -0.047139862443185854              
8       28             -0.04742787017725586               
34      45             -0.04849816701895843               
1       30             -0.049604699333781865              
39      42             -0.05072984587414603               
3       33             -0.051082742687442007              
12      16             -0.051425737864504883              
6       26             -0.051729459302225944              
12      33             -0.05183545309630916               
33      43             -0.05220712067238578               
36      37             -0.05249861645136633               
27      35             -0.05317453635877095               
10      15             -0.053206523093545344              
5       25             -0.05327794634128957               
20      34             -0.05334286402620736               
2       27             -0.05386797566701018               
3       23             -0.05440720141813685               
17      27             -0.05448078015407462               
19      28             -0.05532980964322476               
31      42             -0.05562524690499049               
3       41             -0.05665375586171606               
1       27             -0.05832439507786963               
6       10             -0.058486070176515526              
23      41             -0.05981585019139257               
8       21             -0.059859982976127046              
6       44             -0.06036297011596381               
8       12             -0.06054252482421485               
28      46             -0.06054395836126181               
2       24             -0.06124168117539286               
18      41             -0.061454220824174455              
21      45             -0.06157456699799635               
22      40             -0.06275247941273993               
4       18             -0.06330171215640434               
4       35             -0.06357952063917643               
8       31             -0.06437325444223341               
31      47             -0.06466769245392334               
15      23             -0.06473580982353727               
7       38             -0.06497999295768325               
14      23             -0.06529181682562796               
5       9              -0.06534198164912114               
39      46             -0.06642422740864873               
15      18             -0.06697368118249658               
4       19             -0.06728412643551157               
8       24             -0.06753930394095808               
20      39             -0.06761740717721365               
34      35             -0.06863356767591308               
25      32             -0.06892892834886405               
6       28             -0.06893431659976063               
30      47             -0.06897085109722945               
2       42             -0.06965081778658344               
4       23             -0.06975834375983786               
14      18             -0.06990475396553605               
45      47             -0.0699119437811942                
2       18             -0.07008943911738913               
17      43             -0.07054124028368317               
13      44             -0.0711494660567944                
9       39             -0.07132183832145778               
4       9              -0.07156406070989507               
17      41             -0.07190386083317446               
7       41             -0.07233890935215903               
33      45             -0.07269608466057736               
10      41             -0.07466907662560196               
3       38             -0.07476777932540679               
4       20             -0.07498141331456182               
15      17             -0.07552507188567575               
1       17             -0.07572404051814297               
27      39             -0.07637050266228756               
2       23             -0.07641278142108204               
28      35             -0.0772908146178038                
20      38             -0.07774593688789636               
6       22             -0.07872649794774594               
16      34             -0.07875040759687124               
5       20             -0.07938757316616607               
9       44             -0.07946743522609745               
30      36             -0.07959298106441853               
8       35             -0.07965482392139878               
25      44             -0.07967437466109761               
1       36             -0.08025585423043696               
27      36             -0.08028840669922868               
29      45             -0.08032845337891037               
20      37             -0.08079693111996661               
11      30             -0.08080218956159219               
16      45             -0.08090931385647226               
16      32             -0.08098250705767343               
13      22             -0.08221704207368524               
37      38             -0.08253845016653227               
15      36             -0.08255652121101903               
2       28             -0.08257426870971862               
30      40             -0.0829933192884606                
41      45             -0.08336556152255375               
40      46             -0.08374441687483647               
1       42             -0.0838479428466275                
17      29             -0.0840637546984829                
13      28             -0.0845075543643461                
3       45             -0.08510295465675388               
12      43             -0.08520084504486852               
8       20             -0.08539946069394311               
6       24             -0.0856818578256544                
38      46             -0.08584990626158157               
39      44             -0.08606618596502846               
12      26             -0.08621581704558301               
6       42             -0.08683402967426113               
3       22             -0.08695431130088221               
33      47             -0.08708598367331044               
35      37             -0.08749675280861002               
41      43             -0.0875365627952151                
1       46             -0.09064620681953162               
28      40             -0.09095914485264212               
1       38             -0.09097410666991607               
1       25             -0.09110814033042841               
8       17             -0.09112909039866027               
20      22             -0.09185745030740411               
11      19             -0.09229431149243977               
10      40             -0.09256149777970712               
13      27             -0.09289323431651025               
16      20             -0.09317498690409609               
5       24             -0.09317534712031122               
10      44             -0.09371742409986428               
15      33             -0.09379481704820267               
22      35             -0.09394912546908105               
35      38             -0.09442830741502217               
28      43             -0.09444769864494035               
26      33             -0.09528458138743548               
9       17             -0.09602018966650483               
33      42             -0.09604254110495883               
4       30             -0.09744355768630436               
11      33             -0.0975806292113244                
6       45             -0.09760075348972364               
20      28             -0.09777331481437515               
1       23             -0.09856159707628889               
27      31             -0.09903979816377811               
15      38             -0.09976158525639367               
31      40             -0.10000059827260094               
27      30             -0.10034221626150225               
5       47             -0.10044814458829904               
17      44             -0.10191286628922255               
16      38             -0.10206435711976602               
2       35             -0.10239177940529753               
34      37             -0.10278813418909558               
2       30             -0.10291041173423904               
6       15             -0.10323255422232042               
27      44             -0.10350911603567942               
13      20             -0.10562231579316528               
8       18             -0.10600992430465309               
30      34             -0.10692472736722333               
29      39             -0.10708879668222909               
21      33             -0.10713517686718882               
10      28             -0.1076442080117534                
5       31             -0.10780071308859401               
6       33             -0.10797499733603916               
10      25             -0.10798604284398133               
11      46             -0.10820129716818039               
15      34             -0.108576217214294                 
9       32             -0.10923438673289104               
3       28             -0.10928634061679243               
36      42             -0.11023233007205563               
8       22             -0.11057749497142799               
19      20             -0.11085438434176365               
1       41             -0.11155548340656873               
27      40             -0.11156935959894648               
9       20             -0.11170804143019947               
13      33             -0.11252831101171074               
25      31             -0.11254075134164265               
19      37             -0.11262031979680659               
24      36             -0.11351149224360418               
7       11             -0.11353163424990353               
23      46             -0.11519163417233885               
11      27             -0.11540021034417008               
9       45             -0.11545488452792874               
4       22             -0.11579179096442743               
24      38             -0.11621714147438103               
14      15             -0.11677392074664311               
27      34             -0.11678229743633828               
27      47             -0.11773989369008586               
18      46             -0.11828977698619772               
24      44             -0.11861648210923109               
8       38             -0.11885783662781285               
8       23             -0.11924098619226497               
28      30             -0.11952482364974923               
7       36             -0.12044703214616748               
4       25             -0.12055921080082921               
19      35             -0.12129753515435962               
11      17             -0.12185435365233546               
7       18             -0.12223692096229763               
13      15             -0.12275159919701761               
6       32             -0.12327036060471724               
7       17             -0.12344961200557147               
16      37             -0.12364957769743806               
11      34             -0.12418248144074984               
30      41             -0.12486963644708454               
8       40             -0.12637576909262516               
14      33             -0.12650154207954903               
22      30             -0.12678836009947436               
7       33             -0.12688872249565722               
11      42             -0.12729327616098146               
37      44             -0.12731118235149153               
23      47             -0.1278264737116626                
9       29             -0.12838597672500723               
7       23             -0.12928848884753877               
26      32             -0.12935006046853656               
9       40             -0.12960615684583807               
24      32             -0.12992282685077267               
3       24             -0.13050664252766658               
36      43             -0.13066507474342393               
32      42             -0.1306657438395284                
17      47             -0.13084792103543458               
38      42             -0.1315298115702871                
15      19             -0.13179130091092534               
18      47             -0.13228985606433333               
33      41             -0.13244128732210395               
32      47             -0.13257142087106916               
2       17             -0.13268663092118246               
6       34             -0.13295513574271195               
11      18             -0.13329633107145655               
2       37             -0.1337292940617419                
11      23             -0.13411529134492192               
4       21             -0.13429648282715267               
24      34             -0.13473127774468804               
13      31             -0.13513857626662945               
4       44             -0.1356036942841165                
27      29             -0.13560450510248612               
19      25             -0.13570121946905628               
28      37             -0.13586159706064213               
16      41             -0.1364088605328292                
12      24             -0.1365076636416741                
9       18             -0.13671815914405178               
12      15             -0.13726676890034606               
1       18             -0.13735425607844012               
28      45             -0.137520966565933                 
36      45             -0.1377774089391159                
41      44             -0.13786951096720984               
7       47             -0.13797991698848078               
12      42             -0.1387382588550624                
26      45             -0.13883970886121294               
10      39             -0.1390202191098857                
27      32             -0.13906576251339986               
16      30             -0.13972508938878095               
25      34             -0.13980970395829076               
32      39             -0.14036974872238067               
11      44             -0.1404316992974468                
7       19             -0.14045766825078637               
1       47             -0.14056580514213235               
26      40             -0.14064286251714192               
13      40             -0.1410269073131063                
2       46             -0.14119078762014137               
6       41             -0.141256266256237                 
7       26             -0.14200312192607784               
8       32             -0.14205687426832447               
2       22             -0.14237167165627096               
43      45             -0.14238732007367694               
9       27             -0.14268571212999004               
42      44             -0.14294438379430147               
28      29             -0.1429852327895047                
16      19             -0.1431083930191128                
13      35             -0.14372388698000166               
8       43             -0.14392323528075818               
20      25             -0.1439730515857573                
7       39             -0.14438176538293002               
7       20             -0.1447423301651633                
30      37             -0.14495789822356137               
9       23             -0.14550365017464656               
24      45             -0.14564832830521623               
11      15             -0.1458699944438277                
22      25             -0.14620095690459828               
3       39             -0.14624400963872958               
7       43             -0.1462826372469812                
9       35             -0.1467113725841317                
27      38             -0.1469137729656511                
5       13             -0.1478371303970843                
3       37             -0.1479289678221251                
7       31             -0.1481382499667292                
5       36             -0.14821946717766782               
29      33             -0.1484529269978623                
15      40             -0.1496538523024234                
18      31             -0.15022117036653362               
11      36             -0.1512624900482865                
30      38             -0.1514181110655938                
4       37             -0.15188241620500414               
3       12             -0.1523859650029013                
40      41             -0.15240312640810144               
3       30             -0.1529278394271077                
23      31             -0.1532526623528833                
10      22             -0.15345292062560367               
9       11             -0.15358590600955024               
17      45             -0.1538214539062151                
14      39             -0.15384284316041968               
14      19             -0.15416098487168045               
5       43             -0.1543887403268202                
19      45             -0.15461137275237902               
22      29             -0.1549055272827651                
18      44             -0.15541642348538878               
10      24             -0.15552478455566687               
11      24             -0.15580871488421455               
41      46             -0.15730513213792874               
12      18             -0.1577431889154075                
12      47             -0.15804758072787795               
12      23             -0.15812549712739415               
1       45             -0.15985633484362055               
38      43             -0.15987123086646723               
29      34             -0.15996981977188687               
5       40             -0.16022433124901153               
19      27             -0.16026229933896813               
1       7              -0.16077280138455685               
5       22             -0.16077856186207157               
13      45             -0.1609930160220992                
15      35             -0.16112892019499764               
25      35             -0.16113087272615417               
12      40             -0.16115815242733733               
25      45             -0.1615566280016465                
15      25             -0.16158026232659356               
32      43             -0.16198704543452633               
34      42             -0.1621511385462583                
26      35             -0.16219175785976203               
31      43             -0.16227103012122013               
6       25             -0.16228501500768167               
1       20             -0.1629959625698174                
14      30             -0.16355625126767015               
30      44             -0.1635566857988397                
9       33             -0.16368752660964078               
20      27             -0.16500371451609633               
12      29             -0.16682483877111365               
12      22             -0.1676632249933273                
20      26             -0.16827720210390107               
37      47             -0.16858032039267884               
10      17             -0.16913136752204339               
12      35             -0.16914990406559022               
5       15             -0.1699750238603035                
6       43             -0.17015566155915396               
29      36             -0.17021290568884243               
12      17             -0.17025573986290973               
35      47             -0.17049011623473126               
19      42             -0.1706600355478369                
21      38             -0.171047411364335                 
13      34             -0.17110272387743564               
11      31             -0.17128818564370368               
35      44             -0.17131306972542704               
16      26             -0.17168269191687777               
10      23             -0.1723125301467703                
6       38             -0.17291343557118688               
27      46             -0.17312266461737635               
26      28             -0.17425378847352543               
8       45             -0.17443589026353667               
10      18             -0.17465345835814433               
2       43             -0.1746956610246055                
34      43             -0.17517835660906564               
3       31             -0.1754972954562325                
14      24             -0.17643620993241144               
3       34             -0.1775484142222971                
24      31             -0.17756672743398                  
17      31             -0.17771743865184303               
23      44             -0.17811347984667966               
19      47             -0.17827686692171774               
4       36             -0.17884777741627436               
29      47             -0.17906650034020666               
2       26             -0.17963799670131325               
14      36             -0.17964678853485225               
2       33             -0.179786527051838                 
21      39             -0.17989400406472872               
21      36             -0.18012817558637712               
22      24             -0.18026239716615622               
10      38             -0.1816116900839586                
25      30             -0.18257815823369547               
6       18             -0.18271196807503398               
21      40             -0.18276613977062514               
22      39             -0.18305880742719524               
2       34             -0.18327473261971466               
7       22             -0.1835561506168885                
16      47             -0.1837946930027599                
30      43             -0.18396661770924405               
20      42             -0.1841799732316173                
3       40             -0.18493429241576667               
23      45             -0.18508385971482483               
18      45             -0.18557337696142245               
3       36             -0.18566679293237268               
6       23             -0.18634715022317166               
4       40             -0.18658175856621323               
11      22             -0.18726884030287855               
8       14             -0.18733291141289943               
4       34             -0.18815494349693354               
2       19             -0.1883880546518637                
15      20             -0.1888902897951802                
19      30             -0.1890707280804161                
12      45             -0.1891706681010678                
25      38             -0.1899909838544544                
8       25             -0.190392863783508                 
25      46             -0.19097347037900902               
29      32             -0.19142422277048196               
43      47             -0.19163997852884906               
7       28             -0.19184322907264928               
40      44             -0.19266865406654302               
9       19             -0.1933138014794698                
35      43             -0.19383510325903633               
31      33             -0.1938612288538265                
16      29             -0.19409454632402373               
20      41             -0.19417302252144367               
2       20             -0.19424102127406068               
11      32             -0.19443378462231076               
20      47             -0.19603948524136772               
24      28             -0.19624412937721716               
19      43             -0.19793173133626327               
20      43             -0.19820925245677964               
10      31             -0.19836670778539678               
34      47             -0.19947701547254168               
35      41             -0.19947783858246768               
8       34             -0.2002432521122936                
3       13             -0.20030024940909297               
8       41             -0.2008538725052208                
33      46             -0.20166128261185215               
8       36             -0.20336883194533276               
28      44             -0.2047241527020764                
21      44             -0.20565217374406952               
21      34             -0.20567378510095596               
35      42             -0.206357837511895                 
21      32             -0.20664608459045336               
10      33             -0.2072796930705992                
12      21             -0.2076847561032627                
29      38             -0.20776428788102105               
4       32             -0.207961806610676                 
9       16             -0.20826005522334806               
15      39             -0.2083325217244979                
24      46             -0.20873842492744682               
6       37             -0.2087905898313373                
13      37             -0.20948643243771342               
26      47             -0.20993844258864194               
9       24             -0.2111206300541586                
2       38             -0.211753984768108                 
5       37             -0.21234811477800944               
20      45             -0.2123481800551998                
13      24             -0.21245894959190273               
6       17             -0.2131934885384783                
14      38             -0.21334747691088024               
13      43             -0.213601466236893                 
14      34             -0.21531224322000933               
30      45             -0.21598620343686198               
15      37             -0.2161755199423954                
13      38             -0.21779247143310101               
21      28             -0.21781251890607628               
12      41             -0.21923796704700854               
1       26             -0.21940503205302408               
21      31             -0.21976547787873008               
3       26             -0.2200018277566498                
10      16             -0.220995191881165                 
1       12             -0.22144619032232238               
14      40             -0.22259826193989982               
2       40             -0.22349150690332978               
22      46             -0.22528520377088382               
16      46             -0.22558452832709633               
16      24             -0.2264539559102754                
22      47             -0.22655741749145222               
9       22             -0.22691884208630364               
13      32             -0.2271754860155614                
7       25             -0.22826364228985951               
16      21             -0.2282964771625951                
14      28             -0.2284376161435043                
31      35             -0.22889595289515444               
26      46             -0.23007384130973502               
5       32             -0.2317706849271083                
13      26             -0.23189560171432788               
7       40             -0.23253993609871046               
7       27             -0.23261514786809734               
12      20             -0.23291958865857235               
11      41             -0.2330384365524215                
36      46             -0.23329695972250364               
19      24             -0.23353368922381287               
2       36             -0.2335339968982122                
10      30             -0.2347060616001158                
9       43             -0.23529777041308858               
10      19             -0.23705347349036865               
24      27             -0.23749800431225115               
4       38             -0.24008578675895673               
38      47             -0.24037980351743568               
30      42             -0.24069062551275425               
25      26             -0.2429459871987023                
11      37             -0.24415003658760695               
4       43             -0.2455711992162549                
25      41             -0.24580636265380784               
2       39             -0.2459773391248658                
35      45             -0.24598064880849208               
9       34             -0.24607021448454802               
14      44             -0.24648825014952896               
15      30             -0.24734898783219766               
37      46             -0.24857294870314012               
29      46             -0.24908893780639685               
15      24             -0.24947487541408225               
3       42             -0.25083951083610095               
10      36             -0.25109842717179204               
10      26             -0.25185786178618946               
4       26             -0.25242166074749894               
13      19             -0.2532845635243958                
36      47             -0.25408332313156495               
8       27             -0.25611346436555615               
6       36             -0.2583133645347522                
19      29             -0.25880837603354845               
16      39             -0.25924864729259267               
3       19             -0.26066035311823943               
9       36             -0.26085656702788873               
15      29             -0.2609380942989021                
5       42             -0.2610036722792676                
20      44             -0.26150710103739183               
14      32             -0.2624348058045449                
10      37             -0.2628259572588174                
25      42             -0.26356117930502143               
19      21             -0.2636026517448308                
24      26             -0.2637096803529118                
4       24             -0.2699801117692835                
6       40             -0.27142272532987743               
24      41             -0.2719453006783706                
24      42             -0.27294308722785454               
5       21             -0.27374037626643993               
8       42             -0.2739852026295946                
8       37             -0.2748404670035096                
9       26             -0.27793512012096466               
1       22             -0.28153984593608145               
9       38             -0.2852295923289495                
12      37             -0.28653502250026713               
26      29             -0.28753873337051233               
29      44             -0.28861649024835                  
6       19             -0.2905022479694996                
37      45             -0.2952899345957619                
15      21             -0.29535606815576243               
22      45             -0.29681770281850883               
29      42             -0.29799686020457794               
10      29             -0.30115704725013703               
21      25             -0.30298559508858236               
29      41             -0.30765771263358177               
11      47             -0.30840797323585556               
7       15             -0.31329559186654493               
42      46             -0.313570696353093                 
9       37             -0.31396610753937476               
10      34             -0.31740753046813336               
14      16             -0.3294180638747929                
5       41             -0.33833969830332455               
14      25             -0.347459205466254                 
7       35             -0.35362379906539054               
31      46             -0.45724118220082743               
