#======================================================================
# PARAMETERS USED FOR THIS COMPUTATION: 
#      Sequence type: RNA
#      Total number of sequences in alignment data: 7
#      Length of sequences in alignment data: 35
#      Effective number of sequences: 1.5428571428571427
#      Value of sequence identity: 0.8
#      Value of relative pseudocount: 0.5
# The First and Second columns represent sites and the
# Third column is MFDCA Frobenius norm, average product corrected (APC) DCA score
#======================================================================
18      26             1.5563162404079045                 
16      18             1.5563162404079043                 
16      26             1.5563162404079032                 
11      16             1.2446852393182812                 
11      26             1.2446852393182803                 
11      18             1.2446852393182803                 
31      32             1.236522890896294                  
1       10             1.2365228908962922                 
1       32             1.2365228908962904                 
1       31             1.2365228908962902                 
10      31             1.23652289089629                   
10      32             1.2365228908962898                 
21      34             1.109518136646413                  
10      11             0.9674875271344113                 
1       11             0.9674875271344093                 
11      32             0.967487527134409                  
11      31             0.9674875271344089                 
34      35             0.7574311511772496                 
11      20             0.3002947018607651                 
20      35             0.21120902517943568                
20      34             0.15035657958891363                
16      20             0.08116570617491675                
20      26             0.08116570617491664                
18      20             0.08116570617491647                
1       21             0.07242964915539102                
10      21             0.07242964915539102                
21      32             0.07242964915539007                
21      31             0.07242964915538996                
13      29             0.07158275961836169                
13      30             0.07158275961836169                
13      33             0.07158275961836169                
13      22             0.07158275961836158                
13      23             0.07158275961836152                
13      24             0.07158275961836152                
17      33             0.07158275961836152                
12      33             0.07158275961836152                
13      25             0.07158275961836147                
14      29             0.07158275961836147                
14      33             0.07158275961836147                
13      27             0.07158275961836141                
13      28             0.07158275961836141                
17      29             0.07158275961836141                
12      30             0.07158275961836141                
14      30             0.07158275961836136                
17      30             0.07158275961836136                
12      29             0.07158275961836136                
14      27             0.0715827596183613                 
12      24             0.0715827596183613                 
3       19             0.0715827596183613                 
14      24             0.07158275961836125                
17      24             0.07158275961836125                
12      28             0.07158275961836125                
17      27             0.07158275961836119                
12      23             0.07158275961836119                
12      25             0.07158275961836119                
12      27             0.07158275961836119                
14      22             0.07158275961836114                
14      23             0.07158275961836114                
17      23             0.07158275961836114                
17      25             0.07158275961836114                
17      28             0.07158275961836114                
14      25             0.07158275961836108                
14      28             0.07158275961836108                
12      22             0.07158275961836108                
2       19             0.07158275961836102                
17      22             0.07158275961836097                
15      29             0.07158275961836064                
4       19             0.07158275961836064                
15      30             0.07158275961836058                
15      33             0.07158275961836058                
5       19             0.07158275961836058                
15      27             0.07158275961836036                
15      28             0.07158275961836036                
15      22             0.0715827596183603                 
15      24             0.0715827596183603                 
15      23             0.07158275961836019                
15      25             0.07158275961836019                
8       33             0.07158275961836003                
8       29             0.07158275961835997                
9       19             0.07158275961835997                
8       30             0.07158275961835991                
8       28             0.07158275961835986                
8       24             0.0715827596183598                 
8       27             0.07158275961835975                
9       30             0.07158275961835975                
9       33             0.07158275961835975                
8       25             0.07158275961835964                
7       30             0.07158275961835964                
7       33             0.07158275961835964                
9       29             0.07158275961835964                
8       23             0.07158275961835958                
8       22             0.07158275961835953                
7       29             0.07158275961835953                
9       27             0.07158275961835947                
7       27             0.07158275961835942                
7       28             0.07158275961835942                
9       22             0.07158275961835942                
7       24             0.07158275961835936                
6       29             0.07158275961835936                
6       30             0.07158275961835936                
6       33             0.07158275961835936                
9       24             0.07158275961835936                
9       23             0.0715827596183593                 
9       25             0.0715827596183593                 
3       7              0.0715827596183593                 
7       23             0.07158275961835925                
6       24             0.07158275961835925                
9       28             0.07158275961835925                
7       22             0.07158275961835919                
6       23             0.07158275961835919                
7       25             0.07158275961835914                
6       22             0.07158275961835914                
6       27             0.07158275961835914                
4       33             0.07158275961835914                
2       29             0.07158275961835914                
2       30             0.07158275961835914                
4       29             0.07158275961835908                
4       30             0.07158275961835908                
3       8              0.07158275961835908                
2       33             0.07158275961835908                
6       25             0.07158275961835903                
6       28             0.07158275961835903                
3       29             0.07158275961835897                
4       28             0.07158275961835892                
4       8              0.07158275961835892                
2       25             0.07158275961835892                
2       27             0.07158275961835892                
4       22             0.07158275961835886                
4       24             0.07158275961835886                
5       7              0.07158275961835886                
2       24             0.07158275961835886                
5       33             0.07158275961835886                
2       7              0.07158275961835886                
3       33             0.07158275961835886                
4       27             0.0715827596183588                 
2       22             0.0715827596183588                 
5       29             0.0715827596183588                 
2       8              0.0715827596183588                 
4       25             0.07158275961835875                
4       7              0.07158275961835875                
2       23             0.07158275961835875                
2       28             0.07158275961835875                
3       30             0.07158275961835875                
4       23             0.0715827596183587                 
5       8              0.0715827596183587                 
3       24             0.0715827596183587                 
5       30             0.0715827596183587                 
5       27             0.07158275961835864                
5       28             0.07158275961835864                
3       27             0.07158275961835864                
5       24             0.07158275961835858                
3       22             0.07158275961835858                
3       23             0.07158275961835858                
3       28             0.07158275961835858                
3       25             0.07158275961835853                
6       19             0.07158275961835853                
5       22             0.07158275961835847                
5       25             0.07158275961835847                
3       12             0.07158275961835847                
5       23             0.07158275961835842                
8       15             0.07158275961835836                
2       12             0.0715827596183582                 
8       17             0.07158275961835808                
4       12             0.07158275961835808                
8       14             0.07158275961835803                
9       15             0.07158275961835803                
8       13             0.07158275961835797                
7       17             0.07158275961835792                
5       12             0.07158275961835792                
7       15             0.0715827596183578                 
6       13             0.07158275961835764                
6       17             0.07158275961835764                
4       15             0.07158275961835764                
6       15             0.07158275961835758                
7       14             0.07158275961835747                
9       17             0.07158275961835747                
7       13             0.07158275961835742                
9       13             0.07158275961835742                
9       14             0.0715827596183573                 
9       12             0.0715827596183573                 
4       17             0.07158275961835725                
3       17             0.07158275961835725                
3       15             0.07158275961835725                
5       15             0.07158275961835714                
6       14             0.07158275961835708                
2       5              0.07158275961835708                
3       5              0.07158275961835708                
2       17             0.07158275961835703                
4       14             0.07158275961835697                
4       13             0.07158275961835697                
3       6              0.07158275961835697                
2       15             0.07158275961835697                
2       14             0.07158275961835692                
5       13             0.07158275961835686                
3       13             0.07158275961835686                
5       17             0.0715827596183568                 
2       13             0.0715827596183568                 
5       14             0.07158275961835675                
12      19             0.07158275961835675                
4       6              0.0715827596183567                 
4       5              0.07158275961835664                
5       6              0.07158275961835653                
2       6              0.07158275961835653                
3       14             0.07158275961835642                
6       8              0.07158275961835642                
6       7              0.07158275961835636                
4       9              0.07158275961835636                
6       9              0.0715827596183563                 
14      19             0.0715827596183562                 
7       9              0.0715827596183562                 
2       9              0.0715827596183562                 
7       19             0.07158275961835608                
6       12             0.07158275961835603                
8       19             0.07158275961835592                
3       9              0.07158275961835553                
2       4              0.07158275961835542                
5       9              0.0715827596183552                 
19      29             0.0715827596183552                 
19      30             0.0715827596183552                 
19      33             0.0715827596183552                 
2       3              0.0715827596183552                 
13      19             0.07158275961835497                
19      27             0.07158275961835492                
19      28             0.07158275961835492                
19      25             0.07158275961835486                
3       4              0.07158275961835486                
19      24             0.07158275961835481                
19      23             0.07158275961835475                
19      22             0.07158275961835464                
15      19             0.07158275961835464                
7       8              0.07158275961835459                
24      33             0.07158275961835436                
22      29             0.07158275961835431                
22      30             0.07158275961835431                
22      33             0.07158275961835431                
27      33             0.07158275961835431                
24      29             0.07158275961835431                
23      33             0.07158275961835425                
25      30             0.07158275961835425                
27      30             0.07158275961835425                
24      30             0.07158275961835425                
23      29             0.0715827596183542                 
23      30             0.0715827596183542                 
25      29             0.0715827596183542                 
25      33             0.0715827596183542                 
27      29             0.0715827596183542                 
22      27             0.07158275961835409                
27      28             0.07158275961835409                
24      28             0.07158275961835409                
22      25             0.07158275961835403                
24      27             0.07158275961835403                
22      28             0.07158275961835397                
25      28             0.07158275961835397                
22      24             0.07158275961835397                
22      23             0.07158275961835392                
23      27             0.07158275961835392                
23      28             0.07158275961835392                
25      27             0.07158275961835392                
23      24             0.07158275961835392                
24      25             0.07158275961835392                
28      33             0.07158275961835392                
15      17             0.07158275961835392                
23      25             0.07158275961835386                
30      33             0.07158275961835381                
28      29             0.07158275961835375                
28      30             0.0715827596183537                 
29      33             0.0715827596183537                 
29      30             0.07158275961835359                
17      19             0.07158275961835353                
7       12             0.07158275961835336                
12      15             0.07158275961835336                
8       12             0.07158275961835303                
13      15             0.07158275961835298                
12      17             0.0715827596183527                 
12      14             0.07158275961835264                
12      13             0.07158275961835259                
14      15             0.07158275961835253                
13      17             0.07158275961835242                
13      14             0.07158275961835225                
14      17             0.07158275961835225                
8       9              0.07158275961835125                
32      34             0.026415242290971808               
31      34             0.026415242290971752               
10      34             0.026415242290971308               
1       34             0.026415242290971197               
14      35             -0.005124614945636402              
19      35             -0.005124614945636402              
17      35             -0.005124614945636735              
15      35             -0.005124614945636791              
9       35             -0.005124614945636846              
13      35             -0.005124614945636902              
12      35             -0.0051246149456370405             
24      35             -0.005124614945637096              
23      35             -0.005124614945637179              
27      35             -0.005124614945637207              
3       35             -0.005124614945637207              
28      35             -0.005124614945637235              
6       35             -0.005124614945637235              
4       35             -0.0051246149456372625             
22      35             -0.00512461494563729               
25      35             -0.00512461494563729               
2       35             -0.005124614945637623              
5       35             -0.005124614945637873              
7       35             -0.005124614945637901              
8       35             -0.005124614945638206              
30      35             -0.0051246149456385115             
33      35             -0.0051246149456385115             
29      35             -0.005124614945638539              
11      35             -0.01112036965396529               
21      35             -0.01175846932035493               
1       20             -0.015959574742681615              
10      20             -0.015959574742682003              
20      31             -0.015959574742683502              
20      32             -0.015959574742683502              
19      21             -0.029637972366053728              
21      30             -0.02963797236605542               
21      33             -0.02963797236605545               
21      29             -0.029637972366055476              
21      24             -0.029637972366055615              
21      27             -0.029637972366055643              
21      22             -0.02963797236605567               
21      28             -0.02963797236605567               
21      23             -0.029637972366055698              
21      25             -0.02963797236605578               
15      21             -0.029637972366057724              
9       21             -0.029637972366057863              
14      21             -0.02963797236605803               
17      21             -0.02963797236605828               
6       21             -0.029637972366058418              
13      21             -0.02963797236605853               
4       21             -0.029637972366058946              
12      21             -0.029637972366059                 
3       21             -0.029637972366059223              
5       21             -0.02963797236605925               
2       21             -0.029637972366059417              
8       21             -0.029637972366059584              
7       21             -0.02963797236605975               
19      20             -0.032086625207118524              
9       20             -0.0320866252071193                
5       20             -0.03208662520711947               
3       20             -0.032086625207120356              
20      33             -0.03208662520712058               
20      30             -0.032086625207120634              
20      29             -0.03208662520712069               
12      20             -0.03208662520712069               
2       20             -0.0320866252071208                
20      28             -0.032086625207120856              
6       20             -0.03208662520712091               
15      20             -0.03208662520712091               
20      27             -0.03208662520712097               
20      25             -0.03208662520712102               
20      24             -0.03208662520712102               
20      23             -0.03208662520712108               
8       20             -0.03208662520712108               
4       20             -0.03208662520712113               
20      22             -0.03208662520712119               
14      20             -0.032086625207121466              
7       20             -0.032086625207121466              
13      20             -0.03208662520712208               
17      20             -0.03208662520712274               
11      34             -0.05165247542070511               
19      34             -0.0746119693569719                
24      34             -0.07461196935697267               
27      34             -0.0746119693569727                
25      34             -0.07461196935697276               
22      34             -0.07461196935697278               
23      34             -0.07461196935697284               
28      34             -0.074611969356973                 
33      34             -0.07461196935697323               
29      34             -0.07461196935697331               
30      34             -0.07461196935697331               
17      34             -0.07461196935697395               
15      34             -0.07461196935697423               
13      34             -0.07461196935697431               
14      34             -0.07461196935697434               
5       34             -0.07461196935697473               
9       34             -0.07461196935697484               
6       34             -0.074611969356975                 
4       34             -0.07461196935697506               
12      34             -0.07461196935697517               
3       34             -0.07461196935697556               
8       34             -0.07461196935697564               
2       34             -0.07461196935697564               
7       34             -0.07461196935697573               
11      21             -0.0874754830638253                
20      21             -0.09078106133814076               
10      35             -0.11332351679860989               
1       35             -0.11332351679861055               
31      35             -0.11332351679861094               
32      35             -0.11332351679861094               
26      34             -0.13148934949549193               
16      34             -0.13148934949549201               
18      34             -0.1314893494954922                
18      35             -0.13633161595904353               
16      35             -0.13633161595904364               
26      35             -0.13633161595904386               
16      19             -0.14289946659571998               
18      19             -0.1428994665957203                
17      26             -0.14289946659572056               
15      26             -0.14289946659572073               
9       26             -0.14289946659572075               
19      26             -0.14289946659572078               
13      26             -0.1428994665957209                
16      33             -0.14289946659572095               
18      33             -0.14289946659572095               
16      29             -0.14289946659572098               
16      30             -0.14289946659572098               
18      29             -0.14289946659572098               
18      30             -0.14289946659572103               
3       26             -0.14289946659572111               
12      26             -0.14289946659572114               
16      24             -0.14289946659572125               
18      24             -0.14289946659572125               
2       26             -0.14289946659572128               
16      22             -0.1428994665957213                
16      28             -0.1428994665957213                
14      26             -0.14289946659572136               
16      25             -0.14289946659572136               
16      27             -0.14289946659572136               
18      27             -0.14289946659572136               
18      28             -0.14289946659572136               
4       26             -0.1428994665957214                
18      22             -0.14289946659572142               
18      23             -0.14289946659572142               
9       16             -0.14289946659572145               
18      25             -0.14289946659572147               
6       26             -0.14289946659572147               
9       18             -0.1428994665957215                
16      23             -0.14289946659572153               
3       16             -0.14289946659572159               
3       18             -0.14289946659572159               
5       26             -0.1428994665957217                
24      26             -0.1428994665957218                
2       18             -0.14289946659572186               
15      18             -0.1428994665957219                
7       26             -0.14289946659572197               
2       16             -0.14289946659572197               
22      26             -0.14289946659572203               
6       18             -0.14289946659572203               
4       18             -0.14289946659572203               
23      26             -0.14289946659572206               
25      26             -0.14289946659572206               
4       16             -0.14289946659572206               
6       16             -0.14289946659572209               
8       26             -0.1428994665957222                
16      17             -0.1428994665957222                
15      16             -0.1428994665957222                
5       16             -0.14289946659572247               
7       16             -0.1428994665957225                
12      18             -0.1428994665957225                
8       16             -0.14289946659572256               
12      16             -0.14289946659572256               
5       18             -0.14289946659572256               
17      18             -0.14289946659572259               
7       18             -0.14289946659572267               
26      33             -0.1428994665957227                
26      29             -0.14289946659572272               
26      30             -0.14289946659572272               
8       18             -0.14289946659572292               
26      27             -0.14289946659572306               
26      28             -0.14289946659572306               
13      16             -0.14289946659572306               
14      16             -0.14289946659572322               
14      18             -0.14289946659572325               
13      18             -0.14289946659572325               
10      16             -0.1509994718296922                
10      18             -0.1509994718296922                
1       18             -0.15099947182969253               
1       16             -0.1509994718296928                
10      26             -0.15099947182969287               
26      32             -0.1509994718296932                
26      31             -0.1509994718296933                
18      32             -0.1509994718296933                
1       26             -0.15099947182969337               
16      31             -0.15099947182969337               
16      32             -0.15099947182969337               
18      31             -0.15099947182969342               
10      19             -0.17681114518983415               
1       19             -0.17681114518983543               
1       2              -0.176811145189836                 
15      32             -0.17681114518983604               
17      32             -0.17681114518983607               
17      31             -0.1768111451898361                
15      31             -0.17681114518983615               
14      32             -0.17681114518983643               
19      32             -0.17681114518983646               
19      31             -0.17681114518983648               
14      31             -0.1768111451898365                
10      12             -0.17681114518983657               
10      33             -0.1768111451898366                
10      29             -0.17681114518983668               
10      30             -0.17681114518983668               
8       32             -0.17681114518983676               
8       31             -0.17681114518983682               
1       29             -0.17681114518983684               
1       33             -0.17681114518983687               
1       30             -0.1768111451898369                
1       8              -0.17681114518983695               
10      24             -0.17681114518983695               
9       32             -0.17681114518983695               
10      27             -0.17681114518983698               
10      28             -0.176811145189837                 
5       32             -0.176811145189837                 
9       31             -0.17681114518983704               
1       7              -0.1768111451898371                
10      22             -0.17681114518983712               
10      23             -0.17681114518983712               
1       24             -0.17681114518983718               
10      25             -0.17681114518983718               
5       31             -0.17681114518983718               
1       27             -0.17681114518983723               
1       28             -0.17681114518983723               
6       32             -0.17681114518983726               
1       23             -0.17681114518983732               
13      32             -0.17681114518983732               
6       31             -0.17681114518983732               
1       22             -0.17681114518983734               
1       4              -0.17681114518983734               
12      32             -0.17681114518983734               
2       32             -0.17681114518983734               
7       32             -0.17681114518983737               
12      31             -0.17681114518983737               
1       25             -0.1768111451898374                
13      31             -0.1768111451898374                
7       31             -0.17681114518983745               
2       31             -0.17681114518983745               
24      32             -0.1768111451898375                
3       32             -0.17681114518983757               
24      31             -0.1768111451898376                
3       31             -0.17681114518983762               
27      32             -0.17681114518983765               
28      32             -0.17681114518983765               
22      32             -0.1768111451898377                
25      32             -0.1768111451898377                
27      31             -0.1768111451898377                
28      31             -0.1768111451898377                
1       3              -0.1768111451898377                
23      32             -0.17681114518983773               
4       32             -0.17681114518983773               
22      31             -0.17681114518983776               
1       12             -0.17681114518983776               
29      32             -0.17681114518983776               
23      31             -0.1768111451898378                
25      31             -0.1768111451898378                
29      31             -0.1768111451898378                
30      31             -0.1768111451898378                
30      32             -0.1768111451898378                
10      15             -0.1768111451898378                
4       31             -0.17681114518983782               
1       15             -0.17681114518983798               
1       5              -0.17681114518983826               
10      17             -0.1768111451898383                
2       10             -0.17681114518983831               
1       6              -0.17681114518983834               
6       10             -0.17681114518983834               
1       17             -0.17681114518983837               
10      13             -0.17681114518983845               
5       10             -0.17681114518983845               
7       10             -0.17681114518983848               
3       10             -0.1768111451898386                
1       13             -0.17681114518983868               
10      14             -0.17681114518983876               
4       10             -0.17681114518983876               
1       9              -0.1768111451898389                
9       10             -0.176811145189839                 
1       14             -0.17681114518983904               
32      33             -0.1768111451898393                
31      33             -0.17681114518983942               
8       10             -0.17681114518983995               
21      26             -0.18596463410440103               
16      21             -0.18596463410440103               
18      21             -0.18596463410440112               
11      19             -0.32449976473127784               
9       11             -0.32449976473127884               
11      33             -0.32449976473127906               
11      29             -0.32449976473127906               
11      30             -0.3244997647312791                
11      12             -0.3244997647312791                
2       11             -0.3244997647312793                
11      28             -0.3244997647312795                
11      24             -0.3244997647312795                
3       11             -0.3244997647312795                
11      27             -0.32449976473127956               
11      23             -0.32449976473127967               
11      22             -0.32449976473127967               
11      25             -0.3244997647312797                
6       11             -0.3244997647312798                
11      15             -0.32449976473127984               
5       11             -0.32449976473127995               
8       11             -0.32449976473128                  
7       11             -0.3244997647312801                
4       11             -0.3244997647312802                
11      17             -0.3244997647312805                
11      13             -0.3244997647312806                
11      14             -0.32449976473128117               
