#======================================================================
# PARAMETERS USED FOR THIS COMPUTATION: 
#      Sequence type: RNA
#      Total number of sequences in alignment data: 18
#      Length of sequences in alignment data: 35
#      Effective number of sequences: 15.0
#      Value of sequence identity: 0.8
#      Value of relative pseudocount: 0.5
# The First and Second columns represent sites and the
# Third column is MFDCA Frobenius norm, average product corrected (APC) DCA score
#======================================================================
4       26             2.441856575950183                  
3       27             2.146747307765766                  
1       29             1.689652867780704                  
12      19             1.4437589910043191                 
2       28             1.3632697765701824                 
10      21             1.2473119379228919                 
13      18             1.035406817653279                  
6       24             0.9821875517779053                 
13      15             0.8198352642648896                 
17      18             0.7960294961737838                 
32      33             0.7836940018891871                 
5       32             0.763102120597978                  
12      13             0.7573939393904248                 
19      25             0.7048228792963728                 
33      35             0.6988981680932451                 
12      25             0.6697381615072036                 
31      32             0.6622620218978795                 
14      24             0.6170872619069286                 
31      34             0.5815790754702788                 
1       14             0.5730388542633199                 
14      29             0.5730388542633196                 
13      19             0.508665061840696                  
2       4              0.5001098053399724                 
2       26             0.5001098053399724                 
27      34             0.4938985811590756                 
3       34             0.4938985811590756                 
21      31             0.48739239556683944                
18      34             0.4781770283039629                 
5       25             0.4642925820187783                 
18      30             0.4601419689711844                 
4       6              0.45586266117606444                
6       26             0.4558626611760641                 
6       31             0.45292628318742056                
28      32             0.4439059498741007                 
3       10             0.44303798493857227                
10      27             0.44303798493857194                
6       17             0.4360775014245061                 
10      12             0.43518252295654547                
18      35             0.43051624368885133                
2       24             0.42261484022038753                
6       32             0.4154906950296602                 
9       23             0.3989491673491724                 
9       22             0.3989491673491723                 
11      20             0.3989491673491721                 
7       11             0.39894916734917135                
7       20             0.3989491673491711                 
11      22             0.39894916734917096                
11      23             0.39894916734917096                
8       9              0.39894916734917085                
8       20             0.3989491673491705                 
7       8              0.3989491673491704                 
9       20             0.3989491673491703                 
7       22             0.3989491673491702                 
7       23             0.3989491673491701                 
8       11             0.39894916734916985                
8       22             0.39894916734916985                
8       23             0.39894916734916985                
9       11             0.39894916734916974                
20      23             0.39894916734916963                
22      23             0.39894916734916963                
7       9              0.3989491673491695                 
20      22             0.3989491673491695                 
2       15             0.39604324594827334                
13      16             0.388037502363699                  
24      31             0.3810719261264196                 
13      35             0.3782220512079084                 
14      18             0.36859881690489005                
17      31             0.3599807170438164                 
24      30             0.35932485295506045                
27      28             0.34704224547756923                
3       28             0.3470422454775689                 
14      15             0.34149851023081546                
33      34             0.34103958970144843                
15      30             0.33929445524708113                
25      34             0.3341622047195917                 
21      26             0.3288952630381088                 
4       21             0.3288952630381087                 
17      34             0.3274830159307317                 
17      24             0.3203184724267434                 
6       34             0.3187224704106041                 
28      31             0.3126927070080546                 
12      31             0.3114870049723537                 
2       25             0.3113188407916615                 
2       6              0.3073672314488274                 
14      19             0.29650876347444644                
18      28             0.29303941256069466                
10      19             0.2809523853828061                 
2       10             0.27673505694379075                
5       31             0.2761166225626368                 
2       21             0.2742421498943026                 
6       14             0.2668058918115208                 
10      26             0.26620696607704075                
4       10             0.2662069660770404                 
14      31             0.25335413639129856                
32      34             0.24033289507482536                
30      34             0.23818536522826816                
3       35             0.23257392038639446                
27      35             0.23257392038639424                
21      30             0.23004082164094497                
21      35             0.22977873394980952                
3       5              0.2219273866677074                 
5       27             0.22192738666770728                
30      32             0.2130318569818106                 
25      27             0.21248886356167918                
3       25             0.21248886356167862                
16      34             0.210067556058239                  
2       16             0.20599602213279689                
3       24             0.20479013927544198                
24      27             0.20479013927544132                
15      31             0.2025687264560294                 
32      35             0.2020968036146512                 
10      32             0.20148428694162812                
15      32             0.19935042751480736                
28      35             0.17907015860279407                
15      35             0.17624437721027553                
30      31             0.1741721801471886                 
15      18             0.1723038353676246                 
34      35             0.170784633648997                  
24      34             0.16676593016929908                
6       16             0.1653597269212012                 
17      26             0.16261262692545542                
4       17             0.1626126269254553                 
30      33             0.15699631735996045                
16      20             0.14945450709543004                
11      16             0.14945450709542865                
8       16             0.1494545070954278                 
16      23             0.1494545070954277                 
16      22             0.1494545070954276                 
9       16             0.14945450709542743                
7       16             0.14945450709542724                
12      18             0.14839941019059688                
13      17             0.14735916560193563                
12      15             0.14536294951532813                
13      32             0.14231123049571048                
5       33             0.14123500131404199                
10      35             0.13847837862041545                
5       19             0.13720722414506747                
5       30             0.13618323733409476                
13      33             0.13528806338171295                
2       30             0.1323925959302401                 
15      28             0.1322327228792578                 
21      25             0.13207929871821822                
10      34             0.1143554559195683                 
26      32             0.11308686238439458                
4       32             0.11308686238439325                
2       5              0.10575535990841567                
16      25             0.10372984252889544                
21      27             0.09788256808162188                
3       21             0.09788256808162077                
18      33             0.09514783902836976                
16      28             0.09275399287631775                
17      19             0.09148417875594239                
3       12             0.09072169477230874                
12      27             0.09072169477230807                
11      30             0.08493544553518417                
8       30             0.08493544553518384                
23      30             0.08493544553518373                
7       30             0.08493544553518362                
22      30             0.0849354455351835                 
20      30             0.08493544553518345                
9       30             0.08493544553518273                
16      17             0.0840083704861932                 
24      35             0.08130381127280384                
24      26             0.07856118440238502                
4       24             0.07856118440238447                
10      28             0.07649227467265951                
6       28             0.07556195974628666                
16      19             0.07538095105161069                
19      28             0.07235777692911971                
21      34             0.0710556011261354                 
11      19             0.06877763719489521                
8       19             0.06877763719489483                
9       19             0.06877763719489471                
19      20             0.0687776371948946                 
7       19             0.0687776371948946                 
19      23             0.06877763719489294                
19      22             0.06877763719489288                
17      32             0.06629632491347981                
1       31             0.06448601460658732                
29      31             0.06448601460658687                
5       7              0.05692727423306221                
5       20             0.05692727423306193                
5       8              0.05692727423306182                
5       11             0.05692727423306149                
5       22             0.05692727423306132                
5       23             0.05692727423306132                
5       9              0.056927274233061265               
5       13             0.05561008949368329                
5       18             0.05554875033392426                
1       17             0.05422300868036445                
17      29             0.05422300868036434                
5       28             0.05365417107228898                
14      25             0.05339590508012193                
8       33             0.0521296010485236                 
7       33             0.05212960104852343                
9       33             0.052129601048523155               
23      33             0.052129601048523044               
22      33             0.05212960104852299                
20      33             0.05212960104852293                
11      33             0.05212960104852271                
24      33             0.0479949630634422                 
22      29             0.04620007216104588                
20      29             0.04620007216104577                
23      29             0.04620007216104577                
1       9              0.04620007216104499                
1       8              0.046200072161044936               
1       23             0.046200072161044936               
1       22             0.04620007216104488                
1       20             0.04620007216104466                
1       11             0.046200072161044436               
7       29             0.046200072161044436               
9       29             0.046200072161044436               
1       7              0.046200072161044436               
8       29             0.04620007216104438                
11      29             0.046200072161043826               
6       15             0.04596525533669449                
22      25             0.0458218729516352                 
23      25             0.045821872951635145               
20      25             0.045821872951635034               
11      25             0.04582187295163376                
7       25             0.045821872951633424               
8       25             0.04582187295163315                
9       25             0.04582187295163276                
26      29             0.045112577423698785               
1       4              0.04511257742369856                
1       26             0.04511257742369834                
4       29             0.04511257742369801                
13      14             0.04013643823329416                
2       13             0.03750324868153987                
2       33             0.035079631972688596               
9       35             0.03485892002155                   
11      35             0.03485892002154983                
7       35             0.03485892002154978                
8       35             0.03485892002154939                
23      35             0.03485892002154789                
22      35             0.034858920021547835               
20      35             0.034858920021547724               
1       27             0.029943575184525395               
3       29             0.029943575184525062               
1       3              0.02994357518452495                
27      29             0.029943575184523508               
14      22             0.028539800674259153               
14      23             0.028539800674259153               
11      14             0.028539800674257765               
9       14             0.028539800674257765               
7       14             0.028539800674257376               
8       14             0.02853980067425732                
14      20             0.02853980067425449                
6       29             0.027557267137116592               
1       6              0.027557267137115815               
17      30             0.0263361368898144                 
13      34             0.024950386945755576               
3       15             0.018298003030657872               
15      27             0.01829800303065643                
12      28             0.016263219512819282               
5       10             0.014393752047372144               
26      27             0.013517539846782056               
3       4              0.013517539846781279               
4       27             0.013517539846781168               
3       26             0.013517539846781168               
15      26             0.011691931872940264               
4       15             0.01169193187293982                
1       24             -0.0019574432186957313             
24      29             -0.0019574432186968416             
15      33             -0.0022626546620384547             
26      28             -0.0025483907052996635             
4       28             -0.00254839070530144               
14      17             -0.003032726958908216              
28      33             -0.0060092909498502545             
2       34             -0.006019175924716125              
12      33             -0.008273789546841437              
14      28             -0.010013931530557074              
19      21             -0.010672248276503704              
21      28             -0.012088061496241864              
25      32             -0.014464580422480888              
12      21             -0.014519429175725018              
1       5              -0.016662086018770617              
5       29             -0.016662086018770728              
31      35             -0.019716251089516024              
17      20             -0.021072912638607222              
11      17             -0.021072912638607777              
7       17             -0.021072912638607944              
17      23             -0.021072912638607944              
17      22             -0.021072912638608055              
8       17             -0.021072912638608055              
9       17             -0.021072912638608277              
4       30             -0.027322219948848092              
26      30             -0.027322219948848536              
14      16             -0.028266266666172435              
10      18             -0.030620413051465678              
16      33             -0.03212056426181209               
15      19             -0.03430172093347361               
4       12             -0.034323802052059205              
12      26             -0.034323802052059316              
16      29             -0.03436686603555833               
1       16             -0.034366866035560883              
3       31             -0.03541612828253293               
27      31             -0.03541612828253371               
5       34             -0.035419374859151365              
12      14             -0.03658306003571077               
18      29             -0.03771581326760154               
1       18             -0.03771581326760198               
19      33             -0.04133997740818107               
2       32             -0.04999749438845813               
4       16             -0.05426767243774078               
16      26             -0.054267672437741055              
15      20             -0.05441590497336152               
11      15             -0.054415904973361795              
8       15             -0.05441590497336274               
15      23             -0.05441590497336324               
7       15             -0.05441590497336335               
15      22             -0.05441590497336335               
9       15             -0.054415904973364015              
8       21             -0.05617984108654156               
7       21             -0.05617984108654184               
11      21             -0.05617984108654217               
9       21             -0.056179841086542504              
21      22             -0.05617984108654278               
21      23             -0.05617984108654278               
20      21             -0.056179841086543225              
10      16             -0.05959729956654963               
15      34             -0.06407106488802605               
18      25             -0.0652021448636253                
17      33             -0.07143631995591693               
25      29             -0.07262838438322089               
1       25             -0.07262838438322178               
15      17             -0.07272138061738564               
13      26             -0.07416410973369325               
4       13             -0.07416410973369336               
10      25             -0.07789678359967334               
24      32             -0.07970882136873192               
2       12             -0.08077719742068412               
18      32             -0.08083793928950711               
12      35             -0.08107672401734245               
16      21             -0.08389433203489649               
28      34             -0.08422731465372602               
10      31             -0.08445032286686893               
17      28             -0.09010336984503908               
13      29             -0.09024081929556838               
1       13             -0.09024081929556915               
26      33             -0.09102442316889292               
4       33             -0.09102442316889336               
16      24             -0.09211497231296994               
24      28             -0.09337742637566993               
1       33             -0.0957519281756174                
29      33             -0.09575192817561773               
6       10             -0.09638861985496072               
1       19             -0.0975370982283284                
19      29             -0.09753709822832918               
16      30             -0.10292326865730062               
13      22             -0.10461262212376993               
13      23             -0.10461262212376993               
8       13             -0.10461262212377054               
7       13             -0.1046126221237707                
9       13             -0.1046126221237707                
11      13             -0.10461262212377143               
13      20             -0.10461262212377154               
8       18             -0.1097110282519283                
18      22             -0.10971102825192863               
18      23             -0.10971102825192863               
7       18             -0.10971102825192869               
9       18             -0.10971102825192874               
11      18             -0.10971102825192908               
18      20             -0.10971102825193002               
12      17             -0.11112949039201314               
3       30             -0.12121314132458094               
27      30             -0.12121314132458194               
6       21             -0.12231913603593725               
16      18             -0.1297503425513547                
18      21             -0.1314957079234278                
3       32             -0.13188133315716744               
27      32             -0.131881333157168                 
6       7              -0.132048114983194                 
6       23             -0.1320481149831941                
6       22             -0.13204811498319413               
6       8              -0.13204811498319427               
6       9              -0.13204811498319444               
6       20             -0.13204811498319452               
6       11             -0.13204811498319463               
5       12             -0.13234549873070656               
22      31             -0.13482169474271133               
23      31             -0.13482169474271136               
7       31             -0.13482169474271144               
8       31             -0.13482169474271147               
20      31             -0.1348216947427115                
9       31             -0.13482169474271152               
11      31             -0.13482169474271227               
23      24             -0.13499479296542233               
22      24             -0.13499479296542238               
20      24             -0.1349947929654226                
11      24             -0.13499479296542347               
9       24             -0.13499479296542358               
8       24             -0.13499479296542363               
7       24             -0.13499479296542366               
6       30             -0.1380188232777224                
21      29             -0.1383773882207282                
1       21             -0.13837738822072876               
5       17             -0.13937547462828226               
29      30             -0.1435994736673744                
1       30             -0.14359947366737452               
12      30             -0.1462520224581625                
27      33             -0.14727454083784186               
3       33             -0.14727454083784197               
2       35             -0.1477829226700258                
2       14             -0.14885255524977292               
4       25             -0.15253620520632372               
25      26             -0.15253620520632383               
5       26             -0.153801175275334                 
4       5              -0.1538011752753351                
21      24             -0.15494015263871974               
15      24             -0.15608365990529494               
6       35             -0.15629327516345104               
12      16             -0.15869460819615233               
6       12             -0.15981905817277664               
19      32             -0.16068497849629781               
17      25             -0.16359883832791722               
13      21             -0.16697422734944423               
15      25             -0.16919387606954817               
14      34             -0.17242925202666182               
8       10             -0.17345723671088165               
9       10             -0.17345723671088178               
10      22             -0.17345723671088203               
10      23             -0.17345723671088203               
7       10             -0.17345723671088245               
10      20             -0.17345723671088253               
10      11             -0.17345723671088267               
14      26             -0.17786282464928616               
4       14             -0.17786282464928704               
3       16             -0.1816081830005487                
16      27             -0.18160818300054915               
10      33             -0.18287510286314168               
19      31             -0.18303397156316759               
6       27             -0.18492364568088637               
3       6              -0.18492364568088737               
1       12             -0.18738556315813776               
12      29             -0.1873855631581378                
2       22             -0.1937819819102842                
2       23             -0.1937819819102842                
2       9              -0.19378198191028434               
2       7              -0.19378198191028448               
2       8              -0.19378198191028462               
2       20             -0.1937819819102848                
2       11             -0.19378198191028512               
10      13             -0.19821581190343363               
5       16             -0.19930516013534647               
5       35             -0.20154039485817993               
2       31             -0.20401586133629968               
21      33             -0.20600114565957617               
21      32             -0.2064241231378432                
12      20             -0.2096475405109222                
8       12             -0.20964754051092296               
11      12             -0.20964754051092302               
9       12             -0.20964754051092302               
7       12             -0.2096475405109231                
12      23             -0.2096475405109234                
12      22             -0.20964754051092344               
26      35             -0.21148743990204177               
4       35             -0.21148743990204288               
19      24             -0.21442781649789106               
9       27             -0.21859625471012767               
3       23             -0.21859625471012778               
3       22             -0.2185962547101278                
8       27             -0.2185962547101281                
7       27             -0.21859625471012822               
3       9              -0.2185962547101287                
3       7              -0.21859625471012875               
3       20             -0.21859625471012878               
3       8              -0.2185962547101288                
11      27             -0.21859625471012892               
3       11             -0.21859625471012917               
23      27             -0.2185962547101311                
22      27             -0.21859625471013117               
20      27             -0.21859625471013136               
25      33             -0.22355317945291042               
25      30             -0.22377728706622835               
16      35             -0.22752995857422287               
3       14             -0.23109408631547407               
14      27             -0.23109408631547462               
2       29             -0.23596917744279367               
1       2              -0.23596917744279372               
8       32             -0.24099930757201762               
9       32             -0.24099930757201815               
7       32             -0.24099930757201832               
11      32             -0.24099930757201843               
22      32             -0.2409993075720186                
23      32             -0.24099930757201865               
20      32             -0.24099930757201876               
2       18             -0.24261453875467365               
15      16             -0.24363450630812045               
1       28             -0.24417143639572636               
28      29             -0.24417143639572653               
29      34             -0.2477990625620936                
1       34             -0.24779906256209483               
24      25             -0.2504287961952181                
3       18             -0.25185759919490003               
18      27             -0.2518575991949006                
10      14             -0.2629099108415137                
29      35             -0.26927525668969976               
1       35             -0.26927525668969987               
14      30             -0.27052723270660023               
25      28             -0.27075616255189505               
26      34             -0.271971226759143                 
4       34             -0.27197122675914365               
1       10             -0.2744632098154908                
10      29             -0.2744632098154911                
4       23             -0.2772530510817693                
4       22             -0.27725305108176934               
4       9              -0.27725305108176956               
9       26             -0.27725305108177                  
23      26             -0.2772530510817701                
22      26             -0.2772530510817701                
8       26             -0.2772530510817702                
20      26             -0.27725305108177023               
4       20             -0.2772530510817703                
7       26             -0.27725305108177034               
4       8              -0.2772530510817704                
4       11             -0.2772530510817705                
4       7              -0.2772530510817705                
11      26             -0.27725305108177056               
13      28             -0.2774458523215566                
19      35             -0.2776947585424006                
19      30             -0.2817653825947185                
28      30             -0.28212962877101566               
22      28             -0.28252266423796557               
23      28             -0.28252266423796557               
20      28             -0.2825226642379658                
8       28             -0.2825226642379663                
7       28             -0.28252266423796635               
9       28             -0.28252266423796635               
11      28             -0.2825226642379667                
18      26             -0.28412439899849684               
4       18             -0.2841243989984975                
14      35             -0.2867274105251997                
3       19             -0.28893731088397334               
19      27             -0.2889373108839739                
19      34             -0.29108243355765673               
10      30             -0.29401066915971646               
16      32             -0.29844440883574136               
17      35             -0.30040317788411464               
19      26             -0.3034889403535006                
4       19             -0.30348894035350144               
12      32             -0.3062299946384125                
16      31             -0.3081826871064234                
5       14             -0.31054883058366367               
8       34             -0.3144281332170815                
9       34             -0.31442813321708174               
23      34             -0.31442813321708174               
22      34             -0.3144281332170818                
7       34             -0.31442813321708185               
20      34             -0.31442813321708196               
11      34             -0.3144281332170822                
10      17             -0.31476263161447665               
15      29             -0.3218674812080768                
1       15             -0.32186748120807734               
5       24             -0.3231053680950814                
14      32             -0.32631546437600106               
6       25             -0.33380707591790354               
15      21             -0.339085576130601                 
3       13             -0.3562091581977728                
13      27             -0.356209158197773                 
10      24             -0.3600316697792499                
13      31             -0.36025359724422495               
12      34             -0.3621734715591185                
30      35             -0.3638421817423064                
25      35             -0.3651346171904848                
10      15             -0.3660190903657368                
6       13             -0.36754242783935714               
13      30             -0.37366837545092607               
5       21             -0.37506593915745823               
6       33             -0.37635415426376834               
2       19             -0.3797911011060543                
13      24             -0.3907563959972028                
18      24             -0.396106424412768                 
18      31             -0.3989894076899855                
2       17             -0.40497248517870676               
3       17             -0.40697444071818284               
17      27             -0.4069744407181832                
1       32             -0.41403507654642246               
29      32             -0.41403507654642335               
12      24             -0.4152238905299286                
18      19             -0.4196889340891027                
17      21             -0.42823378427438247               
14      33             -0.4326122166966465                
6       18             -0.4341779338429529                
25      31             -0.4391588597983383                
5       6              -0.43960620520267046               
6       19             -0.4439632209366384                
5       15             -0.4483243221361173                
31      33             -0.47243346884314064               
14      21             -0.4827486593259078                
13      25             -0.486197462983625                 
26      31             -0.5039000061375889                
4       31             -0.5039000061375893                
2       3              -0.6082642595206778                
2       27             -0.608264259520678                 
