#======================================================================
# PARAMETERS USED FOR THIS COMPUTATION: 
#	Sequence type: RNA
#	Total number of sequences in alignment data: 694
#	Length of sequences in alignment data: 50
#	Value of sequence identity: 0.8
#	lambda_h: 9.8
#	lambda_J: 9.8
#	Number of gradient decent iterations: 500
# The First and Second columns represent sites and the
# Third column is PLMDCA Frobenius norm, average product corrected (APC) DCA score
#======================================================================
29      46             1.0004223849901104                 
28      47             0.8947469960882928                 
7       16             0.7911825811336183                 
27      48             0.78690613081389                   
26      49             0.7406714413015116                 
9       14             0.7232789023009896                 
30      45             0.6601936041885496                 
5       36             0.6135788633390183                 
25      50             0.5326265708958631                 
8       15             0.518251359000785                  
31      44             0.4778423736876364                 
32      43             0.3526508603589922                 
10      11             0.23868841049904568                
5       17             0.21447278690829538                
17      36             0.21405431515498324                
42      44             0.19995869783908513                
11      12             0.19599403553195438                
22      50             0.1956833246902345                 
11      13             0.18982207040192392                
35      37             0.16643794272931292                
4       37             0.16643794126135372                
4       35             0.16643792730388057                
24      29             0.16596911247772853                
11      50             0.15774853761360533                
31      42             0.15632278215448864                
23      25             0.15289477009351918                
22      24             0.14886571621050781                
24      46             0.14359860953676526                
12      13             0.13987257043646653                
9       13             0.13125821062197252                
21      25             0.13103989103224561                
32      44             0.12885643995958754                
22      31             0.1260861738334009                 
21      23             0.12423999053685503                
21      50             0.12303306653268592                
21      34             0.12083833071757621                
27      47             0.12026730744796024                
43      44             0.11980160190426017                
32      48             0.11846246528752427                
25      30             0.11766292450172594                
17      28             0.11763338342148907                
13      34             0.11301136240018814                
22      49             0.11137594129996922                
10      13             0.11109254610501376                
23      24             0.1077347312485668                 
43      48             0.10646940459805146                
23      49             0.10533590406847654                
24      47             0.1036848677145975                 
25      45             0.1035516057982093                 
22      26             0.10211395551805832                
21      30             0.09853838083760466                
6       11             0.09647113870823903                
10      12             0.09610350488669106                
12      34             0.09409356297792792                
27      32             0.09380135977216442                
12      24             0.09366847713506238                
15      37             0.09147177402476024                
15      35             0.09147176030796618                
4       15             0.09147172866329491                
7       17             0.0906889197461902                 
23      45             0.088691303769286                  
13      16             0.08865216773397736                
13      50             0.08788408752508936                
27      30             0.08766703429169728                
18      20             0.08623514800797472                
2       40             0.08623512375880032                
3       19             0.08623512255634715                
3       40             0.08623510968842504                
3       18             0.08623510822361839                
3       41             0.08623510756773481                
2       18             0.08623510739283245                
3       20             0.0862351072835186                 
2       20             0.08623510645273263                
18      40             0.0862351057093978                 
19      40             0.08623510514096533                
40      41             0.08623510505351417                
20      40             0.08623510476929794                
18      19             0.08623510367615851                
18      41             0.08623510358870737                
19      41             0.08623510302027487                
19      20             0.08623510273605864                
20      41             0.08623510264860748                
2       3              0.08623509647069835                
2       41             0.08623509183578768                
2       19             0.08623507702207761                
1       18             0.08595022267481353                
1       20             0.08595022174216752                
1       19             0.08595020720972685                
1       41             0.08595020712296908                
1       3              0.08595019681996968                
1       2              0.08595019599577086                
1       40             0.0859501794245226                 
22      45             0.0849861269546614                 
21      22             0.0848337267521673                 
16      22             0.08429842477787622                
39      41             0.0841169486475343                 
19      39             0.08411693383095534                
39      40             0.08411692089633072                
18      39             0.08411691947957856                
3       39             0.0841169084269083                 
2       39             0.08411690762337723                
20      39             0.08411690366915853                
1       39             0.08378573136226189                
6       37             0.0825388320810665                 
4       6              0.0825388014879095                 
6       35             0.08253878880108517                
12      31             0.08244017429869144                
23      30             0.08236211591228434                
10      31             0.08202419636685526                
22      30             0.08174022748007342                
27      43             0.0816291377894097                 
8       34             0.08109239502281632                
10      48             0.0805255921892514                 
16      31             0.0798548503189338                 
22      25             0.07887503102797627                
10      49             0.07878829063043402                
7       46             0.07808071231290617                
9       16             0.07768247113348328                
17      48             0.07725613404130674                
10      22             0.07628879094470625                
12      26             0.07581250786112681                
21      45             0.07438610647521682                
6       10             0.07436757132723534                
23      50             0.07206106582294133                
8       37             0.07086117128915553                
8       35             0.07086112788282818                
4       8              0.0708611258650296                 
13      23             0.0706793874700036                 
34      48             0.07048328644405658                
10      36             0.0697770709052778                 
11      31             0.06904639236364679                
16      17             0.06893736564424013                
5       10             0.06858476850575887                
19      38             0.06858425064710294                
20      38             0.06858422784374821                
3       38             0.06858421146923635                
2       38             0.06858420300916804                
38      40             0.06858420096362713                
18      38             0.06858419918374088                
38      41             0.06858419838677689                
7       24             0.06851265197528064                
1       38             0.06831820947328276                
23      26             0.06821485450251927                
20      33             0.0677394298315482                 
3       33             0.06773942840359895                
33      40             0.06773942532536514                
33      41             0.06773942272894184                
18      33             0.06773941608137876                
2       33             0.06773941248528223                
19      33             0.06773940048426906                
1       33             0.06742944013470323                
26      48             0.06724955220376286                
23      36             0.06717645041718714                
38      39             0.06620360911490693                
13      14             0.06610816420079993                
16      34             0.06582321291792975                
33      39             0.06568287771641963                
29      30             0.06560343005116615                
7       22             0.06525392012730219                
5       23             0.0651433551347819                 
11      29             0.06506192526304957                
6       16             0.06489330109562591                
11      24             0.06456879086653133                
4       18             0.06440066590994588                
37      41             0.06440066556079493                
4       19             0.06440066522839338                
35      40             0.06440066143998968                
4       40             0.06440066021567362                
19      35             0.06440065900212892                
35      41             0.0644006588972747                 
20      35             0.06440065855649846                
19      37             0.06440065821506855                
4       41             0.06440065767295856                
4       20             0.06440065733218232                
2       37             0.06440065522079264                
18      35             0.06440065223310079                
3       37             0.0644006487663272                 
3       4              0.0644006483290715                 
2       4              0.0644006473329563                 
18      37             0.06440064399545983                
20      37             0.0644006428682769                 
3       35             0.0644006421028069                 
2       35             0.06440064110669175                
37      40             0.06440063085060696                
1       37             0.06403676326736202                
1       4              0.06403676283357317                
1       35             0.06403674914702073                
24      38             0.06393502880704399                
23      31             0.06333240575419666                
49      50             0.06284176464831417                
35      39             0.06200551883083131                
37      39             0.06200551806959134                
4       39             0.06200549529493846                
27      34             0.0619990062620103                 
9       26             0.060971135089952916               
7       31             0.06052688531760414                
22      34             0.05995833006594789                
14      26             0.059826838843115376               
13      27             0.059427029888683314               
6       12             0.05892828826703311                
16      47             0.058034994513007754               
14      30             0.05660458143767197                
48      49             0.05648177754341627                
6       8              0.056463982436671695               
24      34             0.05599938878329347                
25      47             0.05475789268401732                
14      33             0.05310052623954975                
26      31             0.053097706592129285               
30      50             0.05279549876303766                
29      45             0.05141921880243458                
27      28             0.0512769159038001                 
12      21             0.051037814845791896               
13      17             0.050185293869411174               
25      42             0.04968539325774651                
6       21             0.04872904136201095                
15      39             0.048625328351196664               
6       47             0.0485114189002924                 
33      38             0.04843770244631172                
7       13             0.04808364707973661                
23      48             0.04779974921244834                
15      34             0.047718084440955655               
22      23             0.04762209735846856                
23      27             0.04739031511981201                
30      46             0.04717559416231698                
5       34             0.04701900008484544                
34      36             0.04572020123945822                
12      46             0.044418701128172755               
5       6              0.044274337958892296               
14      16             0.044239387133498426               
30      31             0.04392950281306773                
4       33             0.04382454699766315                
33      35             0.04382454104604857                
33      37             0.04382454008242757                
27      45             0.04347163083645533                
6       36             0.04343179199172198                
4       38             0.04272309633818274                
35      38             0.04272309037526826                
37      38             0.042723089418911474               
27      49             0.042452744599585424               
15      40             0.0414571965320539                 
15      18             0.04145719432781504                
15      19             0.04145719347243877                
2       15             0.04145719161470303                
15      41             0.04145717843968123                
15      20             0.0414571780119931                 
3       15             0.04145717796370717                
8       39             0.04118139111099213                
31      43             0.04114055894285887                
24      33             0.04111179380899799                
7       29             0.041068336983196396               
1       15             0.04099484629732646                
45      50             0.04097495168197321                
25      29             0.04058133936607053                
26      50             0.040051000437634515               
11      23             0.039991306804620846               
7       10             0.03965663978643377                
17      23             0.0386667881176323                 
8       17             0.03818373115713242                
11      46             0.038029272012166854               
11      17             0.038017381637388575               
24      49             0.037875182690542436               
24      26             0.03619790598745681                
25      34             0.036102916831352416               
17      34             0.035485260183164585               
6       7              0.03538063858025836                
3       8              0.03521033725339422                
8       19             0.03521033720929431                
2       8              0.035210335884173743               
8       20             0.035210329146167715               
8       18             0.035210323244968186               
8       40             0.03521031820853948                
8       41             0.03521031471342406                
26      34             0.03478897838514647                
1       8              0.03475514835410119                
10      50             0.034736998323837726               
12      47             0.03459139096098693                
29      50             0.03450626634111892                
7       21             0.034382689742540384               
28      48             0.03397750971080893                
10      27             0.03390740348579166                
9       33             0.03379537638644288                
26      46             0.033638743399387466               
13      21             0.033543275360264774               
24      50             0.03291450336959334                
28      44             0.03231830988332349                
15      22             0.032047754572931714               
1       42             0.03202730487963012                
11      21             0.03195776994058727                
6       23             0.031032562772289357               
39      42             0.030996627727419943               
5       21             0.03069319087651104                
18      42             0.030373401689125064               
41      42             0.030373400861192362               
19      42             0.030373393521002795               
20      42             0.030373393051840926               
3       42             0.03037338436017501                
2       42             0.03037338331146025                
40      42             0.030373381186432985               
5       7              0.030073796464382296               
7       34             0.030013762771260055               
4       42             0.029991678336162467               
37      42             0.029991663986956407               
35      42             0.029991657529895063               
16      21             0.029957821895157027               
7       36             0.029654186991455056               
47      48             0.028784227247780375               
25      27             0.028715442006005093               
3       6              0.028685743252444246               
6       19             0.02868573502776446                
6       41             0.02868573486959755                
6       20             0.028685734355555062               
2       6              0.028685726848697315               
6       40             0.028685716353403543               
6       18             0.028685706253527052               
31      32             0.028525096172919373               
15      43             0.02822961794237619                
1       6              0.028226645824042274               
21      36             0.028131780250499727               
25      28             0.028034193566363164               
38      42             0.02710081396062365                
8       42             0.027087015198774045               
12      22             0.027055142454938147               
15      32             0.026816491313341684               
16      46             0.026373896523782803               
6       39             0.02629178054177307                
34      46             0.02586602325221518                
22      28             0.025738535185841016               
39      43             0.024685435471879                  
25      49             0.024001853203860668               
44      48             0.023883410773141017               
34      38             0.023555234568877384               
15      42             0.023380996273678845               
10      17             0.02328527741362968                
11      14             0.023157573555406097               
10      28             0.023157052254910132               
21      38             0.023070074636110022               
30      34             0.02304179868990902                
17      20             0.022993259763928603               
17      19             0.02299325301961204                
17      41             0.022993252853432275               
17      40             0.02299324943271125                
17      18             0.022993246649199994               
3       17             0.022993224408057428               
2       17             0.02299322282934954                
31      45             0.022887399581334678               
33      44             0.022794666591483312               
1       17             0.02269147115924712                
21      27             0.022438501801939653               
29      47             0.02206875995296656                
14      45             0.021877829118124387               
34      49             0.021455137923692053               
12      25             0.021399968243488166               
17      39             0.02127797710756668                
10      44             0.021250860000095878               
9       17             0.020953358958901547               
7       37             0.02091485062819541                
7       35             0.020914837548035206               
4       7              0.02091483471536698                
10      26             0.020633955780650415               
47      49             0.020525315490524                  
21      42             0.02030589168221747                
32      34             0.020165265976679198               
12      23             0.020161669642225488               
42      47             0.01995451279576424                
11      49             0.019809526418593015               
9       30             0.01939746653731525                
13      28             0.019142215464481194               
8       43             0.01876888023006075                
34      45             0.018734371946417527               
32      39             0.018641535539914975               
33      49             0.01850101436295494                
45      46             0.01813082466555424                
23      32             0.018087560591421636               
15      33             0.017858269592877493               
15      38             0.017435835277423248               
8       32             0.017263733444727508               
40      43             0.017261081345763263               
3       43             0.0172610780858395                 
19      43             0.01726107795679728                
41      43             0.017261077811035308               
2       43             0.01726107670110072                
18      43             0.017261071453669535               
20      43             0.017261069886728292               
1       43             0.01704314150990338                
42      46             0.016950039209550655               
30      44             0.01675824760202843                
32      40             0.016325192605679856               
3       32             0.016325189421875552               
20      32             0.01632518852441557                
32      41             0.016325181556166204               
18      32             0.016325175218657687               
2       32             0.016325173110823057               
19      32             0.016325166803414615               
7       9              0.016211725534266086               
1       32             0.01613545133742983                
44      45             0.01581718216383568                
15      44             0.015608070881290265               
11      25             0.014537053907846681               
22      42             0.013984081918583635               
16      50             0.013926136150517437               
6       24             0.013839042525479572               
27      44             0.013750860930799302               
11      34             0.013393687135708793               
12      29             0.013166672449102218               
16      45             0.013143213479207716               
26      33             0.013034258186429046               
28      29             0.012726897736368425               
23      43             0.012496699810252948               
25      44             0.011831283178562219               
34      47             0.01181937769007968                
24      28             0.011220500036738051               
14      18             0.011063614783585474               
14      19             0.011063606335760173               
14      41             0.011063598731757315               
3       14             0.01106359196197601                
2       14             0.01106359050446451                
14      40             0.011063587551085982               
14      20             0.011063583331973784               
34      43             0.011051906587543764               
13      48             0.010993402437970978               
8       33             0.010901621557993055               
13      31             0.010653254129355944               
46      47             0.010379843975566516               
34      42             0.010348616844870054               
8       44             0.010221979725387798               
43      49             0.010213234177149783               
28      31             0.010058617588626556               
1       14             0.010057965923464085               
32      49             0.009972751505303162               
8       38             0.009970481371621348               
28      38             0.00980661064728612                
14      39             0.009495109600875767               
13      24             0.009465370076161356               
9       28             0.00933614614287459                
13      26             0.009325093092813708               
10      43             0.009242760283362239               
22      36             0.008965243869074074               
13      49             0.008653239164813697               
38      47             0.008585976496610151               
28      45             0.008130739037365109               
26      29             0.007816137850809118               
31      47             0.007402913061333644               
24      44             0.007370940324519015               
26      43             0.006801275969829573               
7       47             0.00677042651413684                
5       11             0.0067017763657337415              
26      32             0.006366604396018577               
25      48             0.006248633880032051               
45      48             0.006058651644747698               
12      28             0.005856929046050369               
28      49             0.005657684506432031               
10      24             0.005161690943781577               
26      47             0.005130979675464609               
28      42             0.004749041475530041               
10      32             0.004699563335826579               
31      49             0.004543078046673282               
12      45             0.004499320949207991               
48      50             0.004398684580346202               
11      47             0.004225551540531752               
5       22             0.0042116446929992835              
10      30             0.004130419758531706               
11      36             0.003973009971159985               
21      29             0.003780126133818923               
9       40             0.003711976308264614               
2       9              0.003711971871469294               
9       18             0.003711966235299416               
9       41             0.003711965061097361               
9       19             0.0037119577670770287              
9       20             0.0037119571016958758              
3       9              0.0037119435564695186              
11      26             0.003576906660157475               
6       33             0.003563116243446074               
7       45             0.0033839886569711763              
26      27             0.0033546485058031372              
1       9              0.0028698968564686983              
6       38             0.002612113850118683               
45      49             0.002541401926712872               
32      45             0.0025128786743009723              
17      22             0.0024679288653699505              
42      43             0.0023758046084189494              
5       16             0.0019863331003326656              
12      48             0.001877928580859639               
5       24             0.0018478108575555874              
9       39             0.0017757248488538269              
17      47             0.001389543926741621               
3       5              0.0013473793796028866              
2       5              0.0013473776929400355              
5       20             0.0013473768433640287              
5       40             0.0013473742752284912              
5       19             0.0013473701473431104              
5       41             0.0013473699697996722              
5       18             0.0013473638507949942              
19      36             0.0013354244421850542              
36      40             0.0013354211178464442              
36      41             0.0013354168141316847              
20      36             0.0013354162373451633              
18      36             0.001335410694596889               
2       36             0.001335409633036147               
3       36             0.0013354038684468966              
16      36             0.001143023307433072               
23      42             0.000871967055802142               
44      49             0.0007954875271245498              
9       29             0.0007863748005769167              
1       5              0.0007588059072678871              
1       36             0.000701131956230408               
5       13             0.0002295529036773214              
44      50             0.00011303132430770524             
9       22             -0.00024079747431912657            
17      38             -0.0006618700327147287             
24      36             -0.0008985370278111193             
13      36             -0.0009922818169015857             
5       39             -0.0010038561240836574             
31      46             -0.001031040958610674              
36      39             -0.0010598958016748289             
27      31             -0.0011621170133603032             
17      35             -0.001454974723195418              
4       17             -0.001454984500292883              
17      37             -0.0014549911199745885             
24      25             -0.0015330973030327766             
23      28             -0.0015684234694832988             
12      30             -0.0016625939472498796             
42      45             -0.0019618288744500945             
13      33             -0.002033271129529307              
10      16             -0.002090027918330073              
30      32             -0.0024600573470378306             
26      44             -0.0026347944311541915             
17      33             -0.002688648820256073              
29      42             -0.0028829939414276584             
6       25             -0.0032460859265062425             
33      42             -0.0036227858467292456             
16      23             -0.003744383906060217              
9       21             -0.0042691390611607205             
25      31             -0.004600292093454389              
28      46             -0.004604203100293303              
30      49             -0.004611295276997829              
12      27             -0.004657104337968121              
16      35             -0.004666951833912997              
16      37             -0.0046669760373797275             
4       16             -0.00466697706611581               
8       12             -0.004813541335488364              
15      17             -0.004829417850282569              
8       14             -0.0050583855989402016             
30      42             -0.005931499171155874              
27      50             -0.006132624687677668              
25      46             -0.006226523620174562              
25      36             -0.006256191255433835              
17      21             -0.006515280479436336              
12      43             -0.0068706246540030935             
8       50             -0.00701353025969112               
13      29             -0.007189364536720949              
5       25             -0.007491903486916945              
46      50             -0.007586345832706759              
38      43             -0.007712060434962462              
10      45             -0.007906546344318949              
21      32             -0.008194493327977198              
15      36             -0.008308395397762541              
21      43             -0.008344196327759734              
12      50             -0.008447007926450173              
43      45             -0.008479018859398363              
45      47             -0.00848432424139442               
10      46             -0.00849489163211059               
11      28             -0.008662233018456311              
5       15             -0.008870952423804451              
14      42             -0.00888777143450456               
15      23             -0.008984874231621504              
32      38             -0.009017489395861722              
8       29             -0.009089917407784726              
14      21             -0.009258736854268285              
8       23             -0.009619200871411215              
21      37             -0.009896673263482855              
4       21             -0.009896674239506367              
21      35             -0.009896693858382336              
35      43             -0.010055263475098913              
37      43             -0.010055264786956702              
4       43             -0.01005526551576659               
7       14             -0.010191908428046625              
10      47             -0.01031759929375961               
32      42             -0.010512170836133525              
9       45             -0.01055003058365414               
10      34             -0.010551453287831414              
32      37             -0.011011040134509903              
32      35             -0.011011046249404008              
4       32             -0.011011063228299742              
46      48             -0.011034398678126306              
7       28             -0.011456128251151554              
9       47             -0.011511774870247266              
7       11             -0.011574323676491888              
33      43             -0.011831937211973231              
6       15             -0.012157004876061403              
16      30             -0.01217330407159356               
34      50             -0.012413368557153776              
32      33             -0.012556320040786079              
21      48             -0.012686277936868301              
21      31             -0.013166583414292055              
21      44             -0.013637037223988874              
13      46             -0.013737180887416739              
22      44             -0.01380055671991004               
30      43             -0.013808940283362992              
14      29             -0.013896094797395564              
24      27             -0.014064233016441052              
12      32             -0.01413016280614407               
13      25             -0.014440052302818474              
31      48             -0.01463220809295332               
7       50             -0.015399907712926764              
10      23             -0.01570612707344121               
22      47             -0.016020290963846884              
8       31             -0.016253030371962046              
15      29             -0.016987628427352852              
14      15             -0.017081258940772337              
25      26             -0.017187314189107628              
12      44             -0.017293344133334027              
14      38             -0.017868486498836628              
9       35             -0.017910846108749295              
4       9              -0.01791084830059314               
9       37             -0.01791085496837236               
21      46             -0.017975446086203523              
14      35             -0.018090192271407818              
14      37             -0.018090201102788764              
4       14             -0.01809020186990007               
28      34             -0.01814676063639556               
27      46             -0.018457973843158837              
21      24             -0.01889952483235177               
24      43             -0.019315402080555766              
17      31             -0.01943326036898005               
14      48             -0.02035329021026608               
8       10             -0.020480284814273747              
17      24             -0.020786848856280904              
9       25             -0.020812511027498037              
26      45             -0.02107462381026437               
29      31             -0.021351112937599337              
36      44             -0.021487594304638813              
6       50             -0.02175919436493881               
11      22             -0.022035043878849886              
9       38             -0.022147578008066826              
14      44             -0.022400689035768473              
21      26             -0.02247573864788341               
5       44             -0.022495207045943627              
15      31             -0.022884363145276754              
39      44             -0.023046489909695086              
4       5              -0.02341935305385534               
5       35             -0.023419358018827566              
5       37             -0.02341936706729926               
35      36             -0.023476713956574954              
4       36             -0.023476716441193785              
36      37             -0.023476723004410505              
27      29             -0.023593050547122935              
8       13             -0.023613840517551304              
22      29             -0.023670435237285153              
24      32             -0.02373384783034191               
40      44             -0.023759815511555663              
2       44             -0.02375981599192606               
41      44             -0.023759819599311935              
3       44             -0.023759821841117593              
18      44             -0.023759825785638025              
19      44             -0.02375983060661556               
20      44             -0.023759838773607045              
9       42             -0.0241250708532747                
28      30             -0.024251169459976213              
7       25             -0.024261495357973395              
14      49             -0.024325865471531455              
28      50             -0.02449797137124754               
1       44             -0.024530073161499757              
38      49             -0.025145204588100822              
5       38             -0.025166605472583578              
31      50             -0.025186043576344852              
36      38             -0.025220078297592638              
13      22             -0.025231435899287363              
14      27             -0.026008799713670427              
30      47             -0.026173708519349748              
9       36             -0.026222912363863288              
6       14             -0.026446626564609277              
12      33             -0.026505173130542292              
7       49             -0.026723611795661573              
16      49             -0.02692757813228952               
6       42             -0.02697934112149135               
28      32             -0.027133608885855393              
5       33             -0.02720358039858213               
33      36             -0.027272203710461657              
6       49             -0.027293140357343926              
23      47             -0.027468825756837123              
14      28             -0.027621894361441274              
1       24             -0.027934194059849676              
31      33             -0.02803423793220053               
5       9              -0.02807191344675719               
25      38             -0.028452400851811388              
29      38             -0.028624963624720362              
13      42             -0.028680331472881793              
26      36             -0.02902543537296695               
12      49             -0.02951249587674712               
12      39             -0.029675915348598758              
10      33             -0.029698331128825348              
5       28             -0.029834252230995617              
26      38             -0.030132694392194                 
9       31             -0.030383798907780507              
28      36             -0.030385927961415815              
5       12             -0.0305264119007079                
5       26             -0.03058975083097526               
9       24             -0.030764641444175234              
23      34             -0.03086610316369795               
14      32             -0.030928592263189503              
12      36             -0.031132395918996636              
31      36             -0.03127149493727244               
29      48             -0.03136828671708042               
9       44             -0.03144472087343336               
35      46             -0.03155162749941193               
4       46             -0.031551630017020965              
37      46             -0.03155163656845547               
38      46             -0.0316564460766717                
11      30             -0.031751364127861725              
14      43             -0.031917734557819336              
14      22             -0.03215517382755312               
22      38             -0.03215580733009983               
5       48             -0.032201230513789036              
36      48             -0.03251706119047362               
5       31             -0.03274346556487029               
8       16             -0.0327482990263282                
24      40             -0.032750707206125954              
18      24             -0.03275071021776607               
2       24             -0.032750711195567925              
20      24             -0.03275071215060972               
19      24             -0.032750715111752524              
24      41             -0.032750715291551935              
3       24             -0.03275071693805412               
32      47             -0.033042101163760496              
44      47             -0.03308943845789497               
27      36             -0.0332040503884973                
9       11             -0.0332286887732105                
5       27             -0.03344021022542515               
16      29             -0.03350879595317793               
43      50             -0.033719276529616676              
24      39             -0.03400187405522774               
6       28             -0.03427771078296743               
15      50             -0.034495657007446834              
5       50             -0.03458419466415383               
43      47             -0.03479268480938211               
6       29             -0.03494654360422719               
30      48             -0.0350223634666226                
36      50             -0.035320932440865926              
12      42             -0.03541583997274242               
34      44             -0.0354216174191353                
3       45             -0.03566387073342839               
2       45             -0.03566387229682891               
41      45             -0.03566387573026729               
20      45             -0.03566387626511483               
19      45             -0.03566387929098912               
40      45             -0.03566388291535265               
18      45             -0.03566388567187462               
12      20             -0.036016254075343285              
2       12             -0.03601625728490411               
3       12             -0.03601625939137203               
12      18             -0.03601625969409858               
12      19             -0.0360162608017139                
12      40             -0.036016264290439734              
12      41             -0.03601626469740653               
23      46             -0.036505488751449905              
1       12             -0.03654957719762776               
15      46             -0.03667044111073153               
1       45             -0.03680008519763238               
26      28             -0.036865494885393923              
1       11             -0.03705275570623991               
8       11             -0.037372507548073614              
8       49             -0.037605331554417365              
28      43             -0.03763052324338215               
35      49             -0.0377164283146845                
4       49             -0.03771644590788821               
37      49             -0.037716459847605646              
14      17             -0.03772065224550997               
11      19             -0.037854419603719464              
2       11             -0.0378544201356094                
11      20             -0.03785442029558851               
11      41             -0.03785442349180247               
3       11             -0.037854426039659134              
11      40             -0.03785443071994987               
11      18             -0.03785443344672795               
39      48             -0.03797293757093731               
8       46             -0.03803534563865338               
11      33             -0.038123147595925846              
39      45             -0.03817225171195583               
7       30             -0.03828260186270266               
3       29             -0.03926417930821566               
2       29             -0.03926418844028527               
20      29             -0.03926418926440059               
18      29             -0.03926419108695332               
29      40             -0.03926419184751301               
19      29             -0.039264192237445816              
29      41             -0.03926419613973496               
29      33             -0.03943160167067737               
41      48             -0.03966485623198378               
3       48             -0.03966486160930999               
2       48             -0.03966486331641249               
40      48             -0.03966486677554122               
18      48             -0.039664869785432474              
19      48             -0.03966487095344998               
20      48             -0.03966487171715373               
33      46             -0.03981415893060995               
22      27             -0.03997147841241061               
6       22             -0.04010941891577857               
11      39             -0.04013386460152381               
4       26             -0.04030049584115501               
26      35             -0.040300500572263726              
26      37             -0.04030050232049563               
7       44             -0.04035324532393775               
29      39             -0.04035653817262508               
1       48             -0.040386053363478724              
1       29             -0.04042591884464475               
6       45             -0.04049064305992764               
32      50             -0.0405260643254724                
4       29             -0.040632660746866875              
29      35             -0.04063266944475398               
29      37             -0.04063267848832415               
14      34             -0.04073561652645055               
23      44             -0.040807023587148716              
11      38             -0.04119822675348707               
20      30             -0.04126676054092461               
19      30             -0.04126676727142674               
30      40             -0.041266770782754494              
30      41             -0.041266771166147256              
3       30             -0.04126677336221597               
18      30             -0.04126677362071084               
2       30             -0.04126677497180317               
10      14             -0.041365949434800264              
8       25             -0.041462204548733395              
9       49             -0.04178273399289692               
12      15             -0.04181604189436111               
10      25             -0.04183839147200075               
12      38             -0.04184037361861964               
26      30             -0.04191284490562752               
4       12             -0.041951885659863186              
12      35             -0.04195188699952053               
12      37             -0.041951892258432016              
27      42             -0.041996361382315536              
34      39             -0.042171722727797345              
10      29             -0.04231248552135636               
1       30             -0.04235949607779842               
38      50             -0.042380989205041505              
33      45             -0.042608535618475746              
33      50             -0.04261345975161976               
13      35             -0.042899143620569624              
13      37             -0.0428991451090914                
4       13             -0.04289914593604795               
5       43             -0.04292073284832876               
36      43             -0.04296683216622679               
27      39             -0.043141808649199795              
5       32             -0.04339667176497894               
32      36             -0.04345304148296433               
31      34             -0.04348868898078742               
30      39             -0.043605848270946185              
13      44             -0.0436509025297393                
21      28             -0.043699960393668386              
13      47             -0.04370925878413512               
17      44             -0.04371834585559928               
12      16             -0.04377422077092591               
5       47             -0.04413841540649213               
39      46             -0.044217590598010864              
17      42             -0.04438523681029713               
6       30             -0.04468478197310191               
46      49             -0.044911492448009654              
13      15             -0.044987919739087015              
20      46             -0.04520604162678288               
3       46             -0.04520604268726029               
18      46             -0.04520604341890909               
40      46             -0.04520604413205999               
19      46             -0.045206044587799005              
41      46             -0.04520604476762821               
2       46             -0.04520604812092817               
36      47             -0.04528350061638217               
25      37             -0.046070573340929344              
4       25             -0.04607058174430792               
25      35             -0.046070593977634786              
23      33             -0.04610529210111604               
7       33             -0.04623886459450767               
1       46             -0.04630563537907449               
7       12             -0.046367204116884636              
27      38             -0.04649813737027929               
11      48             -0.046527250465864284              
19      27             -0.04657635236860301               
2       27             -0.046576355432506766              
3       27             -0.046576361069824115              
18      27             -0.046576362303820104              
27      40             -0.04657636283204099               
27      41             -0.04657636746063401               
20      27             -0.04657636808096091               
16      26             -0.04675698654400737               
1       27             -0.04683718886791058               
6       43             -0.04691403307271544               
16      33             -0.04708398242045263               
10      42             -0.047156767390599846              
9       46             -0.04717197783034127               
7       32             -0.047404400359240845              
1       21             -0.047540197105711404              
16      25             -0.0475928005438829                
8       26             -0.047675320935358256              
13      43             -0.04809146419761837               
30      33             -0.04848315702644601               
36      49             -0.048582184390961236              
9       34             -0.048710693772671176              
29      49             -0.04883611545965083               
5       49             -0.04886734504180487               
14      24             -0.048900206836062                 
31      38             -0.04913472413389486               
9       23             -0.0492385461580227                
16      38             -0.04943330120159738               
6       32             -0.04970931691046207               
4       11             -0.049716693574721166              
11      35             -0.04971669502091337               
11      37             -0.04971669648604786               
39      50             -0.04991511030594416               
15      21             -0.05022669859049672               
11      16             -0.05026175614739059               
38      44             -0.050319587711162045              
8       28             -0.050323636095057356              
22      43             -0.050358969293167466              
38      45             -0.05038290737721478               
37      44             -0.050788189869739334              
4       44             -0.050788190712575676              
35      44             -0.05078819207792422               
16      32             -0.050843482219743524              
23      38             -0.050906939785643715              
13      45             -0.051194980964321096              
21      49             -0.051331673999533006              
13      30             -0.05143503128932195               
7       38             -0.051504276243509145              
22      32             -0.05154474850537949               
10      39             -0.05173877539693229               
36      42             -0.051760502000659916              
22      33             -0.051831501525936644              
21      41             -0.05191487006780686               
2       21             -0.051914872752273175              
21      40             -0.05191487278467341               
18      21             -0.05191487605435219               
19      21             -0.05191487732318277               
3       21             -0.05191487834840909               
20      21             -0.051914896779254247              
16      39             -0.05202164945694772               
22      48             -0.052046503228977026              
7       43             -0.052366617223874756              
14      50             -0.052452044383398094              
6       44             -0.05252412010544599               
2       16             -0.05252897515113886               
16      18             -0.05252897883274833               
16      41             -0.05252898410114275               
16      20             -0.052528984769821194              
16      40             -0.05252898656235336               
3       16             -0.0525289880977015                
16      19             -0.052528995071266446              
9       50             -0.052543612952818675              
20      47             -0.052575141409482926              
3       47             -0.05257514609463318               
18      47             -0.05257514690767032               
40      47             -0.05257514759085957               
2       47             -0.052575147820003915              
19      47             -0.05257514808818714               
41      47             -0.05257514826980511               
5       42             -0.05268883022929127               
4       10             -0.05269000792247963               
10      37             -0.05269001080240736               
10      35             -0.052690013006045075              
1       16             -0.05276393543391675               
9       15             -0.05288896249078241               
25      32             -0.05322559418201331               
16      48             -0.053326371378652426              
1       10             -0.0536578099190521                
2       10             -0.05368485945414564               
3       10             -0.053684863435892224              
10      40             -0.05368486643408178               
10      19             -0.053684866639727394              
10      20             -0.05368486735828555               
10      18             -0.0536848711286915                
10      41             -0.053684872396735334              
8       9              -0.053706380285108685              
27      33             -0.05372628282718657               
24      48             -0.053926336463759966              
9       48             -0.053961848505579                 
1       47             -0.05419426608556531               
10      21             -0.05454656302184424               
20      28             -0.054553531680314835              
18      28             -0.05455353717685564               
28      40             -0.05455353785747928               
2       28             -0.05455353808367508               
19      28             -0.05455353835836807               
28      41             -0.05455353854013921               
3       28             -0.054553540082139515              
16      44             -0.054928152473085384              
1       50             -0.05532234182799667               
4       27             -0.05546149974103512               
27      35             -0.05546150079414801               
27      37             -0.05546150623726663               
24      30             -0.055631849906885106              
44      46             -0.05570211554632304               
1       28             -0.05572830979880426               
30      38             -0.05577980698176026               
15      25             -0.055965839990541444              
16      28             -0.0559950435117941                
16      43             -0.05604341079719591               
7       15             -0.05620677438770244               
18      34             -0.05638719188416036               
2       34             -0.05638719211686223               
34      40             -0.05638719225113209               
20      34             -0.05638719403949914               
34      41             -0.0563871971131754                
19      34             -0.056387200637969065              
3       34             -0.05638720138801513               
29      44             -0.056554520230306965              
30      35             -0.05661680764397653               
4       30             -0.05661681001599973               
30      37             -0.05661681289413889               
24      42             -0.05661895800970922               
35      45             -0.05671294513139358               
4       45             -0.05671294743535224               
37      45             -0.05671295033780016               
2       49             -0.056741427695789645              
3       49             -0.056741433319627096              
18      49             -0.05674143461818468               
40      49             -0.05674143512263839               
41      49             -0.05674143978564061               
19      49             -0.05674144331864216               
20      49             -0.056741447861159644              
33      48             -0.056842100324735925              
1       13             -0.056844163977433                 
25      43             -0.057343130439958756              
9       27             -0.057409215205279834              
28      33             -0.05741205668538299               
9       10             -0.05750361266866663               
15      49             -0.057506080072085325              
1       49             -0.057588047800675654              
1       34             -0.0575915838205875                
17      43             -0.05762544779928408               
9       12             -0.05776227072264484               
42      48             -0.05776587440957162               
6       46             -0.05778770352194568               
39      49             -0.057855280580131105              
24      31             -0.05787379796920028               
28      39             -0.05791506988855827               
39      47             -0.058120490511168715              
2       13             -0.058148300299875735              
13      41             -0.05814830190646221               
13      40             -0.058148305346303567              
3       13             -0.058148306179238884              
13      18             -0.058148308116608                 
13      19             -0.05814831477958696               
13      20             -0.058148315482500004              
13      39             -0.058345972996791826              
2       50             -0.05844354755750798               
3       50             -0.05844354947207808               
40      50             -0.058443551226598875              
41      50             -0.058443555848700396              
20      50             -0.0584435564681573                
18      50             -0.05844355814447476               
19      50             -0.058443563108678875              
31      39             -0.058584244398631594              
17      27             -0.0594483918087057                
33      34             -0.05963303503868446               
11      43             -0.05964089363234573               
2       7              -0.0597783189117274                
7       40             -0.0597783265319365                
7       41             -0.05977832771323224               
3       7              -0.059778328165430564              
7       20             -0.05977832837081594               
7       18             -0.05977832992102171               
7       19             -0.059778331236189114              
21      47             -0.05987155989110732               
15      28             -0.05987726084264933               
42      49             -0.05993011935803007               
35      48             -0.05999988687538649               
4       48             -0.05999988939111647               
37      48             -0.05999989221793178               
7       39             -0.060448591901633986              
1       7              -0.060508592373005654              
21      33             -0.06078393334812464               
38      48             -0.060804863613277915              
14      31             -0.06081302176239661               
17      32             -0.06090744521727956               
1       22             -0.061191264825557215              
25      33             -0.06120126078564066               
14      25             -0.06137354912413745               
14      46             -0.06199227521584211               
2       23             -0.06218533781839217               
3       23             -0.062185339577086496              
23      40             -0.062185349253917194              
18      23             -0.06218535272133639               
20      23             -0.06218535867198528               
19      23             -0.06218536151748265               
23      41             -0.06218536172449274               
6       34             -0.06220795512311361               
11      32             -0.06263354674223234               
6       9              -0.0626483143856319                
10      38             -0.06264914630490817               
7       48             -0.06300949072569403               
1       23             -0.06301532850822737               
15      16             -0.0630750764154949                
13      32             -0.0630925733004411                
8       22             -0.06311579633775033               
2       26             -0.06312934756900913               
3       26             -0.06312935131158866               
19      26             -0.0631293520992585                
18      26             -0.06312935456193686               
26      40             -0.06312935503357328               
26      41             -0.06312935788144194               
20      26             -0.06312936037539307               
21      39             -0.0632132481669969                
32      46             -0.06329793783678464               
1       25             -0.06356668475890669               
2       25             -0.06361397661318907               
3       25             -0.06361397852816321               
25      40             -0.06361398400675156               
20      25             -0.06361398924714043               
19      25             -0.0636139902999073                
25      41             -0.0636139904904669                
18      25             -0.06361399278656024               
1       26             -0.06396466987918394               
14      47             -0.0642458264656374                
22      39             -0.06438337496248817               
4       28             -0.06459929614973763               
28      35             -0.06459929733023194               
28      37             -0.06459930641675281               
25      39             -0.06462537802946015               
23      39             -0.0646446184874015                
26      39             -0.06480706335181095               
29      32             -0.06489300289784022               
11      27             -0.06491452953690871               
29      34             -0.06507906490526438               
43      46             -0.06520189950188762               
17      26             -0.06522989366157603               
33      47             -0.06523629556905038               
6       13             -0.06529626123293675               
47      50             -0.06580502556112158               
8       36             -0.0660228535242364                
4       50             -0.06611062703494969               
35      50             -0.06611062809181024               
37      50             -0.06611062980722937               
4       24             -0.06617498624316362               
24      35             -0.0661749874512622                
24      37             -0.06617498906945687               
14      23             -0.0663377780178866                
5       8              -0.06648117277502452               
36      46             -0.06657590547427786               
6       17             -0.06661539450238432               
7       23             -0.06690389936320343               
29      43             -0.067481778959219                 
22      35             -0.06748973402227391               
4       22             -0.06748973694694137               
22      37             -0.06748974707828817               
13      38             -0.06752517168218294               
31      37             -0.0675403334807231                
4       31             -0.06754033444775875               
31      35             -0.06754033546534922               
23      37             -0.06767829086342764               
4       23             -0.06767829562376845               
23      35             -0.06767830017620764               
15      24             -0.06771786271997943               
5       46             -0.06778464294744227               
2       31             -0.06780178370554024               
3       31             -0.06780178559346278               
18      31             -0.06780178880555184               
19      31             -0.0678017900626982                
31      40             -0.06780179115391782               
31      41             -0.06780179211875047               
20      31             -0.0678017983352591                
6       26             -0.06788274184762919               
34      37             -0.06796513879830735               
4       34             -0.0679651435260808                
34      35             -0.06796514816970858               
1       31             -0.06836699041405055               
3       22             -0.06864071499862853               
22      40             -0.0686407172793518                
22      41             -0.06864071862000336               
2       22             -0.06864072070851462               
18      22             -0.06864072077850751               
20      22             -0.06864072302423431               
19      22             -0.06864072586167913               
4       47             -0.06889067408571792               
35      47             -0.06889067526835661               
37      47             -0.06889068062820866               
11      42             -0.06922849725558829               
11      45             -0.07039590472936916               
7       8              -0.07087357404792602               
5       45             -0.07103531002387431               
8       24             -0.07131199947565747               
16      27             -0.07166449502584524               
17      45             -0.07215519519619473               
36      45             -0.07352001341190365               
22      46             -0.07366007951032236               
6       27             -0.07400831112661077               
42      50             -0.07440397380111269               
15      48             -0.07467555959300518               
14      36             -0.07505123765319621               
5       30             -0.07539155666015995               
16      24             -0.07573608295572057               
8       47             -0.07613056468275256               
5       14             -0.07649561727487467               
9       43             -0.07697808337656689               
30      36             -0.07765559460536764               
17      46             -0.0777808042085967                
12      14             -0.07786911641649322               
24      45             -0.07839974402803176               
12      17             -0.07901817010792914               
15      47             -0.07947013092872998               
9       32             -0.08056790414726003               
7       26             -0.08079543602566108               
11      15             -0.08120776245392895               
26      42             -0.08186625525503637               
15      30             -0.08191940799596334               
7       27             -0.08296492205365866               
8       30             -0.08308678495974445               
15      45             -0.08419536368510819               
17      29             -0.08428543736229449               
17      30             -0.08445240136565169               
16      42             -0.0845631971178481                
11      44             -0.08498635761007503               
8       45             -0.08635734951732552               
23      29             -0.08803386730733936               
10      15             -0.08823945767464665               
15      26             -0.08945955644879189               
7       42             -0.09287202565430207               
17      50             -0.09552396903951771               
15      27             -0.09583044696290322               
8       48             -0.09712907106546284               
6       31             -0.09765592076327156               
6       48             -0.1044206247599476                
8       27             -0.1057474723095182                
8       21             -0.10841443724419339               
29      36             -0.1087169984956555                
17      49             -0.10983892574949602               
5       29             -0.11018526829625483               
17      25             -0.1255724628238214                
