#======================================================================
# PARAMETERS USED FOR THIS COMPUTATION: 
#	Sequence type: RNA
#	Total number of sequences in alignment data: 11
#	Length of sequences in alignment data: 55
#	Value of sequence identity: 0.8
#	lambda_h: 10.8
#	lambda_J: 10.8
#	Number of gradient decent iterations: 500
# The First and Second columns represent sites and the
# Third column is PLMDCA Frobenius norm, average product corrected (APC) DCA score
#======================================================================
54      55             0.01733120492078552                
2       55             0.017331201338682403               
2       54             0.01733120132277272                
1       2              0.017331201290953342               
1       55             0.017331201163675848               
1       54             0.01733120114776616                
42      43             0.01017983165876897                
42      46             0.010179831376214837               
43      46             0.010179830387275338               
15      27             0.010086689144619545               
24      25             0.010054339588039408               
20      22             0.00896539337465643                
19      20             0.00896539336815007                
19      22             0.00896539336815007                
20      21             0.00896539336815007                
21      22             0.00896539336815007                
19      21             0.00896539336164371                
18      20             0.008002544302167033               
18      22             0.008002544302167033               
18      19             0.008002544294110982               
18      21             0.008002544294110982               
15      16             0.007441062654688559               
17      43             0.006859352609298496               
17      46             0.006859352319809352               
17      42             0.006859349897220195               
23      24             0.0060998482790591314              
23      25             0.0060998482790591314              
16      18             0.005956890972467185               
24      43             0.005945543299614799               
25      43             0.005945543299614799               
24      46             0.0059455430324500125              
25      46             0.0059455430324500125              
24      42             0.005945542372046392               
25      42             0.005945542372046392               
16      20             0.005939104232448556               
16      22             0.005939104232448556               
16      19             0.005939104221165343               
16      21             0.005939104221165343               
2       20             0.005745657867291516               
2       22             0.005745657867291516               
2       19             0.005745657851381829               
2       21             0.005745657851381829               
20      55             0.005745657815240633               
22      55             0.005745657815240633               
20      54             0.0057456578087342735              
22      54             0.0057456578087342735              
19      55             0.005745657799330946               
21      55             0.005745657799330946               
1       20             0.005745657795721552               
1       22             0.005745657795721552               
19      54             0.005745657792824587               
21      54             0.005745657792824587               
1       19             0.005745657779811866               
1       21             0.005745657779811866               
2       18             0.005146588040943206               
18      55             0.005146587976494796               
18      54             0.005146587968438745               
1       18             0.005146587952326644               
2       16             0.005103610609590971               
16      55             0.0051036105193252666              
16      54             0.005103610508042054               
1       16             0.005103608622830477               
16      23             0.004746208573062157               
17      24             0.004452906538263558               
17      25             0.004452906538263558               
23      26             0.004015606022855438               
20      23             0.0037656796518771444              
22      23             0.0037656796518771444              
19      23             0.003765679639261584               
21      23             0.003765679639261584               
23      42             0.003398675772428448               
23      43             0.003398675065957063               
23      46             0.003398674864108095               
18      26             0.0024466646604848954              
17      23             0.0023945888263873817              
15      18             0.0022757105301827053              
18      23             0.0018949795245109518              
20      26             0.0010858629267706393              
22      26             0.0010858629267706393              
19      26             0.0010858629111933343              
21      26             0.0010858629111933343              
18      24             0.000996824943598604               
18      25             0.000996824943598604               
15      20             0.0009697896027513701              
15      22             0.0009697896027513701              
15      19             0.0009697895870139049              
15      21             0.0009697895870139049              
51      53             0.0007001092569590209              
44      48             0.0007001092184499985              
45      48             0.0007001092184499985              
29      37             0.0007001092184499881              
50      51             0.0007001091799410004              
47      53             0.000700109179940997               
31      47             0.0007001091799409935              
40      50             0.0007001091414319885              
34      48             0.0007001091414319746              
33      37             0.0007001091414319677              
7       32             0.0007001091029229939              
7       36             0.0007001091029229939              
38      51             0.0007001091029229835              
47      50             0.0007001091029229765              
41      49             0.0007001091029229453              
9       51             0.0007001090644139715              
38      40             0.0007001090644139715              
44      53             0.0007001090644139611              
45      53             0.0007001090644139611              
31      44             0.0007001090644139576              
31      45             0.0007001090644139576              
28      41             0.0007001090644139368              
30      41             0.0007001090644139368              
9       40             0.000700109025904963               
38      47             0.0007001090259049561              
14      41             0.0007001090259049284              
9       47             0.0007001089873959476              
44      50             0.0007001089873959407              
45      50             0.0007001089873959407              
31      34             0.0007001089873959337              
34      53             0.0007001089873959337              
37      48             0.0007001089873959268              
3       4              0.0007001089296323967              
3       10             0.0007001089296323967              
3       11             0.0007001089296323967              
3       13             0.0007001089296323967              
4       10             0.0007001089296323967              
4       11             0.0007001089296323967              
4       13             0.0007001089296323967              
10      11             0.0007001089296323967              
10      13             0.0007001089296323967              
11      13             0.0007001089296323967              
7       51             0.0007001089103779341              
38      44             0.0007001089103779237              
38      45             0.0007001089103779237              
34      50             0.0007001089103779133              
29      41             0.0007001089103778994              
7       40             0.0007001088718689222              
9       44             0.0007001088718689118              
9       45             0.0007001088718689118              
7       47             0.0007001088333599068              
34      38             0.0007001088333598929              
31      37             0.0007001088333598859              
37      53             0.0007001088333598859              
33      41             0.000700108833359879               
9       34             0.0007001087948508879              
37      50             0.0007001087563418655              
7       44             0.0007001087178328744              
7       45             0.0007001087178328744              
37      38             0.0007001086793238451              
41      48             0.0007001086793238347              
3       49             0.0007001086793238208              
4       49             0.0007001086793238208              
10      49             0.0007001086793238208              
11      49             0.0007001086793238208              
13      49             0.0007001086793238208              
7       34             0.000700108640814847               
9       37             0.0007001086408148366              
3       28             0.0007001086408148123              
3       30             0.0007001086408148123              
4       28             0.0007001086408148123              
4       30             0.0007001086408148123              
10      28             0.0007001086408148123              
10      30             0.0007001086408148123              
11      28             0.0007001086408148123              
11      30             0.0007001086408148123              
13      28             0.0007001086408148123              
13      30             0.0007001086408148123              
3       14             0.0007001086023058004              
4       14             0.0007001086023058004              
10      14             0.0007001086023058004              
11      14             0.0007001086023058004              
13      14             0.0007001086023058004              
31      41             0.0007001085252877938              
41      53             0.0007001085252877938              
7       37             0.0007001084867787957              
3       29             0.0007001084867787749              
4       29             0.0007001084867787749              
10      29             0.0007001084867787749              
11      29             0.0007001084867787749              
13      29             0.0007001084867787749              
41      50             0.0007001084482697699              
3       33             0.000700108409760751               
4       33             0.000700108409760751               
10      33             0.000700108409760751               
11      33             0.000700108409760751               
13      33             0.000700108409760751               
28      49             0.0007001083905062364              
30      49             0.0007001083905062364              
38      41             0.0007001083712517529              
28      30             0.0007001083519972279              
14      49             0.0007001083519972244              
9       41             0.0007001083327427444              
14      28             0.0007001083134882159              
14      30             0.0007001083134882159              
3       48             0.0007001082557247067              
4       48             0.0007001082557247067              
10      48             0.0007001082557247067              
11      48             0.0007001082557247067              
13      48             0.0007001082557247067              
5       32             0.0007001082415120825              
5       36             0.0007001082415120825              
6       32             0.0007001082415120825              
6       36             0.0007001082415120825              
8       32             0.0007001082415120825              
8       36             0.0007001082415120825              
12      32             0.0007001082415120825              
12      36             0.0007001082415120825              
29      49             0.000700108236470192               
28      29             0.000700108197961187               
29      30             0.0007001081979611835              
7       41             0.0007001081787067001              
35      36             0.0007001081644940656              
32      35             0.0007001081644940621              
32      39             0.0007001081644940621              
32      52             0.0007001081644940621              
36      39             0.0007001081644940621              
36      52             0.0007001081644940621              
14      29             0.0007001081594521751              
33      49             0.0007001081594521716              
28      33             0.0007001081209431631              
30      33             0.0007001081209431631              
3       31             0.0007001081016886623              
3       53             0.0007001081016886623              
4       31             0.0007001081016886623              
4       53             0.0007001081016886623              
10      31             0.0007001081016886623              
10      53             0.0007001081016886623              
11      31             0.0007001081016886623              
11      53             0.0007001081016886623              
13      31             0.0007001081016886623              
13      53             0.0007001081016886623              
14      33             0.0007001080824341512              
5       51             0.0007001080489670297              
6       51             0.0007001080489670297              
8       51             0.0007001080489670297              
12      51             0.0007001080489670297              
3       50             0.0007001080246706384              
4       50             0.0007001080246706384              
10      50             0.0007001080246706384              
11      50             0.0007001080246706384              
13      50             0.0007001080246706384              
5       40             0.0007001080104580212              
6       40             0.0007001080104580212              
8       40             0.0007001080104580212              
12      40             0.0007001080104580212              
48      49             0.0007001080054161238              
35      51             0.0007001079719490093              
39      51             0.0007001079719490093              
51      52             0.0007001079719490093              
5       47             0.0007001079719490058              
6       47             0.0007001079719490058              
8       47             0.0007001079719490058              
12      47             0.0007001079719490058              
29      33             0.0007001079669071188              
28      48             0.0007001079669071153              
30      48             0.0007001079669071153              
3       38             0.000700107947652618               
4       38             0.000700107947652618               
10      38             0.000700107947652618               
11      38             0.000700107947652618               
13      38             0.000700107947652618               
35      40             0.0007001079334400008              
39      40             0.0007001079334400008              
40      52             0.0007001079334399973              
14      48             0.0007001079283981033              
3       9              0.0007001079091436095              
4       9              0.0007001079091436095              
9       10             0.000700107909143606               
9       11             0.000700107909143606               
9       13             0.000700107909143606               
32      36             0.0007001078999727961              
35      47             0.0007001078949309854              
39      47             0.0007001078949309854              
47      52             0.0007001078949309854              
5       44             0.0007001078564219734              
5       45             0.0007001078564219734              
6       44             0.0007001078564219734              
6       45             0.0007001078564219734              
8       44             0.0007001078564219734              
8       45             0.0007001078564219734              
12      44             0.0007001078564219734              
12      45             0.0007001078564219734              
49      53             0.0007001078513800829              
31      49             0.0007001078513800794              
28      31             0.000700107812871071               
28      53             0.000700107812871071               
29      48             0.000700107812871071               
30      31             0.000700107812871071               
30      53             0.000700107812871071               
35      44             0.0007001077794039565              
35      45             0.0007001077794039565              
39      44             0.0007001077794039565              
39      45             0.0007001077794039565              
5       34             0.000700107779403953               
6       34             0.000700107779403953               
8       34             0.000700107779403953               
12      34             0.000700107779403953               
44      52             0.000700107779403953               
45      52             0.000700107779403953               
14      31             0.000700107774362059               
14      53             0.000700107774362059               
49      50             0.000700107774362059               
3       7              0.0007001077551075617              
4       7              0.0007001077551075617              
7       10             0.0007001077551075617              
7       11             0.0007001077551075617              
7       13             0.0007001077551075617              
28      50             0.0007001077358530471              
30      50             0.0007001077358530471              
33      48             0.0007001077358530471              
32      51             0.0007001077074277502              
36      51             0.0007001077074277502              
34      35             0.0007001077023859291              
34      39             0.0007001077023859291              
34      52             0.0007001077023859291              
14      50             0.0007001076973440351              
38      49             0.0007001076973440351              
32      40             0.0007001076689187452              
36      40             0.0007001076689187452              
29      31             0.0007001076588350266              
29      53             0.0007001076588350266              
9       49             0.0007001076588350232              
28      38             0.0007001076588350232              
30      38             0.0007001076588350232              
32      47             0.0007001076304097333              
36      47             0.0007001076304097333              
5       37             0.0007001076253679052              
6       37             0.0007001076253679052              
8       37             0.0007001076253679052              
12      37             0.0007001076253679052              
9       28             0.0007001076203260147              
9       30             0.0007001076203260147              
14      38             0.0007001076203260112              
29      50             0.0007001075818170027              
31      33             0.0007001075818170027              
9       14             0.0007001075818169993              
33      53             0.0007001075818169993              
35      37             0.0007001075483498848              
37      39             0.0007001075483498813              
37      52             0.0007001075483498813              
32      44             0.0007001075148827078              
32      45             0.0007001075148827078              
36      44             0.0007001075148827078              
36      45             0.0007001075148827078              
7       49             0.0007001075047989788              
29      38             0.0007001075047989788              
33      50             0.0007001075047989753              
40      51             0.0007001074763736959              
7       28             0.0007001074662899703              
7       30             0.0007001074662899703              
9       29             0.0007001074662899703              
32      34             0.0007001074378646874              
34      36             0.0007001074378646874              
47      51             0.0007001074378646874              
7       14             0.0007001074277809549              
31      48             0.0007001074277809514              
33      38             0.0007001074277809514              
48      53             0.0007001074277809514              
40      47             0.0007001073993556789              
9       33             0.0007001073892719464              
48      50             0.0007001073507629275              
44      51             0.0007001073223376585              
45      51             0.0007001073223376585              
5       41             0.00070010731729582                
6       41             0.00070010731729582                
8       41             0.00070010731729582                
12      41             0.00070010731729582                
7       29             0.0007001073122539225              
32      37             0.00070010728382865                
36      37             0.00070010728382865                
40      44             0.00070010728382865                
40      45             0.00070010728382865                
38      48             0.0007001072737449071              
31      53             0.0007001072737449036              
34      51             0.000700107245319638               
44      47             0.000700107245319638               
45      47             0.000700107245319638               
35      41             0.0007001072402777996              
39      41             0.0007001072402777996              
41      52             0.0007001072402777961              
7       33             0.0007001072352358986              
9       48             0.0007001072352358952              
34      40             0.000700107206810633               
50      53             0.0007001071967268832              
31      50             0.0007001071967268797              
34      47             0.0007001071683016176              
44      45             0.0007001071297926126              
38      53             0.0007001071197088593              
31      38             0.0007001071197088524              
37      51             0.0007001070912836006              
7       48             0.0007001070811998474              
9       31             0.0007001070811998439              
9       53             0.0007001070811998439              
34      44             0.0007001070527745921              
34      45             0.0007001070527745921              
37      40             0.0007001070527745921              
38      50             0.0007001070426908319              
37      47             0.0007001070142655802              
9       50             0.00070010700418182                
32      41             0.0007001069757565787              
36      41             0.0007001069757565787              
7       31             0.0007001069271637961              
7       53             0.0007001069271637961              
9       38             0.0007001069271637961              
37      44             0.0007001068987385513              
37      45             0.0007001068987385513              
3       5              0.0007001068936966955              
3       6              0.0007001068936966955              
3       8              0.0007001068936966955              
3       12             0.0007001068936966955              
4       5              0.0007001068936966955              
4       6              0.0007001068936966955              
4       8              0.0007001068936966955              
4       12             0.0007001068936966955              
5       10             0.0007001068936966955              
5       11             0.0007001068936966955              
5       13             0.0007001068936966955              
6       10             0.0007001068936966955              
6       11             0.0007001068936966955              
6       13             0.0007001068936966955              
8       10             0.0007001068936966955              
8       11             0.0007001068936966955              
8       13             0.0007001068936966955              
10      12             0.0007001068936966955              
11      12             0.0007001068936966955              
12      13             0.0007001068936966955              
7       50             0.0007001068501457722              
34      37             0.0007001068217205308              
3       35             0.0007001068166786716              
3       39             0.0007001068166786716              
3       52             0.0007001068166786716              
4       35             0.0007001068166786716              
4       39             0.0007001068166786716              
4       52             0.0007001068166786716              
10      35             0.0007001068166786716              
10      39             0.0007001068166786716              
10      52             0.0007001068166786716              
11      35             0.0007001068166786716              
11      39             0.0007001068166786716              
11      52             0.0007001068166786716              
13      35             0.0007001068166786716              
13      39             0.0007001068166786716              
13      52             0.0007001068166786716              
41      51             0.0007001067832115258              
7       38             0.0007001067731277448              
40      41             0.0007001067447025208              
7       9              0.0007001067346187363              
5       6              0.0007001067204061434              
5       8              0.0007001067204061434              
5       12             0.0007001067204061434              
6       8              0.0007001067204061434              
6       12             0.0007001067204061434              
8       12             0.0007001067204061434              
41      47             0.0007001067061935054              
5       35             0.0007001066433881195              
5       39             0.0007001066433881195              
5       49             0.0007001066433881195              
5       52             0.0007001066433881195              
6       35             0.0007001066433881195              
6       39             0.0007001066433881195              
6       49             0.0007001066433881195              
6       52             0.0007001066433881195              
8       35             0.0007001066433881195              
8       39             0.0007001066433881195              
8       49             0.0007001066433881195              
8       52             0.0007001066433881195              
12      35             0.0007001066433881195              
12      39             0.0007001066433881195              
12      49             0.0007001066433881195              
12      52             0.0007001066433881195              
5       28             0.000700106604879111               
5       30             0.000700106604879111               
6       28             0.000700106604879111               
6       30             0.000700106604879111               
8       28             0.000700106604879111               
8       30             0.000700106604879111               
12      28             0.000700106604879111               
12      30             0.000700106604879111               
41      44             0.0007001065906664765              
41      45             0.0007001065906664765              
5       14             0.0007001065663700991              
6       14             0.0007001065663700991              
8       14             0.0007001065663700991              
12      14             0.0007001065663700991              
35      39             0.0007001065663700991              
35      49             0.0007001065663700991              
35      52             0.0007001065663700991              
39      49             0.0007001065663700991              
39      52             0.0007001065663700991              
49      52             0.0007001065663700991              
3       32             0.0007001065521574784              
3       36             0.0007001065521574784              
4       32             0.0007001065521574784              
4       36             0.0007001065521574784              
10      32             0.0007001065521574784              
10      36             0.0007001065521574784              
11      32             0.0007001065521574784              
11      36             0.0007001065521574784              
13      32             0.0007001065521574784              
13      36             0.0007001065521574784              
28      35             0.0007001065278610871              
28      39             0.0007001065278610871              
28      52             0.0007001065278610871              
30      35             0.0007001065278610871              
30      39             0.0007001065278610871              
30      52             0.0007001065278610871              
34      41             0.000700106513648456               
14      35             0.0007001064893520752              
14      39             0.0007001064893520752              
14      52             0.0007001064893520752              
5       29             0.0007001064508430736              
6       29             0.0007001064508430736              
8       29             0.0007001064508430736              
12      29             0.0007001064508430736              
5       33             0.0007001063738250497              
6       33             0.0007001063738250497              
8       33             0.0007001063738250497              
12      33             0.0007001063738250497              
29      35             0.0007001063738250428              
29      39             0.0007001063738250428              
29      52             0.0007001063738250428              
3       51             0.0007001063596124221              
4       51             0.0007001063596124221              
10      51             0.0007001063596124221              
11      51             0.0007001063596124221              
13      51             0.0007001063596124221              
37      41             0.0007001063596124117              
3       40             0.0007001063211034136              
4       40             0.0007001063211034136              
10      40             0.0007001063211034136              
11      40             0.0007001063211034136              
13      40             0.0007001063211034136              
32      49             0.0007001063018489129              
36      49             0.0007001063018489129              
33      35             0.0007001062968070224              
33      39             0.0007001062968070224              
33      52             0.0007001062968070224              
3       47             0.0007001062825944017              
4       47             0.0007001062825944017              
10      47             0.0007001062825944017              
11      47             0.0007001062825944017              
13      47             0.0007001062825944017              
28      32             0.0007001062633399044              
28      36             0.0007001062633399044              
30      32             0.0007001062633399044              
30      36             0.0007001062633399044              
14      32             0.0007001062248308959              
14      36             0.0007001062248308959              
5       48             0.0007001062197890019              
6       48             0.0007001062197890019              
8       48             0.0007001062197890019              
12      48             0.0007001062197890019              
3       44             0.0007001061670673693              
3       45             0.0007001061670673693              
4       44             0.0007001061670673693              
4       45             0.0007001061670673693              
10      44             0.0007001061670673693              
10      45             0.0007001061670673693              
11      44             0.0007001061670673693              
11      45             0.0007001061670673693              
13      44             0.0007001061670673693              
13      45             0.0007001061670673693              
35      48             0.000700106142770978               
39      48             0.000700106142770978               
48      52             0.0007001061427709745              
29      32             0.0007001061093038705              
29      36             0.0007001061093038705              
49      51             0.00070010610930386                
3       34             0.0007001060900493489              
4       34             0.0007001060900493489              
10      34             0.0007001060900493489              
11      34             0.0007001060900493489              
13      34             0.0007001060900493489              
28      51             0.0007001060707948516              
30      51             0.0007001060707948516              
40      49             0.0007001060707948481              
5       31             0.0007001060657529576              
5       53             0.0007001060657529576              
6       31             0.0007001060657529576              
6       53             0.0007001060657529576              
8       31             0.0007001060657529576              
8       53             0.0007001060657529576              
12      31             0.0007001060657529576              
12      53             0.0007001060657529576              
32      33             0.000700106032285857               
33      36             0.0007001060322858535              
28      40             0.0007001060322858431              
30      40             0.0007001060322858431              
14      51             0.0007001060322858396              
47      49             0.0007001060322858361              
14      40             0.0007001059937768311              
28      47             0.0007001059937768277              
30      47             0.0007001059937768277              
5       50             0.0007001059887349337              
6       50             0.0007001059887349337              
8       50             0.0007001059887349337              
12      50             0.0007001059887349337              
35      53             0.0007001059887349337              
39      53             0.0007001059887349337              
52      53             0.0007001059887349337              
31      35             0.0007001059887349302              
31      39             0.0007001059887349302              
31      52             0.0007001059887349302              
14      47             0.0007001059552678192              
3       37             0.0007001059360133011              
4       37             0.0007001059360133011              
10      37             0.0007001059360133011              
11      37             0.0007001059360133011              
13      37             0.0007001059360133011              
29      51             0.0007001059167588142              
44      49             0.0007001059167588038              
45      49             0.0007001059167588038              
5       38             0.0007001059117169098              
6       38             0.0007001059117169098              
8       38             0.0007001059117169098              
12      38             0.0007001059117169098              
35      50             0.0007001059117169098              
39      50             0.0007001059117169098              
50      52             0.0007001059117169098              
32      48             0.0007001058782498161              
36      48             0.0007001058782498161              
29      40             0.0007001058782498057              
28      44             0.0007001058782497953              
28      45             0.0007001058782497953              
30      44             0.0007001058782497953              
30      45             0.0007001058782497953              
5       9              0.0007001058732079013              
6       9              0.0007001058732079013              
8       9              0.0007001058732079013              
9       12             0.0007001058732079013              
33      51             0.0007001058397407972              
29      47             0.0007001058397407937              
14      44             0.0007001058397407868              
14      45             0.0007001058397407868              
34      49             0.0007001058397407799              
35      38             0.0007001058346988859              
38      39             0.0007001058346988859              
38      52             0.0007001058346988859              
33      40             0.0007001058012317887              
28      34             0.0007001058012317714              
30      34             0.0007001058012317714              
9       35             0.0007001057961898739              
9       39             0.0007001057961898739              
9       52             0.0007001057961898739              
33      47             0.0007001057627227733              
14      34             0.0007001057627227629              
31      32             0.0007001057242137787              
31      36             0.0007001057242137787              
32      53             0.0007001057242137787              
36      53             0.0007001057242137787              
29      44             0.0007001057242137579              
29      45             0.0007001057242137579              
5       7              0.000700105719171857               
6       7              0.000700105719171857               
7       8              0.0007001057191718535              
7       12             0.0007001057191718535              
48      51             0.0007001056857047563              
37      49             0.0007001056857047321              
32      50             0.0007001056471957617              
36      50             0.0007001056471957617              
40      48             0.0007001056471957479              
33      44             0.0007001056471957409              
33      45             0.0007001056471957409              
29      34             0.0007001056471957375              
28      37             0.000700105647195727               
30      37             0.000700105647195727               
7       35             0.0007001056421538296              
7       39             0.0007001056421538296              
7       52             0.0007001056421538296              
3       41             0.0007001056279412193              
4       41             0.0007001056279412193              
10      41             0.0007001056279412193              
11      41             0.0007001056279412193              
13      41             0.0007001056279412193              
47      48             0.0007001056086867359              
14      37             0.0007001056086867151              
32      38             0.0007001055701777413              
36      38             0.0007001055701777413              
33      34             0.000700105570177717               
9       32             0.0007001055316687328              
9       36             0.0007001055316687328              
31      51             0.0007001055316687189              
31      40             0.0007001054931597105              
40      53             0.0007001054931597105              
16      27             0.0006540843647499933              
27      32             0.00044184419015025345             
27      36             0.00044184419015025345             
27      51             0.00044184401754780375             
27      40             0.0004418439830273166              
27      47             0.0004418439485068225              
27      44             0.00044184384494535406             
27      45             0.00044184384494535406             
27      34             0.00044184377590437626             
27      37             0.00044184363782241373             
27      41             0.0004418433616584956              
5       27             0.0004418428265909012              
6       27             0.0004418428265909012              
8       27             0.0004418428265909012              
12      27             0.0004418428265909012              
27      35             0.0004418427575499165              
27      39             0.0004418427575499165              
27      52             0.0004418427575499165              
3       27             0.0004418411192879598              
4       27             0.0004418411192879598              
10      27             0.0004418411192879598              
11      27             0.0004418411192879598              
13      27             0.0004418411192879598              
27      49             0.00044184089490476725             
27      28             0.0004418408603842801              
27      30             0.0004418408603842801              
14      27             0.0004418408258637929              
27      29             0.0004418407223023245              
27      33             0.0004418406532613432              
27      48             0.00044184051517938416             
27      31             0.00044184037709742163             
27      53             0.00044184037709742163             
27      50             0.00044184030805644037             
27      38             0.0004418402390154591              
9       27             0.0004418402044949754              
7       27             0.0004418400664130129              
26      32             0.0004404548518340372              
26      36             0.0004404548518340372              
26      51             0.00044045469606098994             
26      40             0.00044045466490638327             
26      47             0.00044045463375177313             
26      44             0.00044045454028794617             
26      45             0.00044045454028794617             
26      34             0.0004404544779787259              
26      37             0.0004404543533602888              
26      41             0.0004404541041234146              
5       26             0.00044045362122696954             
6       26             0.00044045362122696954             
8       26             0.00044045362122696954             
12      26             0.00044045362122696954             
26      35             0.00044045355891774926             
26      39             0.00044045355891774926             
26      49             0.00044045355891774926             
26      52             0.00044045355891774926             
26      28             0.0004404535277631426              
26      30             0.0004404535277631426              
14      26             0.00044045349660853245             
26      29             0.00044045340314470896             
26      33             0.0004404533408354887              
26      48             0.0004404532162170516              
26      31             0.0004404530915986145              
26      53             0.0004404530915986145              
26      50             0.0004404530292893942              
26      38             0.0004404529669801739              
9       26             0.00044045293582556724             
7       26             0.00044045281120713015             
3       26             0.0004404518987775642              
4       26             0.0004404518987775642              
10      26             0.0004404518987775642              
11      26             0.0004404518987775642              
13      26             0.0004404518987775642              
18      27             0.00021564029000491723             
16      43             0.0001617909784218663              
16      46             0.00016179079789045703             
16      42             0.00016178974763664603             
3       15             0.00015049002152067031             
4       15             0.00015049002152067031             
10      15             0.00015049002152067031             
11      15             0.00015049002152067031             
13      15             0.00015049002152067031             
15      35             0.00015048981693361468             
15      39             0.00015048981693361468             
15      52             0.00015048981693361468             
5       15             0.000150488017238333               
6       15             0.000150488017238333               
8       15             0.000150488017238333               
12      15             0.000150488017238333               
14      15             0.0001504860286934591              
15      32             0.00015048553520780744             
15      36             0.00015048553520780744             
9       15             0.0001504854621446998              
15      51             0.00015048537783315594             
15      40             0.00015048534635822564             
7       15             0.00015048533624497512             
15      47             0.00015048531488329187             
15      44             0.00015048522045850096             
15      45             0.00015048522045850096             
15      34             0.0001504851575086369              
15      37             0.00015048503160891222             
15      41             0.00015048477980946634             
15      49             0.000150484228998167               
15      28             0.00015048419752324016             
15      30             0.00015048419752324016             
15      29             0.00015048407162351896             
15      33             0.00015048400867365488             
15      48             0.0001504838827739302              
15      31             0.00015048375687420554             
15      53             0.00015048375687420554             
15      50             0.00015048369392434147             
15      38             0.00015048363097448086             
20      24             9.350880212643208e-05              
20      25             9.350880212643208e-05              
22      24             9.350880212643208e-05              
22      25             9.350880212643208e-05              
19      24             9.350878542863268e-05              
19      25             9.350878542863268e-05              
21      24             9.350878542863268e-05              
21      25             9.350878542863268e-05              
18      43             -0.00015047969416526023            
18      46             -0.0001504798230620788             
18      42             -0.00015048110567155056            
5       17             -0.00022069907947241257            
6       17             -0.00022069907947241257            
8       17             -0.00022069907947241257            
12      17             -0.00022069907947241257            
17      32             -0.00022069951276491862            
17      36             -0.00022069951276491862            
17      51             -0.00022069969369563               
17      40             -0.0002206997298817709             
17      47             -0.00022069976606791872            
17      44             -0.00022069987462634486            
17      45             -0.00022069987462634486            
17      34             -0.0002206999469986301             
17      37             -0.00022070009174320407            
17      41             -0.0002207003812323416             
3       17             -0.00022070077927991913            
4       17             -0.00022070077927991913            
10      17             -0.00022070077927991913            
11      17             -0.00022070077927991913            
13      17             -0.00022070077927991913            
17      35             -0.00022070101448984705            
17      39             -0.00022070101448984705            
17      49             -0.00022070101448984705            
17      52             -0.00022070101448984705            
17      28             -0.00022070105067598794            
17      30             -0.00022070105067598794            
14      17             -0.00022070108686213577            
17      29             -0.00022070119542055497            
17      33             -0.00022070126779284022            
17      48             -0.00022070141253741418            
17      31             -0.00022070155728198468            
17      53             -0.00022070155728198468            
17      50             -0.0002207016296542734             
17      38             -0.00022070170202655864            
9       17             -0.000220701738212703              
7       17             -0.00022070188295727697            
5       24             -0.00039574465116851143            
5       25             -0.00039574465116851143            
6       24             -0.00039574465116851143            
6       25             -0.00039574465116851143            
8       24             -0.00039574465116851143            
8       25             -0.00039574465116851143            
12      24             -0.00039574465116851143            
12      25             -0.00039574465116851143            
24      35             -0.000395744717959709              
24      39             -0.000395744717959709              
24      49             -0.000395744717959709              
24      52             -0.000395744717959709              
25      35             -0.000395744717959709              
25      39             -0.000395744717959709              
25      49             -0.000395744717959709              
25      52             -0.000395744717959709              
24      28             -0.0003957447513553043             
24      30             -0.0003957447513553043             
25      28             -0.0003957447513553043             
25      30             -0.0003957447513553043             
14      24             -0.0003957447847509031             
14      25             -0.0003957447847509031             
24      29             -0.0003957448849376925             
25      29             -0.0003957448849376925             
24      33             -0.0003957449517288901             
25      33             -0.0003957449517288901             
24      48             -0.00039574508531128524            
25      48             -0.00039574508531128524            
24      31             -0.0003957452188936769             
24      53             -0.0003957452188936769             
25      31             -0.0003957452188936769             
25      53             -0.0003957452188936769             
24      50             -0.0003957452856848745             
25      50             -0.0003957452856848745             
24      38             -0.00039574535247607207            
25      38             -0.00039574535247607207            
9       24             -0.0003957453858716674             
9       25             -0.0003957453858716674             
7       24             -0.00039574551945405906            
7       25             -0.00039574551945405906            
3       24             -0.0003957463635334661             
3       25             -0.0003957463635334661             
4       24             -0.0003957463635334661             
4       25             -0.0003957463635334661             
10      24             -0.0003957463635334661             
10      25             -0.0003957463635334661             
11      24             -0.0003957463635334661             
11      25             -0.0003957463635334661             
13      24             -0.0003957463635334661             
13      25             -0.0003957463635334661             
24      32             -0.00039574705733268906            
24      36             -0.00039574705733268906            
25      32             -0.00039574705733268906            
25      36             -0.00039574705733268906            
24      51             -0.00039574722431067605            
25      51             -0.00039574722431067605            
24      40             -0.00039574725770627137            
25      40             -0.00039574725770627137            
24      47             -0.0003957472911018736             
25      47             -0.0003957472911018736             
24      44             -0.0003957473912886665             
24      45             -0.0003957473912886665             
25      44             -0.0003957473912886665             
25      45             -0.0003957473912886665             
24      34             -0.0003957474580798641             
25      34             -0.0003957474580798641             
24      37             -0.00039574759166225576            
25      37             -0.00039574759166225576            
24      41             -0.0003957478588270391             
25      41             -0.0003957478588270391             
20      27             -0.00043083891870938397            
22      27             -0.00043083891870938397            
19      27             -0.0004308389359696293             
21      27             -0.0004308389359696293             
5       42             -0.0005730531885756694             
6       42             -0.0005730531885756694             
8       42             -0.0005730531885756694             
12      42             -0.0005730531885756694             
35      42             -0.0005730532592142026             
39      42             -0.0005730532592142026             
42      52             -0.0005730532592142026             
5       43             -0.0005730542668279798             
6       43             -0.0005730542668279798             
8       43             -0.0005730542668279798             
12      43             -0.0005730542668279798             
35      43             -0.000573054337466513              
39      43             -0.000573054337466513              
43      49             -0.0005730543374665165             
43      52             -0.0005730543374665165             
28      43             -0.0005730543727857813             
30      43             -0.0005730543727857813             
14      43             -0.0005730544081050497             
29      43             -0.0005730545140628478             
5       46             -0.0005730545749000684             
6       46             -0.0005730545749000684             
8       46             -0.0005730545749000684             
12      46             -0.0005730545749000684             
33      43             -0.0005730545847013845             
35      46             -0.0005730546455386051             
39      46             -0.0005730546455386051             
46      49             -0.0005730546455386051             
46      52             -0.0005730546455386051             
28      46             -0.0005730546808578735             
30      46             -0.0005730546808578735             
14      46             -0.0005730547161771418             
43      48             -0.0005730547259784544             
29      46             -0.0005730548221349434             
31      43             -0.0005730548672555277             
43      53             -0.0005730548672555277             
33      46             -0.0005730548927734801             
43      50             -0.000573054937894061              
38      43             -0.0005730550085325942             
46      48             -0.0005730550340505465             
9       43             -0.0005730550438518625             
28      42             -0.0005730551571786167             
30      42             -0.0005730551571786167             
46      53             -0.0005730551753276199             
31      46             -0.0005730551753276268             
7       43             -0.0005730551851289324             
14      42             -0.0005730551924978851             
46      50             -0.0005730552459661566             
29      42             -0.0005730552984556797             
38      46             -0.0005730553166046932             
9       46             -0.0005730553519239616             
33      42             -0.0005730553690942129             
7       46             -0.000573055493201035              
32      42             -0.0005730555187549551             
36      42             -0.0005730555187549551             
31      42             -0.0005730556516483423             
40      42             -0.0005730557306705512             
38      42             -0.0005730557929254053             
9       42             -0.0005730558282446702             
34      42             -0.0005730559425861474             
7       42             -0.0005730559695217366             
37      42             -0.0005730560838632139             
41      42             -0.0005730563664173433             
32      43             -0.0005730565970072099             
36      43             -0.0005730565970072099             
3       42             -0.0005730567549292673             
4       42             -0.0005730567549292673             
10      42             -0.0005730567549292673             
11      42             -0.0005730567549292673             
13      42             -0.0005730567549292673             
40      43             -0.000573056808922813              
32      46             -0.0005730569050792882             
36      46             -0.0005730569050792882             
34      43             -0.0005730570208384196             
40      46             -0.0005730571169948913             
37      43             -0.000573057162115493              
44      46             -0.0005730572582719647             
45      46             -0.0005730572582719647             
34      46             -0.0005730573289105013             
41      43             -0.0005730574446696293             
37      46             -0.0005730574701875747             
42      51             -0.0005730575579964356             
42      47             -0.0005730576286349688             
42      44             -0.0005730577345927634             
42      45             -0.0005730577345927634             
41      46             -0.0005730577527417145             
3       43             -0.0005730578331815707             
4       43             -0.0005730578331815707             
10      43             -0.0005730578331815707             
11      43             -0.0005730578331815707             
13      43             -0.0005730578331815707             
3       46             -0.0005730581412536628             
4       46             -0.0005730581412536628             
10      46             -0.0005730581412536628             
11      46             -0.0005730581412536628             
13      46             -0.0005730581412536628             
43      51             -0.0005730586362486974             
43      47             -0.0005730587068872341             
43      44             -0.0005730588128450356             
43      45             -0.0005730588128450356             
42      49             -0.0005730588471496503             
46      51             -0.0005730589443207722             
46      47             -0.0005730590149593089             
42      48             -0.0005730592356615744             
42      53             -0.0005730593769386408             
42      50             -0.000573059447577174              
17      18             -0.0006187037522868474             
19      42             -0.0007529711606572703             
21      42             -0.0007529711606572703             
20      43             -0.0007529715073538133             
22      43             -0.0007529715073538133             
19      43             -0.0007529715250134458             
21      43             -0.0007529715250134458             
20      46             -0.0007529716114555787             
22      46             -0.0007529716114555787             
19      46             -0.0007529716291152129             
21      46             -0.0007529716291152129             
20      42             -0.0007529720743202125             
22      42             -0.0007529720743202125             
23      35             -0.0008625120382704451             
23      39             -0.0008625120382704451             
23      49             -0.0008625120382704451             
23      52             -0.0008625120382704451             
23      28             -0.0008625120635015644             
23      30             -0.0008625120635015644             
14      23             -0.0008625120887326837             
23      29             -0.000862512164426045              
23      33             -0.000862512214888287              
23      48             -0.0008625123158127711             
23      31             -0.0008625124167372551             
23      53             -0.0008625124167372551             
23      50             -0.0008625124671994971             
23      38             -0.0008625125176617426             
9       23             -0.0008625125428928584             
7       23             -0.0008625126438173425             
23      32             -0.0008625128538240733             
23      36             -0.0008625128538240733             
23      51             -0.0008625129799796766             
23      40             -0.0008625130052107959             
23      47             -0.0008625130304419186             
23      44             -0.0008625131061352799             
23      45             -0.0008625131061352799             
23      34             -0.0008625131565975219             
23      37             -0.0008625132575220094             
23      41             -0.0008625134593709741             
3       23             -0.0008625137369133035             
4       23             -0.0008625137369133035             
10      23             -0.0008625137369133035             
11      23             -0.0008625137369133035             
13      23             -0.0008625137369133035             
5       23             -0.0008625138504533489             
6       23             -0.0008625138504533489             
8       23             -0.0008625138504533489             
12      23             -0.0008625138504533489             
17      27             -0.0010694400245993656             
17      20             -0.0010869201285510915             
17      22             -0.0010869201285510915             
17      19             -0.0010869201466441637             
17      21             -0.0010869201466441637             
26      27             -0.001100130240204205              
16      17             -0.001411350694824752              
17      26             -0.0014737196244900969             
27      43             -0.0014878318408366419             
27      46             -0.0014878321170005634             
27      42             -0.0014878345995532234             
1       35             -0.001540130096977222              
1       39             -0.001540130096977222              
1       52             -0.001540130096977222              
2       35             -0.0015401317478228073             
2       39             -0.0015401317478228073             
2       52             -0.0015401317478228073             
5       55             -0.0015401318382201046             
6       55             -0.0015401318382201046             
8       55             -0.0015401318382201046             
12      55             -0.0015401318382201046             
5       54             -0.0015401318574746088             
6       54             -0.0015401318574746088             
8       54             -0.0015401318574746088             
12      54             -0.0015401318574746088             
49      55             -0.0015401319018588516             
2       29             -0.001540131906919668              
2       33             -0.0015401319705584185             
29      55             -0.0015401320609557193             
2       48             -0.0015401320978359126             
33      55             -0.0015401321245944663             
33      54             -0.0015401321438489705             
1       33             -0.0015401321823579825             
2       31             -0.0015401322251134067             
2       53             -0.0015401322251134067             
48      55             -0.0015401322518719639             
48      54             -0.0015401322711264681             
2       50             -0.0015401322887521537             
2       32             -0.0015401322899639552             
2       36             -0.0015401322899639552             
1       48             -0.0015401323096354766             
2       38             -0.0015401323523909008             
31      55             -0.001540132379149458              
53      55             -0.001540132379149458              
2       9              -0.0015401323842102743             
31      54             -0.0015401323984039622             
53      54             -0.0015401323984039622             
1       31             -0.0015401324369129742             
1       53             -0.0015401324369129742             
50      55             -0.001540132442788205              
32      55             -0.0015401324439999926             
36      55             -0.0015401324439999926             
2       51             -0.0015401324490608229             
50      54             -0.0015401324620427093             
32      54             -0.0015401324632544969             
36      54             -0.0015401324632544969             
2       40             -0.001540132480880193              
1       50             -0.0015401325005517212             
1       32             -0.0015401325017635088             
1       36             -0.0015401325017635088             
38      55             -0.001540132506426952              
2       7              -0.0015401325114877684             
2       47             -0.00154013251269957               
38      54             -0.0015401325256814563             
9       55             -0.0015401325382463256             
9       54             -0.0015401325575008298             
1       38             -0.0015401325641904717             
1       9              -0.0015401325960098418             
51      55             -0.0015401326030968603             
2       44             -0.001540132608157687              
2       45             -0.001540132608157687              
51      54             -0.0015401326223513645             
40      55             -0.0015401326349162338             
40      54             -0.001540132654170738              
1       51             -0.0015401326608603765             
7       55             -0.0015401326655238197             
47      55             -0.0015401326667356073             
2       34             -0.0015401326717964375             
7       54             -0.0015401326847783274             
47      54             -0.0015401326859901115             
1       40             -0.0015401326926797465             
1       7              -0.0015401327232873394             
1       47             -0.0015401327244991235             
44      55             -0.0015401327621937314             
45      55             -0.0015401327621937314             
44      54             -0.0015401327814482321             
45      54             -0.0015401327814482321             
2       37             -0.0015401327990739316             
1       44             -0.001540132819957244              
1       45             -0.001540132819957244              
34      55             -0.0015401328258324784             
34      54             -0.0015401328450869826             
1       34             -0.0015401328835959911             
37      55             -0.0015401329531099725             
37      54             -0.0015401329723644767             
1       37             -0.0015401330108734887             
2       41             -0.0015401330536289164             
41      55             -0.0015401332076649607             
41      54             -0.001540133226919465              
1       41             -0.0015401332654284734             
2       3              -0.0015401334036420251             
2       4              -0.0015401334036420251             
2       10             -0.0015401334036420251             
2       11             -0.0015401334036420251             
2       13             -0.0015401334036420251             
2       5              -0.0015401335468292095             
2       6              -0.0015401335468292095             
2       8              -0.0015401335468292095             
2       12             -0.0015401335468292095             
3       55             -0.001540133557678073              
4       55             -0.001540133557678073              
10      55             -0.001540133557678073              
11      55             -0.001540133557678073              
13      55             -0.001540133557678073              
3       54             -0.0015401335769325772             
4       54             -0.0015401335769325772             
10      54             -0.0015401335769325772             
11      54             -0.0015401335769325772             
13      54             -0.0015401335769325772             
2       49             -0.0015401336104679565             
1       3              -0.0015401336154415857             
1       4              -0.0015401336154415857             
1       10             -0.0015401336154415857             
1       11             -0.0015401336154415857             
1       13             -0.0015401336154415857             
2       28             -0.0015401336422873266             
2       30             -0.0015401336422873266             
2       14             -0.0015401336741067036             
1       5              -0.0015401337586287735             
1       6              -0.0015401337586287735             
1       8              -0.0015401337586287735             
1       12             -0.0015401337586287735             
35      55             -0.0015401337645040009             
39      55             -0.0015401337645040009             
52      55             -0.0015401337645040009             
35      54             -0.001540133783758505              
39      54             -0.001540133783758505              
49      54             -0.001540133783758505              
52      54             -0.001540133783758505              
28      55             -0.0015401337963233779             
30      55             -0.0015401337963233779             
28      54             -0.001540133815577882              
30      54             -0.001540133815577882              
1       49             -0.0015401338222675205             
14      55             -0.0015401338281427514             
14      54             -0.0015401338473972556             
1       28             -0.0015401338540868906             
1       30             -0.0015401338540868906             
1       14             -0.0015401338859062676             
29      54             -0.0015401339428553727             
1       29             -0.0015401339813643847             
16      32             -0.0016357476084080287             
16      36             -0.0016357476084080287             
16      51             -0.0016357477212401578             
16      40             -0.0016357477438065822             
16      47             -0.00163574776637301               
16      44             -0.0016357478340722868             
16      45             -0.0016357478340722868             
16      34             -0.0016357478792051391             
16      37             -0.0016357479694708438             
16      41             -0.0016357481500022496             
3       16             -0.001635748398232939              
4       16             -0.001635748398232939              
10      16             -0.001635748398232939              
11      16             -0.001635748398232939              
13      16             -0.001635748398232939              
5       16             -0.0016357484997818576             
6       16             -0.0016357484997818576             
8       16             -0.0016357484997818576             
12      16             -0.0016357484997818576             
16      35             -0.00163574854491471               
16      39             -0.00163574854491471               
16      49             -0.00163574854491471               
16      52             -0.00163574854491471               
16      28             -0.0016357485674811344             
16      30             -0.0016357485674811344             
14      16             -0.0016357485900475623             
16      29             -0.0016357486577468355             
16      33             -0.0016357487028796878             
16      48             -0.0016357487931453925             
16      31             -0.0016357488834110971             
16      53             -0.0016357488834110971             
16      50             -0.0016357489285439494             
16      38             -0.0016357489736768017             
9       16             -0.0016357489962432296             
7       16             -0.0016357490865089343             
15      26             -0.001720399494086141              
15      17             -0.0017649289263960422             
26      42             -0.0018551352524735672             
26      46             -0.0018551363740395045             
26      43             -0.001855137987447776              
24      27             -0.001870538704166716              
25      27             -0.001870538704166716              
20      32             -0.0020511080637241504             
20      36             -0.0020511080637241504             
22      32             -0.0020511080637241504             
22      36             -0.0020511080637241504             
19      32             -0.0020511080829786546             
19      36             -0.0020511080829786546             
21      32             -0.0020511080829786546             
21      36             -0.0020511080829786546             
20      51             -0.0020511081287877524             
22      51             -0.0020511081287877524             
20      40             -0.002051108141800472              
22      40             -0.002051108141800472              
19      51             -0.0020511081480422567             
21      51             -0.0020511081480422567             
20      47             -0.002051108154813193              
22      47             -0.002051108154813193              
19      40             -0.002051108161054976              
21      40             -0.002051108161054976              
19      47             -0.002051108174067699              
21      47             -0.002051108174067699              
20      44             -0.0020511081938513545             
20      45             -0.0020511081938513545             
22      44             -0.0020511081938513545             
22      45             -0.0020511081938513545             
19      44             -0.0020511082131058588             
19      45             -0.0020511082131058588             
21      44             -0.0020511082131058588             
21      45             -0.0020511082131058588             
20      34             -0.002051108219876795              
22      34             -0.002051108219876795              
19      34             -0.002051108239131301              
21      34             -0.002051108239131301              
20      37             -0.0020511082719276777             
22      37             -0.0020511082719276777             
19      37             -0.0020511082911821837             
21      37             -0.0020511082911821837             
20      41             -0.0020511083760294414             
22      41             -0.0020511083760294414             
19      41             -0.0020511083952839473             
21      41             -0.0020511083952839473             
3       20             -0.0020511085191693684             
3       22             -0.0020511085191693684             
4       20             -0.0020511085191693684             
4       22             -0.0020511085191693684             
10      20             -0.0020511085191693684             
10      22             -0.0020511085191693684             
11      20             -0.0020511085191693684             
11      22             -0.0020511085191693684             
13      20             -0.0020511085191693684             
13      22             -0.0020511085191693684             
3       19             -0.0020511085384238726             
3       21             -0.0020511085384238726             
4       19             -0.0020511085384238726             
4       21             -0.0020511085384238726             
10      19             -0.0020511085384238726             
10      21             -0.0020511085384238726             
11      19             -0.0020511085384238726             
11      21             -0.0020511085384238726             
13      19             -0.0020511085384238726             
13      21             -0.0020511085384238726             
5       20             -0.0020511085777266107             
5       22             -0.0020511085777266107             
6       20             -0.0020511085777266107             
6       22             -0.0020511085777266107             
8       20             -0.0020511085777266107             
8       22             -0.0020511085777266107             
12      20             -0.0020511085777266107             
12      22             -0.0020511085777266107             
5       19             -0.0020511085969811167             
5       21             -0.0020511085969811167             
6       19             -0.0020511085969811167             
6       21             -0.0020511085969811167             
8       19             -0.0020511085969811167             
8       21             -0.0020511085969811167             
12      19             -0.0020511085969811167             
12      21             -0.0020511085969811167             
20      35             -0.002051108603752053              
20      39             -0.002051108603752053              
20      49             -0.002051108603752053              
20      52             -0.002051108603752053              
22      35             -0.002051108603752053              
22      39             -0.002051108603752053              
22      49             -0.002051108603752053              
22      52             -0.002051108603752053              
20      28             -0.0020511086167647723             
20      30             -0.0020511086167647723             
22      28             -0.0020511086167647723             
22      30             -0.0020511086167647723             
19      35             -0.002051108623006559              
19      39             -0.002051108623006559              
19      49             -0.002051108623006559              
19      52             -0.002051108623006559              
21      35             -0.002051108623006559              
21      39             -0.002051108623006559              
21      49             -0.002051108623006559              
21      52             -0.002051108623006559              
14      20             -0.0020511086297774934             
14      22             -0.0020511086297774934             
19      28             -0.0020511086360192783             
19      30             -0.0020511086360192783             
21      28             -0.0020511086360192783             
21      30             -0.0020511086360192783             
14      19             -0.0020511086490319994             
14      21             -0.0020511086490319994             
20      29             -0.0020511086688156533             
22      29             -0.0020511086688156533             
19      29             -0.0020511086880701593             
21      29             -0.0020511086880701593             
20      33             -0.0020511086948410955             
22      33             -0.0020511086948410955             
19      33             -0.0020511087140956015             
21      33             -0.0020511087140956015             
20      48             -0.0020511087468919782             
22      48             -0.0020511087468919782             
19      48             -0.002051108766146484              
21      48             -0.002051108766146484              
20      31             -0.002051108798942861              
20      53             -0.002051108798942861              
22      31             -0.002051108798942861              
22      53             -0.002051108798942861              
19      31             -0.002051108818197367              
19      53             -0.002051108818197367              
21      31             -0.002051108818197367              
21      53             -0.002051108818197367              
20      50             -0.0020511088249683014             
22      50             -0.0020511088249683014             
19      50             -0.0020511088442228074             
21      50             -0.0020511088442228074             
20      38             -0.0020511088509937436             
22      38             -0.0020511088509937436             
9       20             -0.002051108864006463              
9       22             -0.002051108864006463              
19      38             -0.0020511088702482496             
21      38             -0.0020511088702482496             
9       19             -0.002051108883260969              
9       21             -0.002051108883260969              
7       20             -0.0020511089160573457             
7       22             -0.0020511089160573457             
7       19             -0.0020511089353118517             
7       21             -0.0020511089353118517             
18      32             -0.0020682295971069867             
18      36             -0.0020682295971069867             
18      51             -0.0020682296776674963             
18      40             -0.0020682296937795976             
18      47             -0.0020682297098917005             
18      44             -0.002068229758228006              
18      45             -0.002068229758228006              
18      34             -0.002068229790452212              
18      37             -0.0020682298549006203             
18      41             -0.0020682299837974354             
3       18             -0.0020682301610305594             
4       18             -0.0020682301610305594             
10      18             -0.0020682301610305594             
11      18             -0.0020682301610305594             
13      18             -0.0020682301610305594             
5       18             -0.002068231164857593              
6       18             -0.002068231164857593              
8       18             -0.002068231164857593              
12      18             -0.002068231164857593              
18      35             -0.002068231197081799              
18      39             -0.002068231197081799              
18      49             -0.002068231197081799              
18      52             -0.002068231197081799              
18      28             -0.0020682312131939003             
18      30             -0.0020682312131939003             
14      18             -0.0020682312293060032             
18      29             -0.002068231277642307              
18      33             -0.002068231309866511              
18      48             -0.0020682313743149213             
18      31             -0.0020682314387633297             
18      53             -0.0020682314387633297             
18      50             -0.002068231470987534              
18      38             -0.002068231503211738              
9       18             -0.0020682315193238394             
7       18             -0.002068231583772248              
15      42             -0.002138591217607396              
15      43             -0.0021385920989054653             
15      46             -0.0021385923507049147             
2       26             -0.002548767096163102              
26      55             -0.0025487672207815393             
26      54             -0.0025487672363588426             
1       26             -0.0025487672675134528             
27      55             -0.0025960813685901897             
27      54             -0.002596081385850435              
1       27             -0.002596081420370922              
2       27             -0.0025960830931533764             
24      26             -0.002668124084014945              
25      26             -0.002668124084014945              
1       15             -0.0027705594986698785             
2       15             -0.002770561188202906              
15      55             -0.002770561314102634              
15      54             -0.0027705613298400975             
15      24             -0.0029086323621723177             
15      25             -0.0029086323621723177             
16      26             -0.00296542200670521               
2       17             -0.0030527541519583777             
17      55             -0.003052754296702948              
17      54             -0.0030527543147960204             
1       17             -0.0030527543509821647             
46      54             -0.003342762761625196              
42      54             -0.0033427634787728915             
1       42             -0.00334276351409216               
2       46             -0.003342764465333641              
46      55             -0.0033427646066107146             
1       46             -0.003342764659589617              
42      55             -0.00334276532375841               
2       43             -0.0033427660734237988             
43      55             -0.0033427662147008756             
43      54             -0.0033427662323605063             
1       43             -0.0033427662676797747             
2       42             -0.0033427670451264928             
16      24             -0.0036751464941228943             
16      25             -0.0036751464941228943             
2       24             -0.0038983663011246117             
2       25             -0.0038983663011246117             
1       24             -0.0038983664848004015             
1       25             -0.0038983664848004015             
24      55             -0.003898368297352156              
25      55             -0.003898368297352156              
24      54             -0.0038983683140499555             
25      54             -0.0038983683140499555             
23      27             -0.003919883440906165              
15      23             -0.004098865676258737              
23      54             -0.004274833477225501              
1       23             -0.004274833502456624              
2       23             -0.00427483429500803               
23      55             -0.004274834395932518              
