#======================================================================
# PARAMETERS USED FOR THIS COMPUTATION: 
#      Sequence type: RNA
#      Total number of sequences in alignment data: 6
#      Length of sequences in alignment data: 51
#      Effective number of sequences: 2.0
#      Value of sequence identity: 0.8
#      Value of relative pseudocount: 0.5
# The First and Second columns represent sites and the
# Third column is MFDCA Frobenius norm, average product corrected (APC) DCA score
#======================================================================
7       38             1.3549747833280448                 
45      46             1.3003587359049429                 
8       37             0.998601158387138                  
26      43             0.9751112056783162                 
6       25             0.8837942433594534                 
22      28             0.8781611863784835                 
22      48             0.8726162556605573                 
32      44             0.8608192291990286                 
22      37             0.8210471982254681                 
8       22             0.8210471982254659                 
27      49             0.8003097176118128                 
28      48             0.7871477930009111                 
44      51             0.7361822604020507                 
25      37             0.7170381408021488                 
8       25             0.7170381408021465                 
22      25             0.7168732918503387                 
6       50             0.7016220890629716                 
26      49             0.6981279970418347                 
43      49             0.6981279970418335                 
22      32             0.6800867466323173                 
26      48             0.6571000384209109                 
43      48             0.6571000384209098                 
48      49             0.6565237457749784                 
48      51             0.6435946211857877                 
26      27             0.6315778228279916                 
27      43             0.6315778228279898                 
27      48             0.6138565621838915                 
26      28             0.5946380491550258                 
28      43             0.5946380491550252                 
6       27             0.5631876228137902                 
7       51             0.5356752389877526                 
38      51             0.5356752389877518                 
32      51             0.49343686534398395                
25      50             0.4851345994554969                 
27      32             0.478635098181264                  
7       25             0.4725547909037232                 
25      38             0.4725547909037203                 
45      47             0.4651921022360994                 
46      47             0.4651921022360992                 
32      47             0.45347965393169776                
28      32             0.4483562945363407                 
7       49             0.42783482447171706                
38      49             0.4278348244717162                 
27      28             0.42017115911411845                
38      46             0.41790860459529333                
38      45             0.4179086045952932                 
7       45             0.4179086045952927                 
7       46             0.4179086045952926                 
7       27             0.40270845234436914                
27      38             0.4027084523443688                 
22      27             0.4007618458250263                 
25      44             0.3975458645185179                 
46      48             0.3928501993227561                 
45      48             0.392850199322756                  
28      49             0.3822350556290466                 
25      27             0.363521637942125                  
44      47             0.3568662004557421                 
44      45             0.3510392341317632                 
44      46             0.3510392341317632                 
22      44             0.3283042102807596                 
27      50             0.31854271341285134                
25      48             0.3183169489111103                 
28      44             0.3139783344093456                 
44      48             0.3132263590629927                 
43      44             0.30482875731728304                
26      44             0.3048287573172823                 
37      47             0.2833568718733633                 
8       47             0.28335687187336295                
37      48             0.2829096192652174                 
8       48             0.2829096192652166                 
6       28             0.2751194496210305                 
46      51             0.27410523409954674                
45      51             0.2741052340995465                 
6       48             0.2688543902894369                 
6       44             0.24601516700986487                
32      48             0.2399709655967846                 
32      46             0.23000710932993784                
32      45             0.23000710932993762                
37      38             0.22896377998653827                
7       8              0.22896377998653705                
7       37             0.22896377998653683                
8       38             0.2289637799865366                 
6       49             0.22807311809133607                
22      47             0.21214747181493715                
49      51             0.20425445009064758                
32      37             0.2006194250153147                 
8       32             0.20061942501531355                
25      28             0.198555205744964                  
47      51             0.19622463297261422                
7       22             0.189306898799383                  
22      38             0.18930689879938112                
25      45             0.18219847308238524                
25      46             0.18219847308238513                
25      32             0.16890074734347338                
25      47             0.146450118423941                  
26      38             0.13987082166590747                
7       26             0.13987082166590709                
38      43             0.1398708216659067                 
7       43             0.1398708216659062                 
27      47             0.13812544373203967                
6       47             0.13781480989326578                
6       43             0.13528320896797297                
6       26             0.13528320896797252                
49      50             0.132548178473598                  
25      26             0.12650778487798997                
25      43             0.12650778487798942                
28      50             0.11989836247941271                
27      51             0.11303614229447956                
25      49             0.11181225277883933                
6       22             0.10500197601914557                
48      50             0.10230159029081498                
26      51             0.07735464621118415                
43      51             0.07735464621118354                
10      14             0.07727075726104873                
23      35             0.07727075726104854                
10      12             0.07727075726104854                
23      29             0.07727075726104848                
23      39             0.07727075726104848                
23      33             0.07727075726104843                
23      30             0.07727075726104837                
10      13             0.07727075726104837                
10      11             0.07727075726104835                
23      40             0.07727075726104818                
23      34             0.0772707572610481                 
24      39             0.07727075726104762                
24      33             0.07727075726104751                
21      35             0.07727075726104746                
24      35             0.07727075726104746                
21      33             0.07727075726104743                
21      39             0.07727075726104743                
24      30             0.0772707572610474                 
21      29             0.07727075726104737                
24      29             0.07727075726104737                
21      30             0.07727075726104735                
21      40             0.07727075726104735                
24      34             0.07727075726104732                
24      40             0.07727075726104732                
3       4              0.07727075726104732                
21      34             0.07727075726104729                
1       2              0.07727075726104729                
19      31             0.07727075726104726                
19      41             0.07727075726104726                
19      42             0.07727075726104723                
20      39             0.07727075726104715                
19      36             0.07727075726104715                
16      39             0.07727075726104715                
16      35             0.0772707572610471                 
20      29             0.07727075726104704                
20      33             0.07727075726104704                
20      35             0.07727075726104704                
16      33             0.07727075726104704                
16      29             0.07727075726104701                
15      30             0.07727075726104701                
15      33             0.07727075726104701                
15      40             0.07727075726104701                
20      40             0.07727075726104699                
15      39             0.07727075726104699                
16      30             0.07727075726104696                
15      29             0.07727075726104696                
15      34             0.07727075726104696                
15      35             0.07727075726104696                
16      40             0.07727075726104696                
20      34             0.07727075726104693                
20      30             0.0772707572610469                 
16      34             0.0772707572610469                 
2       12             0.07727075726104685                
2       11             0.07727075726104674                
13      33             0.07727075726104671                
13      39             0.07727075726104671                
21      36             0.07727075726104671                
18      39             0.07727075726104671                
18      33             0.07727075726104668                
13      40             0.07727075726104665                
18      29             0.07727075726104665                
18      35             0.07727075726104665                
2       18             0.07727075726104662                
13      30             0.0772707572610466                 
18      30             0.0772707572610466                 
13      35             0.07727075726104657                
1       14             0.07727075726104657                
13      29             0.07727075726104654                
15      16             0.07727075726104654                
21      31             0.07727075726104651                
1       18             0.07727075726104651                
13      34             0.07727075726104649                
2       20             0.07727075726104649                
2       14             0.07727075726104646                
1       13             0.07727075726104643                
1       11             0.07727075726104643                
2       17             0.07727075726104643                
18      40             0.07727075726104643                
2       13             0.07727075726104635                
18      34             0.07727075726104635                
1       12             0.07727075726104632                
2       19             0.07727075726104629                
1       20             0.07727075726104629                
1       24             0.07727075726104626                
2       24             0.07727075726104626                
4       18             0.07727075726104626                
2       23             0.07727075726104624                
1       19             0.07727075726104624                
9       10             0.07727075726104624                
1       23             0.07727075726104621                
3       12             0.07727075726104621                
1       17             0.07727075726104621                
1       21             0.07727075726104618                
2       21             0.07727075726104618                
3       18             0.07727075726104618                
3       19             0.07727075726104615                
3       17             0.07727075726104607                
21      42             0.07727075726104607                
4       20             0.07727075726104604                
21      41             0.07727075726104604                
13      15             0.07727075726104599                
13      16             0.07727075726104596                
4       17             0.0772707572610459                 
3       21             0.0772707572610459                 
12      39             0.07727075726104587                
3       23             0.07727075726104585                
3       20             0.07727075726104585                
12      33             0.07727075726104582                
4       11             0.07727075726104579                
12      40             0.07727075726104579                
12      30             0.07727075726104576                
3       24             0.07727075726104576                
12      29             0.07727075726104576                
12      34             0.07727075726104576                
17      40             0.07727075726104576                
4       21             0.07727075726104574                
12      35             0.07727075726104574                
3       13             0.07727075726104574                
4       24             0.07727075726104571                
4       19             0.07727075726104571                
17      29             0.07727075726104571                
17      35             0.07727075726104571                
2       4              0.07727075726104571                
17      34             0.07727075726104568                
11      39             0.07727075726104568                
17      39             0.07727075726104568                
4       12             0.07727075726104565                
17      30             0.07727075726104565                
3       11             0.07727075726104565                
4       23             0.07727075726104563                
9       18             0.07727075726104563                
2       42             0.07727075726104563                
11      33             0.0772707572610456                 
11      34             0.0772707572610456                 
14      39             0.0772707572610456                 
17      33             0.07727075726104557                
1       42             0.07727075726104557                
5       10             0.07727075726104557                
11      29             0.07727075726104554                
11      35             0.07727075726104554                
11      40             0.07727075726104554                
19      40             0.07727075726104554                
14      18             0.07727075726104554                
1       41             0.07727075726104554                
11      30             0.07727075726104551                
3       14             0.07727075726104551                
2       41             0.07727075726104551                
19      35             0.07727075726104549                
14      29             0.07727075726104549                
14      40             0.07727075726104549                
17      41             0.07727075726104549                
4       13             0.07727075726104546                
14      33             0.07727075726104546                
19      39             0.07727075726104546                
19      29             0.07727075726104543                
14      35             0.07727075726104543                
14      20             0.07727075726104543                
17      31             0.07727075726104543                
19      30             0.0772707572610454                 
14      30             0.0772707572610454                 
19      34             0.0772707572610454                 
14      34             0.0772707572610454                 
5       12             0.0772707572610454                 
1       3              0.0772707572610454                 
17      42             0.0772707572610454                 
5       18             0.07727075726104538                
9       20             0.07727075726104535                
5       20             0.07727075726104535                
17      36             0.07727075726104535                
19      33             0.07727075726104532                
14      17             0.07727075726104532                
14      24             0.07727075726104529                
4       14             0.07727075726104529                
1       4              0.07727075726104529                
5       9              0.07727075726104529                
5       13             0.07727075726104526                
2       31             0.07727075726104526                
41      42             0.07727075726104526                
9       11             0.07727075726104524                
23      36             0.07727075726104524                
5       21             0.07727075726104521                
9       19             0.07727075726104521                
5       17             0.07727075726104521                
36      41             0.07727075726104521                
14      23             0.07727075726104518                
14      19             0.07727075726104518                
40      41             0.07727075726104518                
36      42             0.07727075726104518                
5       23             0.07727075726104515                
3       42             0.07727075726104515                
12      18             0.07727075726104513                
1       5              0.07727075726104513                
9       13             0.0772707572610451                 
3       41             0.0772707572610451                 
31      42             0.0772707572610451                 
14      21             0.07727075726104507                
9       21             0.07727075726104507                
5       24             0.07727075726104507                
9       17             0.07727075726104507                
39      41             0.07727075726104507                
31      41             0.07727075726104507                
11      18             0.07727075726104504                
4       41             0.07727075726104504                
39      42             0.07727075726104504                
40      42             0.07727075726104504                
1       36             0.07727075726104504                
2       36             0.07727075726104504                
23      31             0.07727075726104501                
4       42             0.07727075726104501                
1       31             0.07727075726104501                
13      18             0.07727075726104499                
5       14             0.07727075726104499                
20      36             0.07727075726104499                
9       23             0.07727075726104496                
4       5              0.07727075726104496                
5       11             0.07727075726104496                
5       19             0.07727075726104496                
34      41             0.07727075726104496                
35      41             0.07727075726104496                
9       24             0.07727075726104493                
3       5              0.07727075726104493                
35      42             0.07727075726104493                
10      35             0.07727075726104493                
16      18             0.07727075726104493                
15      18             0.07727075726104493                
9       12             0.0772707572610449                 
34      42             0.0772707572610449                 
12      15             0.0772707572610449                 
12      20             0.07727075726104488                
4       31             0.07727075726104488                
9       14             0.07727075726104488                
2       5              0.07727075726104488                
33      41             0.07727075726104488                
10      34             0.07727075726104488                
10      40             0.07727075726104488                
13      20             0.07727075726104485                
11      20             0.07727075726104485                
9       40             0.07727075726104485                
10      30             0.07727075726104485                
14      36             0.07727075726104485                
20      31             0.07727075726104485                
10      39             0.07727075726104485                
11      15             0.07727075726104485                
16      20             0.07727075726104485                
11      17             0.07727075726104482                
12      19             0.07727075726104482                
29      31             0.07727075726104482                
33      42             0.07727075726104482                
18      20             0.07727075726104482                
35      36             0.07727075726104482                
10      29             0.07727075726104482                
12      16             0.07727075726104482                
16      17             0.07727075726104482                
2       10             0.07727075726104482                
14      15             0.07727075726104482                
31      36             0.07727075726104482                
12      24             0.07727075726104479                
12      17             0.07727075726104479                
29      41             0.07727075726104479                
11      21             0.07727075726104476                
13      17             0.07727075726104476                
9       34             0.07727075726104476                
30      31             0.07727075726104476                
29      42             0.07727075726104476                
11      16             0.07727075726104476                
18      36             0.07727075726104476                
30      42             0.07727075726104474                
2       3              0.07727075726104474                
30      41             0.07727075726104474                
34      36             0.07727075726104474                
10      33             0.07727075726104474                
10      18             0.07727075726104474                
11      24             0.07727075726104471                
11      19             0.07727075726104471                
15      20             0.07727075726104471                
11      23             0.07727075726104468                
9       35             0.07727075726104468                
3       31             0.07727075726104468                
16      19             0.07727075726104468                
13      19             0.07727075726104465                
18      19             0.07727075726104465                
14      31             0.07727075726104465                
12      23             0.07727075726104463                
12      21             0.07727075726104463                
9       39             0.07727075726104463                
33      36             0.07727075726104463                
15      24             0.07727075726104463                
14      41             0.07727075726104463                
15      19             0.07727075726104463                
16      36             0.07727075726104463                
18      21             0.0772707572610446                 
9       29             0.0772707572610446                 
9       33             0.0772707572610446                 
30      36             0.0772707572610446                 
5       41             0.0772707572610446                 
13      21             0.07727075726104457                
13      23             0.07727075726104457                
13      24             0.07727075726104457                
29      36             0.07727075726104457                
10      20             0.07727075726104457                
18      23             0.07727075726104454                
14      42             0.07727075726104454                
14      16             0.07727075726104454                
15      17             0.07727075726104454                
9       30             0.07727075726104451                
24      36             0.07727075726104451                
10      23             0.07727075726104451                
16      24             0.07727075726104451                
10      17             0.07727075726104451                
1       10             0.07727075726104451                
16      31             0.07727075726104451                
11      12             0.07727075726104449                
18      24             0.07727075726104449                
4       36             0.07727075726104449                
5       36             0.07727075726104449                
5       42             0.07727075726104449                
15      36             0.07727075726104449                
10      24             0.07727075726104446                
3       36             0.07727075726104446                
18      31             0.07727075726104446                
11      14             0.07727075726104443                
16      21             0.07727075726104443                
15      21             0.07727075726104443                
10      19             0.07727075726104443                
5       31             0.07727075726104443                
2       9              0.0772707572610444                 
15      23             0.0772707572610444                 
20      41             0.0772707572610444                 
10      16             0.0772707572610444                 
20      42             0.07727075726104438                
15      31             0.07727075726104438                
13      36             0.07727075726104435                
17      18             0.07727075726104432                
9       42             0.07727075726104432                
11      13             0.07727075726104429                
4       9              0.07727075726104427                
10      21             0.07727075726104427                
13      31             0.07727075726104427                
9       41             0.07727075726104427                
17      20             0.07727075726104424                
24      31             0.07727075726104424                
4       10             0.07727075726104424                
11      36             0.07727075726104424                
12      36             0.07727075726104424                
5       40             0.07727075726104424                
3       9              0.07727075726104421                
16      23             0.07727075726104421                
10      15             0.07727075726104421                
20      24             0.07727075726104415                
5       34             0.07727075726104415                
12      31             0.07727075726104415                
5       35             0.07727075726104413                
16      41             0.07727075726104413                
17      19             0.0772707572610441                 
23      41             0.0772707572610441                 
12      41             0.0772707572610441                 
23      42             0.07727075726104407                
11      31             0.07727075726104407                
5       39             0.07727075726104407                
11      41             0.07727075726104407                
17      24             0.07727075726104404                
20      21             0.07727075726104404                
16      42             0.07727075726104404                
20      23             0.07727075726104402                
19      20             0.07727075726104402                
17      21             0.07727075726104399                
5       29             0.07727075726104399                
5       33             0.07727075726104399                
1       9              0.07727075726104399                
15      41             0.07727075726104399                
12      13             0.07727075726104396                
12      14             0.07727075726104396                
5       30             0.07727075726104396                
13      42             0.07727075726104396                
11      42             0.07727075726104396                
9       31             0.07727075726104396                
15      42             0.07727075726104396                
24      41             0.07727075726104393                
13      41             0.07727075726104393                
10      36             0.07727075726104393                
12      42             0.0772707572610439                 
9       36             0.0772707572610439                 
24      42             0.07727075726104388                
36      40             0.07727075726104388                
10      31             0.07727075726104388                
19      21             0.07727075726104385                
19      24             0.07727075726104382                
36      39             0.07727075726104382                
9       15             0.07727075726104382                
10      41             0.07727075726104382                
17      23             0.0772707572610438                 
13      14             0.0772707572610438                 
18      41             0.0772707572610438                 
4       40             0.07727075726104377                
9       16             0.07727075726104377                
19      23             0.07727075726104374                
31      34             0.07727075726104374                
18      42             0.07727075726104374                
4       34             0.07727075726104371                
35      40             0.07727075726104371                
31      40             0.07727075726104371                
39      40             0.07727075726104368                
35      39             0.07727075726104365                
31      33             0.07727075726104365                
31      39             0.07727075726104365                
3       10             0.07727075726104365                
10      42             0.07727075726104365                
34      40             0.07727075726104363                
34      39             0.0772707572610436                 
31      35             0.0772707572610436                 
4       33             0.07727075726104357                
33      34             0.07727075726104357                
33      40             0.07727075726104357                
4       35             0.07727075726104354                
4       29             0.07727075726104352                
5       15             0.07727075726104352                
4       39             0.07727075726104349                
30      40             0.07727075726104349                
29      40             0.07727075726104346                
29      30             0.07727075726104343                
33      39             0.07727075726104343                
4       30             0.0772707572610434                 
30      39             0.0772707572610434                 
34      35             0.0772707572610434                 
1       40             0.0772707572610434                 
30      34             0.07727075726104338                
33      35             0.07727075726104338                
29      33             0.07727075726104335                
29      34             0.07727075726104335                
29      39             0.07727075726104335                
30      33             0.0772707572610433                 
30      35             0.0772707572610433                 
29      35             0.0772707572610433                 
1       34             0.0772707572610433                 
2       40             0.0772707572610433                 
5       16             0.0772707572610433                 
23      24             0.07727075726104318                
21      24             0.07727075726104315                
21      23             0.07727075726104313                
1       33             0.07727075726104313                
1       35             0.07727075726104313                
1       39             0.07727075726104313                
2       39             0.07727075726104313                
2       34             0.07727075726104307                
1       30             0.07727075726104304                
1       29             0.07727075726104302                
2       35             0.07727075726104299                
2       30             0.07727075726104293                
2       29             0.07727075726104293                
3       34             0.07727075726104288                
2       33             0.07727075726104288                
3       40             0.07727075726104288                
3       39             0.07727075726104266                
3       29             0.0772707572610426                 
3       35             0.0772707572610426                 
3       33             0.07727075726104257                
3       30             0.07727075726104246                
4       15             0.07727075726104235                
4       16             0.07727075726104221                
1       15             0.07727075726104216                
2       15             0.0772707572610421                 
1       16             0.07727075726104202                
2       16             0.07727075726104202                
3       15             0.07727075726104196                
3       16             0.07727075726104185                
44      50             0.05339932260815072                
47      49             0.040005035195732175               
6       37             0.039621044087421564               
6       8              0.03962104408742134                
7       28             0.02977132544387734                
28      38             0.029771325443877283               
37      45             0.02944981679635117                
37      46             0.029449816796351114               
8       45             0.029449816796350503               
8       46             0.029449816796350503               
28      51             0.017203447443465247               
44      49             0.009734551244612255               
22      49             0.002685560525844899               
22      50             0.0016082932602273226              
6       7              -0.009599985517880272              
6       38             -0.00959998551788116               
26      50             -0.018368587413416904              
43      50             -0.018368587413418624              
3       50             -0.022890352991209534              
5       50             -0.022890352991209978              
1       50             -0.02289035299121045               
9       50             -0.022890352991210533              
17      50             -0.02289035299121059               
2       50             -0.02289035299121059               
4       50             -0.022890352991210644              
19      50             -0.022890352991210894              
15      50             -0.022890352991211033              
12      50             -0.022890352991211144              
16      50             -0.022890352991211144              
10      50             -0.022890352991211366              
24      50             -0.022890352991211504              
11      50             -0.022890352991211504              
20      50             -0.02289035299121156               
21      50             -0.022890352991211615              
14      50             -0.022890352991211838              
13      50             -0.022890352991211893              
23      50             -0.022890352991212226              
31      50             -0.022890352991212587              
36      50             -0.022890352991212587              
41      50             -0.022890352991212615              
42      50             -0.02289035299121267               
39      50             -0.022890352991212837              
40      50             -0.022890352991212837              
35      50             -0.022890352991212864              
34      50             -0.022890352991212892              
33      50             -0.02289035299121292               
18      50             -0.022890352991212948              
29      50             -0.022890352991212976              
30      50             -0.022890352991213003              
37      49             -0.02434116386817331               
8       49             -0.02434116386817442               
22      26             -0.03327522968420188               
22      43             -0.03327522968420199               
47      50             -0.03585577979904653               
27      37             -0.04474986323814134               
8       27             -0.044749863238141674              
7       48             -0.05045281271266977               
38      48             -0.05045281271267005               
27      45             -0.05704756312600712               
27      46             -0.05704756312600717               
16      47             -0.058272728365982296              
3       47             -0.05827272836598332               
11      47             -0.058272728365983545              
9       47             -0.05827272836598357               
5       47             -0.05827272836598371               
15      47             -0.05827272836598382               
13      47             -0.058272728365984044              
17      47             -0.05827272836598421               
1       47             -0.058272728365984294              
12      47             -0.05827272836598449               
20      47             -0.058272728365984516              
4       47             -0.05827272836598457               
10      47             -0.05827272836598468               
2       47             -0.058272728365984766              
23      47             -0.05827272836598488               
24      47             -0.05827272836598488               
14      47             -0.058272728365984905              
19      47             -0.058272728365985016              
18      47             -0.05827272836598507               
21      47             -0.058272728365985405              
41      47             -0.058272728365986015              
31      47             -0.05827272836598607               
36      47             -0.05827272836598607               
42      47             -0.0582727283659861                
39      47             -0.05827272836598632               
40      47             -0.05827272836598632               
35      47             -0.058272728365986404              
34      47             -0.05827272836598643               
33      47             -0.05827272836598649               
30      47             -0.058272728365986515              
29      47             -0.058272728365986515              
27      44             -0.05992309248216682               
26      32             -0.06485390019655568               
32      43             -0.06485390019655735               
22      45             -0.06604327464026732               
22      46             -0.06604327464026744               
15      51             -0.08005463215492062               
41      51             -0.08005463215492131               
5       51             -0.08005463215492145               
36      51             -0.08005463215492148               
31      51             -0.08005463215492153               
42      51             -0.08005463215492156               
3       51             -0.08005463215492159               
40      51             -0.08005463215492184               
16      51             -0.0800546321549219                
4       51             -0.08005463215492192               
39      51             -0.08005463215492192               
35      51             -0.08005463215492198               
29      51             -0.08005463215492203               
33      51             -0.08005463215492209               
34      51             -0.08005463215492209               
10      51             -0.08005463215492212               
30      51             -0.08005463215492226               
20      51             -0.0800546321549225                
1       51             -0.0800546321549225                
9       51             -0.08005463215492262               
17      51             -0.08005463215492264               
2       51             -0.08005463215492264               
13      51             -0.08005463215492295               
23      51             -0.08005463215492306               
24      51             -0.08005463215492306               
14      51             -0.08005463215492306               
12      51             -0.08005463215492312               
19      51             -0.08005463215492314               
18      51             -0.08005463215492314               
21      51             -0.08005463215492337               
11      51             -0.08005463215492375               
37      41             -0.08034341931527811               
37      42             -0.08034341931527825               
36      37             -0.08034341931527866               
8       10             -0.08034341931527869               
31      37             -0.08034341931527872               
35      37             -0.08034341931527905               
33      37             -0.08034341931527914               
34      37             -0.08034341931527914               
29      37             -0.08034341931527919               
30      37             -0.0803434193152793                
8       9              -0.08034341931527939               
5       37             -0.08034341931527947               
8       39             -0.0803434193152795                
8       40             -0.08034341931527958               
8       34             -0.08034341931527961               
8       35             -0.08034341931527961               
4       37             -0.08034341931527963               
8       29             -0.08034341931527963               
8       33             -0.08034341931527966               
9       37             -0.08034341931527975               
8       30             -0.08034341931527977               
37      40             -0.08034341931527986               
3       37             -0.08034341931527994               
4       8              -0.08034341931527997               
37      39             -0.08034341931528002               
8       18             -0.08034341931528008               
5       8              -0.08034341931528013               
8       15             -0.08034341931528025               
3       8              -0.08034341931528027               
8       20             -0.08034341931528036               
8       19             -0.08034341931528038               
8       16             -0.08034341931528038               
8       31             -0.08034341931528041               
8       36             -0.08034341931528047               
1       37             -0.0803434193152805                
8       42             -0.0803434193152805                
8       41             -0.08034341931528052               
8       17             -0.08034341931528055               
8       14             -0.08034341931528055               
10      37             -0.08034341931528058               
1       8              -0.08034341931528063               
8       23             -0.08034341931528072               
8       24             -0.08034341931528072               
2       37             -0.08034341931528075               
2       8              -0.08034341931528077               
8       21             -0.08034341931528083               
8       13             -0.08034341931528105               
8       11             -0.0803434193152811                
8       12             -0.08034341931528113               
12      37             -0.08034341931528155               
16      37             -0.08034341931528191               
11      37             -0.08034341931528197               
17      37             -0.08034341931528236               
19      37             -0.08034341931528247               
24      37             -0.08034341931528252               
18      37             -0.08034341931528285               
15      37             -0.08034341931528291               
14      37             -0.080343419315283                 
20      37             -0.08034341931528313               
13      37             -0.08034341931528324               
23      37             -0.08034341931528333               
21      37             -0.08034341931528383               
41      45             -0.08367492030710946               
41      46             -0.08367492030710952               
31      45             -0.08367492030710955               
31      46             -0.08367492030710957               
42      45             -0.0836749203071096                
42      46             -0.0836749203071096                
36      46             -0.08367492030710963               
36      45             -0.08367492030710966               
40      45             -0.08367492030710985               
15      46             -0.08367492030710985               
40      46             -0.08367492030710988               
39      45             -0.0836749203071099                
15      45             -0.0836749203071099                
39      46             -0.08367492030710993               
35      45             -0.08367492030710999               
33      45             -0.08367492030711005               
34      45             -0.08367492030711005               
34      46             -0.08367492030711005               
35      46             -0.08367492030711005               
29      46             -0.08367492030711007               
29      45             -0.0836749203071101                
33      46             -0.08367492030711013               
30      45             -0.08367492030711018               
4       45             -0.08367492030711021               
4       46             -0.08367492030711021               
30      46             -0.08367492030711024               
5       45             -0.0836749203071104                
5       46             -0.0836749203071104                
3       46             -0.08367492030711043               
3       45             -0.08367492030711049               
10      46             -0.08367492030711085               
10      45             -0.08367492030711088               
1       46             -0.08367492030711104               
9       45             -0.08367492030711107               
2       46             -0.08367492030711107               
9       46             -0.0836749203071111                
1       45             -0.0836749203071111                
2       45             -0.08367492030711113               
20      45             -0.08367492030711127               
20      46             -0.0836749203071113                
17      46             -0.08367492030711138               
17      45             -0.0836749203071114                
16      46             -0.08367492030711146               
16      45             -0.08367492030711152               
19      45             -0.08367492030711163               
12      46             -0.08367492030711168               
19      46             -0.08367492030711168               
12      45             -0.08367492030711171               
24      45             -0.08367492030711177               
14      45             -0.08367492030711177               
14      46             -0.08367492030711177               
24      46             -0.0836749203071118                
21      45             -0.0836749203071119                
21      46             -0.0836749203071119                
23      45             -0.08367492030711207               
23      46             -0.0836749203071121                
13      45             -0.08367492030711213               
13      46             -0.08367492030711213               
18      45             -0.08367492030711227               
18      46             -0.08367492030711235               
11      46             -0.08367492030711263               
11      45             -0.08367492030711265               
8       50             -0.0846315558136114                
37      50             -0.08463155581361154               
32      49             -0.09076398201708591               
3       43             -0.09175822757447355               
3       26             -0.09175822757447386               
5       43             -0.09175822757447391               
9       43             -0.0917582275744743                
9       26             -0.09175822757447435               
5       26             -0.09175822757447438               
1       43             -0.0917582275744748                
16      43             -0.09175822757447485               
14      43             -0.091758227574475                 
1       26             -0.091758227574475                 
2       43             -0.09175822757447505               
11      43             -0.0917582275744751                
14      26             -0.0917582275744751                
15      43             -0.09175822757447516               
4       43             -0.09175822757447522               
12      43             -0.09175822757447527               
17      43             -0.0917582275744753                
10      43             -0.0917582275744753                
4       26             -0.09175822757447533               
2       26             -0.09175822757447533               
11      26             -0.09175822757447538               
26      41             -0.09175822757447538               
26      42             -0.09175822757447549               
15      26             -0.09175822757447555               
18      43             -0.0917582275744756                
26      31             -0.09175822757447569               
10      26             -0.09175822757447571               
16      26             -0.09175822757447571               
13      43             -0.09175822757447574               
12      26             -0.09175822757447577               
26      36             -0.09175822757447577               
13      26             -0.09175822757447594               
20      43             -0.09175822757447605               
19      43             -0.0917582275744763                
17      26             -0.0917582275744763                
19      26             -0.09175822757447646               
24      26             -0.09175822757447658               
21      26             -0.09175822757447691               
41      43             -0.09175822757447691               
23      26             -0.09175822757447696               
36      43             -0.09175822757447696               
26      40             -0.09175822757447699               
31      43             -0.09175822757447702               
42      43             -0.09175822757447705               
26      39             -0.09175822757447713               
21      43             -0.09175822757447716               
26      34             -0.09175822757447719               
26      35             -0.09175822757447721               
18      26             -0.09175822757447724               
40      43             -0.0917582275744773                
26      29             -0.09175822757447735               
26      33             -0.09175822757447738               
39      43             -0.09175822757447738               
26      30             -0.09175822757447744               
29      43             -0.09175822757447746               
24      43             -0.09175822757447749               
33      43             -0.09175822757447749               
34      43             -0.09175822757447749               
35      43             -0.09175822757447749               
30      43             -0.09175822757447755               
23      43             -0.09175822757447757               
20      26             -0.0917582275744776                
3       6              -0.09236169816384623               
6       14             -0.09236169816384687               
6       18             -0.09236169816384687               
2       6              -0.09236169816384696               
1       6              -0.09236169816384704               
6       20             -0.09236169816384718               
6       11             -0.0923616981638472                
6       13             -0.09236169816384723               
6       12             -0.09236169816384723               
6       19             -0.09236169816384723               
6       17             -0.09236169816384734               
5       6              -0.09236169816384748               
6       10             -0.09236169816384754               
6       23             -0.09236169816384757               
6       24             -0.09236169816384757               
6       21             -0.0923616981638476                
4       6              -0.09236169816384762               
6       9              -0.09236169816384776               
6       41             -0.09236169816384793               
6       42             -0.09236169816384807               
6       31             -0.09236169816384818               
6       36             -0.0923616981638482                
6       15             -0.09236169816384834               
6       40             -0.0923616981638486                
6       34             -0.0923616981638487                
6       39             -0.09236169816384873               
6       16             -0.09236169816384873               
6       35             -0.09236169816384882               
6       29             -0.09236169816384887               
6       33             -0.09236169816384887               
6       30             -0.09236169816384895               
7       50             -0.1037697260187721                
38      50             -0.10376972601877238               
6       46             -0.10601321539243364               
6       45             -0.10601321539243375               
37      44             -0.11152513790014773               
8       44             -0.11152513790014856               
15      32             -0.11847995633308822               
3       32             -0.11847995633308836               
16      32             -0.11847995633308839               
2       32             -0.1184799563330885                
1       32             -0.11847995633308864               
18      32             -0.11847995633308864               
10      32             -0.11847995633308864               
20      32             -0.11847995633308867               
5       32             -0.11847995633308872               
17      32             -0.11847995633308886               
14      32             -0.11847995633308889               
11      32             -0.11847995633308891               
21      32             -0.11847995633308894               
9       32             -0.11847995633308894               
13      32             -0.11847995633308905               
23      32             -0.11847995633308911               
12      32             -0.11847995633308911               
24      32             -0.11847995633308914               
4       32             -0.11847995633308914               
19      32             -0.11847995633308928               
31      32             -0.1184799563330895                
29      32             -0.11847995633309                  
30      32             -0.11847995633309011               
32      40             -0.11847995633309019               
32      34             -0.11847995633309027               
32      39             -0.1184799563330903                
32      41             -0.1184799563330903                
32      35             -0.11847995633309033               
32      33             -0.11847995633309041               
32      42             -0.11847995633309041               
32      36             -0.11847995633309058               
7       32             -0.12161230876074591               
32      38             -0.12161230876074636               
38      44             -0.13071129638731815               
7       44             -0.13071129638731854               
7       10             -0.13443578916138782               
16      38             -0.13443578916138818               
3       7              -0.1344357891613884                
7       9              -0.1344357891613884                
5       7              -0.13443578916138846               
38      41             -0.13443578916138862               
31      38             -0.13443578916138874               
36      38             -0.13443578916138874               
38      42             -0.1344357891613888                
15      38             -0.13443578916138885               
11      38             -0.13443578916138899               
17      38             -0.13443578916138907               
1       7              -0.13443578916138912               
2       7              -0.13443578916138912               
19      38             -0.13443578916138918               
34      38             -0.1344357891613892                
35      38             -0.13443578916138924               
9       38             -0.13443578916138924               
10      38             -0.13443578916138932               
29      38             -0.13443578916138935               
33      38             -0.13443578916138935               
30      38             -0.1344357891613894                
21      38             -0.13443578916138943               
7       18             -0.13443578916138946               
7       14             -0.13443578916138949               
12      38             -0.13443578916138957               
7       12             -0.13443578916138965               
4       7              -0.13443578916138968               
7       20             -0.13443578916138968               
7       11             -0.1344357891613897                
3       38             -0.1344357891613897                
7       13             -0.1344357891613898                
7       17             -0.13443578916138993               
7       15             -0.13443578916138996               
7       19             -0.13443578916139                  
24      38             -0.13443578916139004               
7       16             -0.13443578916139004               
14      38             -0.13443578916139007               
7       23             -0.13443578916139012               
18      38             -0.13443578916139012               
7       24             -0.1344357891613902                
7       40             -0.1344357891613902                
20      38             -0.1344357891613902                
7       21             -0.13443578916139023               
7       39             -0.13443578916139026               
7       41             -0.13443578916139026               
7       34             -0.13443578916139032               
7       31             -0.13443578916139032               
13      38             -0.1344357891613904                
7       35             -0.1344357891613904                
7       29             -0.13443578916139043               
7       33             -0.13443578916139043               
7       42             -0.13443578916139043               
7       36             -0.13443578916139046               
7       30             -0.1344357891613905                
5       38             -0.1344357891613906                
1       38             -0.13443578916139062               
23      38             -0.1344357891613909                
2       38             -0.13443578916139093               
4       38             -0.13443578916139098               
38      40             -0.13443578916139143               
38      39             -0.13443578916139165               
15      28             -0.13524023621825246               
16      28             -0.13524023621825249               
18      28             -0.13524023621825282               
23      28             -0.13524023621825285               
5       28             -0.13524023621825296               
20      28             -0.13524023621825298               
24      28             -0.13524023621825304               
21      28             -0.1352402362182531                
13      28             -0.1352402362182532                
10      28             -0.1352402362182532                
17      28             -0.13524023621825326               
14      28             -0.13524023621825326               
11      28             -0.13524023621825332               
9       28             -0.13524023621825332               
12      28             -0.13524023621825343               
19      28             -0.13524023621825343               
4       28             -0.1352402362182536                
28      41             -0.1352402362182536                
3       28             -0.13524023621825368               
28      36             -0.1352402362182537                
28      42             -0.13524023621825373               
28      31             -0.13524023621825376               
2       28             -0.13524023621825382               
1       28             -0.13524023621825385               
28      39             -0.13524023621825396               
28      40             -0.13524023621825398               
28      35             -0.13524023621825404               
28      29             -0.13524023621825407               
28      34             -0.13524023621825407               
28      30             -0.1352402362182541                
28      33             -0.1352402362182541                
16      49             -0.13576993862990971               
15      49             -0.1357699386299098                
9       49             -0.13576993862990994               
41      49             -0.13576993862991005               
3       49             -0.1357699386299101                
5       49             -0.1357699386299101                
36      49             -0.1357699386299101                
31      49             -0.13576993862991013               
17      49             -0.13576993862991016               
42      49             -0.13576993862991016               
4       49             -0.13576993862991027               
39      49             -0.13576993862991044               
40      49             -0.13576993862991044               
2       49             -0.1357699386299105                
10      49             -0.1357699386299105                
35      49             -0.13576993862991055               
34      49             -0.13576993862991055               
19      49             -0.13576993862991057               
33      49             -0.1357699386299106                
1       49             -0.1357699386299106                
24      49             -0.13576993862991063               
11      49             -0.13576993862991066               
12      49             -0.13576993862991066               
29      49             -0.13576993862991066               
30      49             -0.1357699386299107                
13      49             -0.1357699386299108                
14      49             -0.13576993862991085               
20      49             -0.13576993862991088               
23      49             -0.13576993862991094               
21      49             -0.13576993862991094               
18      49             -0.13576993862991138               
41      44             -0.13598662268223838               
31      44             -0.13598662268223843               
36      44             -0.13598662268223846               
42      44             -0.13598662268223846               
39      44             -0.13598662268223877               
40      44             -0.13598662268223882               
35      44             -0.13598662268223888               
34      44             -0.1359866226822389                
33      44             -0.13598662268223902               
29      44             -0.13598662268223907               
30      44             -0.13598662268223913               
3       44             -0.13598662268224082               
1       44             -0.1359866226822411                
5       44             -0.1359866226822411                
2       44             -0.13598662268224115               
15      44             -0.13598662268224135               
10      44             -0.13598662268224146               
9       44             -0.1359866226822415                
16      44             -0.1359866226822415                
4       44             -0.13598662268224196               
17      44             -0.13598662268224224               
14      44             -0.13598662268224224               
11      44             -0.13598662268224243               
12      44             -0.13598662268224254               
20      44             -0.1359866226822427                
23      44             -0.13598662268224299               
24      44             -0.13598662268224299               
21      44             -0.13598662268224315               
19      44             -0.13598662268224315               
18      44             -0.13598662268224318               
13      44             -0.13598662268224332               
46      50             -0.15860325919182103               
45      50             -0.15860325919182106               
22      51             -0.16295597282160662               
28      47             -0.16326758973341482               
28      37             -0.16778696996077086               
8       28             -0.1677869699607709                
3       22             -0.18330715723741542               
15      22             -0.18330715723741553               
10      22             -0.18330715723741559               
5       22             -0.18330715723741564               
2       22             -0.18330715723741567               
9       22             -0.18330715723741572               
1       22             -0.18330715723741586               
22      40             -0.18330715723741592               
16      22             -0.18330715723741595               
11      22             -0.18330715723741597               
22      34             -0.18330715723741609               
22      39             -0.18330715723741609               
22      41             -0.18330715723741609               
22      29             -0.1833071572374162                
22      35             -0.1833071572374162                
22      42             -0.1833071572374162                
22      33             -0.18330715723741625               
18      22             -0.1833071572374163                
22      30             -0.18330715723741633               
22      31             -0.18330715723741647               
22      36             -0.18330715723741647               
20      22             -0.18330715723741656               
4       22             -0.18330715723741658               
17      22             -0.18330715723741658               
19      22             -0.18330715723741667               
14      22             -0.18330715723741675               
12      22             -0.1833071572374168                
22      24             -0.18330715723741697               
22      23             -0.18330715723741703               
13      22             -0.18330715723741703               
21      22             -0.1833071572374171                
32      50             -0.18668869366774415               
16      27             -0.18819327117109808               
15      27             -0.18819327117109816               
27      41             -0.18819327117109866               
27      42             -0.18819327117109877               
5       27             -0.1881932711710988                
27      36             -0.1881932711710989                
27      31             -0.18819327117109894               
18      27             -0.18819327117109896               
9       27             -0.18819327117109907               
10      27             -0.18819327117109913               
3       27             -0.18819327117109919               
17      27             -0.1881932711710993                
4       27             -0.18819327117109944               
11      27             -0.18819327117109944               
20      27             -0.18819327117109952               
14      27             -0.18819327117109957               
1       27             -0.18819327117109957               
2       27             -0.18819327117109966               
19      27             -0.18819327117109969               
23      27             -0.1881932711710999                
24      27             -0.18819327117109996               
21      27             -0.18819327117110007               
12      27             -0.18819327117110007               
13      27             -0.18819327117110018               
27      40             -0.18819327117110046               
27      39             -0.18819327117110057               
27      34             -0.18819327117110068               
27      35             -0.18819327117110068               
27      29             -0.18819327117110074               
27      33             -0.18819327117110077               
27      30             -0.18819327117110085               
28      46             -0.19581963106165265               
28      45             -0.1958196310616527                
46      49             -0.19971620159987907               
45      49             -0.19971620159987913               
15      25             -0.2036521720968918                
3       25             -0.2036521720968919                
9       25             -0.203652172096892                 
4       25             -0.20365217209689207               
16      25             -0.20365217209689213               
1       25             -0.20365217209689224               
25      41             -0.2036521720968923                
5       25             -0.20365217209689235               
10      25             -0.20365217209689238               
2       25             -0.2036521720968924                
25      42             -0.2036521720968924                
14      25             -0.20365217209689243               
12      25             -0.2036521720968926                
18      25             -0.20365217209689268               
25      31             -0.20365217209689274               
13      25             -0.2036521720968928                
25      36             -0.2036521720968928                
17      25             -0.20365217209689293               
11      25             -0.20365217209689296               
19      25             -0.20365217209689296               
20      25             -0.203652172096893                 
25      40             -0.20365217209689318               
21      25             -0.20365217209689335               
25      34             -0.20365217209689335               
25      39             -0.20365217209689335               
24      25             -0.2036521720968934                
25      35             -0.2036521720968935                
25      29             -0.20365217209689357               
25      30             -0.20365217209689365               
25      33             -0.20365217209689365               
23      25             -0.20365217209689368               
41      48             -0.2247986267832543                
36      48             -0.22479862678325438               
3       48             -0.2247986267832544                
42      48             -0.2247986267832544                
9       48             -0.22479862678325443               
31      48             -0.22479862678325443               
15      48             -0.22479862678325446               
5       48             -0.22479862678325452               
16      48             -0.22479862678325452               
2       48             -0.2247986267832546                
1       48             -0.22479862678325463               
4       48             -0.22479862678325466               
10      48             -0.2247986267832547                
39      48             -0.22479862678325474               
40      48             -0.22479862678325474               
35      48             -0.22479862678325488               
34      48             -0.2247986267832549                
17      48             -0.22479862678325493               
33      48             -0.22479862678325502               
19      48             -0.22479862678325502               
29      48             -0.22479862678325507               
30      48             -0.2247986267832551                
20      48             -0.22479862678325516               
11      48             -0.22479862678325518               
12      48             -0.2247986267832552                
14      48             -0.22479862678325524               
13      48             -0.2247986267832553                
18      48             -0.22479862678325543               
24      48             -0.22479862678325552               
21      48             -0.22479862678325566               
23      48             -0.22479862678325582               
38      47             -0.22731745921533                  
7       47             -0.22731745921533003               
26      47             -0.23286537863431928               
43      47             -0.23286537863432039               
47      48             -0.25390644335686025               
25      51             -0.2576649919476502                
50      51             -0.25850145591918844               
37      51             -0.26504437596124153               
8       51             -0.26504437596124225               
6       32             -0.26566516832708464               
26      37             -0.2841586144080824                
37      43             -0.28415861440808254               
8       26             -0.2841586144080826                
8       43             -0.284158614408083                 
43      45             -0.30863104927914764               
43      46             -0.30863104927914764               
26      45             -0.3086310492791486                
26      46             -0.30863104927914864               
6       51             -0.31044758972604963               
