#======================================================================
# PARAMETERS USED FOR THIS COMPUTATION: 
#      Sequence type: RNA
#      Total number of sequences in alignment data: 10
#      Length of sequences in alignment data: 30
#      Effective number of sequences: 1.292063492063492
#      Value of sequence identity: 0.8
#      Value of relative pseudocount: 0.5
# The First and Second columns represent sites and the
# Third column is MFDCA Frobenius norm, average product corrected (APC) DCA score
#======================================================================
2       19             2.716302045363245                  
9       25             2.266637543477884                  
8       17             1.4285625370076374                 
16      28             1.193601468037538                  
3       18             1.1415222204188005                 
7       16             1.0799848316427991                 
7       28             1.0799848316427987                 
7       18             1.0158364860103508                 
3       8              0.9373383332752409                 
18      25             0.7892146055990545                 
9       18             0.7892146055990544                 
8       18             0.7629087588966834                 
7       9              0.7133829357081668                 
7       25             0.7133829357081652                 
8       11             0.5004760557849046                 
3       7              0.32347137779274193                
2       8              0.30042749708898153                
8       19             0.30042749708898153                
8       9              0.23917909627997114                
8       25             0.2391790962799697                 
18      28             0.22230399298848524                
16      18             0.22230399298848458                
7       8              0.17578177858805422                
2       11             0.17433818995943756                
11      19             0.17433818995943717                
9       16             0.11739653756866508                
25      28             0.11739653756866497                
16      25             0.11739653756866453                
9       28             0.1173965375686642                 
10      22             0.08961799194469272                
10      21             0.08961799194469267                
10      24             0.08961799194469267                
10      20             0.08961799194469261                
10      26             0.08961799194469255                
10      30             0.08961799194469255                
10      29             0.08961799194469255                
10      23             0.0896179919446925                 
10      27             0.0896179919446925                 
15      20             0.08961799194469239                
15      29             0.08961799194469233                
15      21             0.08961799194469228                
15      22             0.08961799194469222                
13      29             0.08961799194469222                
13      20             0.08961799194469217                
15      24             0.08961799194469217                
15      27             0.08961799194469217                
15      30             0.08961799194469217                
15      23             0.08961799194469211                
15      26             0.08961799194469211                
13      21             0.08961799194469211                
13      24             0.08961799194469211                
13      23             0.08961799194469205                
13      22             0.08961799194469205                
13      27             0.08961799194469205                
13      30             0.08961799194469205                
13      26             0.08961799194469189                
14      20             0.08961799194469178                
6       14             0.08961799194469172                
14      29             0.08961799194469172                
14      24             0.08961799194469167                
14      21             0.08961799194469161                
14      30             0.08961799194469161                
14      22             0.08961799194469156                
14      27             0.08961799194469156                
12      29             0.08961799194469156                
6       15             0.0896179919446915                 
6       12             0.0896179919446915                 
14      23             0.0896179919446915                 
12      20             0.0896179919446915                 
6       13             0.08961799194469139                
14      26             0.08961799194469139                
12      22             0.08961799194469139                
12      24             0.08961799194469139                
12      21             0.08961799194469139                
12      27             0.08961799194469139                
12      30             0.08961799194469139                
12      26             0.08961799194469133                
12      23             0.08961799194469128                
6       24             0.08961799194469122                
6       21             0.08961799194469122                
6       20             0.08961799194469117                
6       27             0.08961799194469117                
6       29             0.08961799194469117                
5       15             0.08961799194469111                
6       26             0.08961799194469111                
6       30             0.08961799194469111                
1       12             0.08961799194469106                
4       13             0.08961799194469106                
6       23             0.08961799194469106                
6       22             0.08961799194469106                
1       14             0.089617991944691                  
4       29             0.089617991944691                  
5       10             0.08961799194469094                
5       14             0.08961799194469094                
4       21             0.08961799194469094                
1       13             0.08961799194469089                
4       12             0.08961799194469089                
4       14             0.08961799194469083                
6       10             0.08961799194469083                
5       13             0.08961799194469083                
4       30             0.08961799194469083                
5       21             0.08961799194469083                
5       27             0.08961799194469083                
5       30             0.08961799194469083                
5       29             0.08961799194469083                
4       15             0.08961799194469078                
4       20             0.08961799194469078                
1       15             0.08961799194469072                
1       4              0.08961799194469072                
5       12             0.08961799194469072                
1       21             0.08961799194469072                
1       22             0.08961799194469072                
1       24             0.08961799194469072                
1       27             0.08961799194469072                
1       30             0.08961799194469072                
1       29             0.08961799194469072                
5       26             0.08961799194469072                
5       20             0.08961799194469072                
5       24             0.08961799194469072                
1       26             0.08961799194469067                
4       23             0.08961799194469067                
1       20             0.08961799194469067                
4       22             0.08961799194469067                
4       24             0.08961799194469067                
4       27             0.08961799194469067                
1       23             0.08961799194469061                
4       26             0.08961799194469061                
5       22             0.08961799194469061                
5       6              0.08961799194469056                
26      27             0.08961799194469056                
29      30             0.08961799194469056                
5       23             0.0896179919446905                 
4       5              0.08961799194469044                
23      24             0.08961799194469044                
24      26             0.08961799194469044                
20      24             0.08961799194469044                
21      22             0.08961799194469044                
20      29             0.08961799194469044                
24      29             0.08961799194469044                
12      14             0.08961799194469039                
20      23             0.08961799194469039                
21      23             0.08961799194469039                
23      27             0.08961799194469039                
23      30             0.08961799194469039                
20      22             0.08961799194469039                
24      30             0.08961799194469039                
26      30             0.08961799194469039                
21      24             0.08961799194469039                
21      27             0.08961799194469039                
21      30             0.08961799194469039                
23      29             0.08961799194469039                
27      30             0.08961799194469039                
27      29             0.08961799194469039                
12      13             0.08961799194469033                
12      15             0.08961799194469033                
1       6              0.08961799194469033                
4       10             0.08961799194469033                
20      26             0.08961799194469033                
20      21             0.08961799194469033                
20      27             0.08961799194469033                
20      30             0.08961799194469033                
21      26             0.08961799194469033                
22      24             0.08961799194469033                
22      27             0.08961799194469033                
24      27             0.08961799194469033                
1       5              0.08961799194469028                
23      26             0.08961799194469028                
22      23             0.08961799194469028                
22      26             0.08961799194469028                
26      29             0.08961799194469028                
21      29             0.08961799194469028                
1       10             0.08961799194469022                
22      29             0.08961799194469022                
14      15             0.08961799194469017                
22      30             0.08961799194469017                
13      15             0.08961799194468995                
4       6              0.08961799194468995                
13      14             0.08961799194468978                
10      13             0.0896179919446895                 
10      15             0.0896179919446895                 
10      12             0.08961799194468933                
10      14             0.08961799194468917                
9       11             0.08666725331352554                
11      25             0.08666725331352387                
3       9              0.0838046049879575                 
3       25             0.08380460498795739                
11      17             0.04807308067672589                
9       17             0.02743968838248978                
17      25             0.027439688382489003               
1       11             0.0010789918141098642              
4       11             0.0010789918141096977              
5       11             0.0010789918141091426              
6       11             0.0010789918141084764              
11      20             0.0010789918141084764              
11      21             0.001078991814108421               
11      29             0.0010789918141083654              
11      24             0.00107899181410831                
11      30             0.00107899181410831                
11      22             0.0010789918141082544              
11      27             0.0010789918141082544              
11      26             0.0010789918141081989              
11      23             0.0010789918141080879              
11      12             0.001078991814106034               
11      14             0.001078991814106034               
11      15             0.0010789918141059784              
11      13             0.001078991814105923               
10      11             0.0010789918141056454              
2       17             -0.0070409734130993384             
17      19             -0.007040973413099394              
1       17             -0.034859878657409527              
4       17             -0.03485987865740997               
5       17             -0.03485987865741014               
6       17             -0.03485987865741022               
17      29             -0.0348598786574113                
12      17             -0.03485987865741133               
17      20             -0.03485987865741136               
17      21             -0.034859878657411414              
17      24             -0.03485987865741144               
17      27             -0.03485987865741144               
17      30             -0.03485987865741144               
17      26             -0.03485987865741147               
17      22             -0.0348598786574115                
17      23             -0.03485987865741158               
10      17             -0.03485987865741175               
14      17             -0.034859878657411775              
13      17             -0.0348598786574118                
15      17             -0.03485987865741255               
9       19             -0.06463024636134712               
2       9              -0.06463024636134784               
19      25             -0.06463024636134812               
2       25             -0.06463024636134856               
3       28             -0.07788290478987286               
3       16             -0.07788290478987303               
12      28             -0.07987602715034725               
27      28             -0.07987602715034797               
21      28             -0.07987602715034803               
20      28             -0.07987602715034808               
22      28             -0.07987602715034808               
26      28             -0.0798760271503482                
24      28             -0.0798760271503482                
23      28             -0.07987602715034825               
12      16             -0.0798760271503487                
16      29             -0.0798760271503487                
1       16             -0.07987602715034875               
1       28             -0.07987602715034875               
16      21             -0.07987602715034886               
16      22             -0.07987602715034892               
16      27             -0.07987602715034892               
16      30             -0.07987602715034892               
16      20             -0.07987602715034897               
16      24             -0.07987602715034897               
4       16             -0.07987602715034903               
6       28             -0.07987602715034903               
14      16             -0.07987602715034908               
5       16             -0.07987602715034908               
16      23             -0.07987602715034908               
6       16             -0.07987602715034914               
16      26             -0.07987602715034914               
4       28             -0.07987602715034914               
5       28             -0.07987602715034914               
13      28             -0.07987602715034936               
28      29             -0.07987602715034942               
14      28             -0.07987602715034947               
13      16             -0.07987602715034964               
28      30             -0.07987602715034964               
15      16             -0.0798760271503497                
10      28             -0.0798760271503498                
10      16             -0.07987602715035008               
15      28             -0.07987602715035058               
3       4              -0.08600425228725944               
3       29             -0.08600425228725983               
3       12             -0.08600425228725989               
3       24             -0.08600425228725989               
3       15             -0.08600425228725994               
3       22             -0.08600425228725994               
3       21             -0.08600425228725994               
3       20             -0.08600425228726                  
3       27             -0.08600425228726                  
3       30             -0.08600425228726                  
3       5              -0.08600425228726005               
3       26             -0.08600425228726011               
3       13             -0.08600425228726022               
3       23             -0.08600425228726022               
3       10             -0.08600425228726033               
3       14             -0.08600425228726039               
1       3              -0.08600425228726055               
3       6              -0.08600425228726072               
4       19             -0.08950737604581693               
1       19             -0.0895073760458176                
14      19             -0.08950737604581777               
5       19             -0.08950737604581788               
13      19             -0.0895073760458181                
10      19             -0.08950737604581849               
12      19             -0.08950737604581849               
15      19             -0.08950737604581871               
2       29             -0.08950737604581877               
2       27             -0.08950737604581893               
2       30             -0.08950737604581893               
2       21             -0.08950737604581899               
6       19             -0.08950737604581899               
2       26             -0.0895073760458191                
2       20             -0.0895073760458191                
2       22             -0.0895073760458191                
2       24             -0.08950737604581915               
2       23             -0.08950737604581926               
2       14             -0.08950737604581943               
2       13             -0.08950737604581949               
2       12             -0.0895073760458196                
2       4              -0.08950737604581976               
2       15             -0.08950737604581982               
2       6              -0.08950737604581982               
19      29             -0.08950737604582004               
2       5              -0.08950737604582015               
1       2              -0.08950737604582026               
2       10             -0.08950737604582026               
19      24             -0.08950737604582026               
19      20             -0.08950737604582032               
19      22             -0.08950737604582032               
19      30             -0.08950737604582032               
19      26             -0.08950737604582037               
19      27             -0.08950737604582037               
19      21             -0.08950737604582043               
19      23             -0.08950737604582054               
3       17             -0.1265764988913763                
17      18             -0.14576379059244526               
3       11             -0.18619605675040343               
17      28             -0.19289105877487348               
16      17             -0.19289105877487384               
7       11             -0.19595736519913104               
18      29             -0.19867035352280438               
18      21             -0.19867035352280454               
18      30             -0.1986703535228046                
18      20             -0.19867035352280465               
18      22             -0.19867035352280465               
18      24             -0.19867035352280465               
18      27             -0.19867035352280465               
18      26             -0.1986703535228047                
5       18             -0.19867035352280477               
4       18             -0.19867035352280482               
18      23             -0.19867035352280482               
6       18             -0.19867035352280493               
12      18             -0.1986703535228056                
1       18             -0.19867035352280565               
14      18             -0.198670353522806                 
13      18             -0.19867035352280638               
10      18             -0.1986703535228065                
15      18             -0.19867035352280688               
8       28             -0.20090802803413044               
8       16             -0.20090802803413071               
11      28             -0.2101140542819013                
11      16             -0.21011405428190233               
1       7              -0.213481350616776                 
4       7              -0.21348135061677606               
5       7              -0.21348135061677637               
6       7              -0.2134813506167765                
7       10             -0.21348135061677673               
7       29             -0.21348135061677675               
7       21             -0.2134813506167769                
7       20             -0.21348135061677692               
7       24             -0.21348135061677692               
7       30             -0.21348135061677692               
7       27             -0.21348135061677695               
7       26             -0.213481350616777                 
7       22             -0.213481350616777                 
7       23             -0.21348135061677712               
7       15             -0.21348135061677717               
7       14             -0.2134813506167772                
7       12             -0.21348135061677725               
7       13             -0.21348135061677742               
20      25             -0.22881866861899075               
22      25             -0.22881866861899078               
21      25             -0.22881866861899078               
9       15             -0.2288186686189908                
9       14             -0.22881866861899083               
9       12             -0.2288186686189909                
9       13             -0.22881866861899092               
24      25             -0.22881866861899092               
9       10             -0.22881866861899094               
23      25             -0.22881866861899094               
25      29             -0.22881866861899094               
25      30             -0.22881866861899108               
25      27             -0.2288186686189911                
25      26             -0.22881866861899122               
1       25             -0.22881866861899178               
6       9              -0.22881866861899178               
9       29             -0.2288186686189918                
5       25             -0.22881866861899186               
9       27             -0.22881866861899192               
9       21             -0.22881866861899194               
9       30             -0.22881866861899194               
4       25             -0.22881866861899197               
9       20             -0.228818668618992                 
9       22             -0.228818668618992                 
9       24             -0.228818668618992                 
12      25             -0.22881866861899203               
9       26             -0.22881866861899208               
5       9              -0.22881866861899214               
9       23             -0.22881866861899217               
6       25             -0.22881866861899233               
13      25             -0.2288186686189926                
1       9              -0.22881866861899272               
14      25             -0.22881866861899278               
4       9              -0.22881866861899283               
15      25             -0.22881866861899294               
10      25             -0.22881866861899333               
1       8              -0.23829000213296891               
8       14             -0.2382900021329692                
4       8              -0.2382900021329692                
8       29             -0.2382900021329692                
6       8              -0.23829000213296925               
8       12             -0.23829000213296928               
8       15             -0.23829000213296936               
8       22             -0.23829000213296936               
8       21             -0.23829000213296936               
8       27             -0.23829000213296936               
5       8              -0.2382900021329694                
8       24             -0.2382900021329694                
8       30             -0.2382900021329694                
8       20             -0.23829000213296941               
8       26             -0.23829000213296944               
8       23             -0.2382900021329695                
8       13             -0.23829000213296955               
8       10             -0.23829000213296989               
3       19             -0.2414661742997169                
2       3              -0.24146617429971723               
16      19             -0.2681182051389054                
2       28             -0.2681182051389064                
2       16             -0.2681182051389067                
19      28             -0.26811820513890755               
7       19             -0.2794706526638272                
2       7              -0.27947065266382787               
7       17             -0.28794079694196717               
11      18             -0.2908018844294621                
18      19             -0.3590540700069731                
2       18             -0.3590540700069741                
