#======================================================================
# PARAMETERS USED FOR THIS COMPUTATION: 
#	Sequence type: RNA
#	Total number of sequences in alignment data: 436
#	Length of sequences in alignment data: 34
#	Value of sequence identity: 0.8
#	lambda_h: 6.6000000000000005
#	lambda_J: 6.6000000000000005
#	Number of gradient decent iterations: 500
# The First and Second columns represent sites and the
# Third column is PLMDCA Frobenius norm, average product corrected (APC) DCA score
#======================================================================
21      22             0.1236392961623648                 
20      21             0.06628355423529912                
2       3              0.0640706273273072                 
33      34             0.05554850759829282                
20      22             0.05251221226686712                
1       2              0.05222047053856391                
10      22             0.05135195575894017                
29      31             0.050568968383794474               
10      21             0.049602072274540616               
1       3              0.049506678896224836               
31      33             0.04748419980047216                
30      31             0.04661775344676865                
5       6              0.04560378277691251                
4       5              0.04533812804461418                
31      34             0.04488640442788295                
29      30             0.044538175690340576               
6       7              0.04448661494084408                
29      33             0.04435287681154727                
5       7              0.043069871353899954               
7       8              0.042908878745603195               
4       6              0.04274169199618128                
8       9              0.04253283368035193                
29      34             0.04133730432736097                
6       8              0.040761055540000646               
4       7              0.040432624589880096               
30      33             0.03957493243113175                
5       8              0.03947871359754329                
7       9              0.03842997594440347                
4       8              0.037064692072200936               
31      32             0.03683514825811943                
6       9              0.03643851061889764                
30      34             0.036113140169086774               
13      18             0.035870838675852265               
5       9              0.03530570633691041                
4       9              0.03520749243358705                
12      14             0.034387041622898074               
29      32             0.03409664359136437                
27      28             0.03347542043114797                
14      15             0.03260742682109431                
12      13             0.032243744674751315               
13      14             0.03206778642201569                
12      15             0.030863017456976574               
32      33             0.029487397433856637               
32      34             0.029285365223947514               
30      32             0.028595499000916146               
13      15             0.028501999415275425               
2       4              0.027533416972154993               
23      24             0.026462105358103033               
3       4              0.02627368814148831                
26      32             0.025973238285340143               
25      27             0.025408513097723254               
25      28             0.025364615154164355               
25      26             0.024607683210812567               
18      30             0.024509387978764                  
2       11             0.024507583592270094               
21      26             0.024244667399714342               
24      25             0.024055913181984523               
1       11             0.023843590784248442               
3       11             0.023746086871767824               
9       11             0.022444385391704333               
24      26             0.021732044607791948               
2       5              0.020684693287889154               
23      25             0.02046555376359771                
3       5              0.020269114703607337               
24      27             0.020268653911737905               
26      27             0.019777317377892893               
8       11             0.019750472959533256               
3       12             0.019511207479111843               
11      12             0.019196633911872513               
24      28             0.019194262606309784               
2       12             0.01895729792375698                
21      32             0.018750165148676168               
28      31             0.018528954659867432               
26      28             0.01844252050315523                
2       6              0.018433140306127173               
3       15             0.01830489646625153                
23      26             0.01798343336154517                
27      31             0.01796730315180104                
28      29             0.01795951417658076                
3       6              0.01789658578569367                
3       14             0.017875216179231324               
2       15             0.0177946679163951                 
2       14             0.01740653182982726                
27      29             0.01731050151377872                
23      27             0.017253374511155307               
11      14             0.01718135726229561                
7       11             0.017039765292726196               
13      30             0.016992109152666066               
11      15             0.01646738335800857                
23      28             0.01636839456581811                
2       7              0.01633185964240886                
3       7              0.01571794202024142                
10      20             0.01570177645696539                
28      33             0.01564964191733617                
1       4              0.015150682683225246               
6       11             0.01495628125952679                
28      30             0.014366874789004551               
22      32             0.01434572197022535                
27      33             0.014328558820161617               
1       10             0.01373773890871724                
27      30             0.013695095441639785               
25      31             0.013627888376752828               
5       11             0.0135708219286685                 
28      34             0.013315104230020372               
25      29             0.013215885788811894               
2       8              0.012912883678646077               
27      34             0.012506846266613213               
22      26             0.012318932286199326               
3       8              0.012205418758566386               
20      33             0.011712515622175679               
16      17             0.011446604702752508               
1       12             0.011395277225674912               
22      24             0.011380106361440975               
28      32             0.011375794856638421               
15      16             0.011354031792804309               
4       11             0.011186960958793749               
27      32             0.011056639275076198               
9       18             0.01087690449148744                
2       9              0.01062187847476432                
20      23             0.010494033650533321               
25      33             0.010445514177985421               
10      11             0.01033013388032257                
9       10             0.010132222949408694               
1       15             0.010131943253887173               
1       14             0.010130698358889481               
17      18             0.010010331442735942               
16      19             0.00995664973567384                
8       18             0.009912925140786275               
1       5              0.00991062823852                   
15      17             0.009877538963987992               
3       9              0.009812687444301922               
22      23             0.009652550170679244               
25      30             0.009623865901656238               
23      33             0.009620843658561626               
26      34             0.009601295315609097               
19      33             0.009587338992169847               
17      19             0.00955722965637816                
4       18             0.00954932977104167                
5       18             0.009415855126203326               
7       18             0.00940884232249413                
24      31             0.009191637272698096               
14      16             0.009126996723272482               
21      24             0.009122807796622043               
6       18             0.009081314150805667               
25      34             0.008873585360063108               
19      34             0.00880903190766305                
24      29             0.008804270397388347               
16      18             0.008791809055128899               
14      17             0.008756859377933662               
25      32             0.008719472643860277               
12      16             0.008631397044922634               
1       6              0.00829259884403865                
12      17             0.00828314034149874                
24      32             0.008056588556359746               
15      19             0.008034381591680226               
21      28             0.007809878751888863               
21      27             0.007637789414637081               
22      28             0.00753461000174091                
20      30             0.00749319389358491                
20      32             0.007447393044001022               
21      23             0.0074318368029454435              
8       10             0.007245618597513735               
13      16             0.007192059861870867               
5       19             0.006936246963417533               
14      19             0.006929263583195469               
11      19             0.006798975262384613               
1       7              0.006687173574797471               
26      29             0.0066803140097002126              
15      18             0.006615489816554035               
22      27             0.006522241885450558               
3       13             0.0064913891865852474              
11      13             0.006298702577831099               
12      19             0.006199741275919268               
24      33             0.006086958501980516               
26      31             0.006085476172819654               
13      17             0.005942868023075962               
18      19             0.00590427392180011                
2       13             0.005701713495122461               
14      18             0.005542025112633686               
9       19             0.005444401696587692               
20      34             0.0053388926218508465              
6       10             0.00525952421464361                
24      30             0.005249856109530618               
5       10             0.005173503246662103               
22      25             0.005063520626115939               
4       19             0.004985230835174687               
3       17             0.004783406632987847               
8       19             0.004762303517682684               
2       17             0.004704442838903769               
12      18             0.004641103755495465               
24      34             0.004563952896578724               
7       10             0.004504326027101879               
7       19             0.0043734052754097336              
23      31             0.004320960128461365               
6       19             0.004191026392024955               
21      25             0.0037316570764180657              
20      31             0.0037278106784143714              
1       8              0.003651152976314402               
3       16             0.003637984219715215               
2       16             0.0035448764259335686              
20      29             0.003538586592350526               
23      29             0.0033033057627281717              
9       13             0.0030220285719472356              
13      19             0.0028540606225881254              
20      25             0.0026874592687126803              
4       10             0.0026589776118138356              
23      32             0.0021394124037845824              
20      24             0.002103559459139273               
16      26             0.0018227098889498777              
1       9              0.0017701163557346314              
8       13             0.001672507678606494               
6       13             0.0016327646187859618              
17      23             0.000926038181576494               
7       13             0.0007381446624114552              
26      33             0.0007048136708359479              
16      24             0.0004214802944534912              
4       16             0.0004117805777106992              
26      30             0.0004063928661161148              
11      16             0.0003184389600329185              
17      24             0.00011694651957232238             
9       16             7.517201700335541e-05              
17      26             2.5393997352129993e-06             
5       16             -6.746601164250854e-05             
4       17             -0.0001029703613576044             
11      17             -0.0001389176145026455             
17      32             -0.00018178239214209496            
1       17             -0.0002542834999536628             
5       13             -0.00026091897386156665            
21      34             -0.00027808501484192366            
16      23             -0.0002947115933726874             
8       16             -0.00037171259995889827            
20      26             -0.00041443604536448714            
9       17             -0.0004152789733821993             
10      13             -0.0005301959864714365             
7       16             -0.0005918039387931701             
16      27             -0.000606922204314228              
16      25             -0.0006114141125686812             
5       17             -0.000613771643895103              
23      30             -0.0006385045252670848             
6       16             -0.0006644446788994229             
10      32             -0.000833641596371195              
17      25             -0.0008814336740328998             
8       17             -0.0008982172559767881             
7       17             -0.0011423903263832746             
6       17             -0.0012228622711626946             
4       13             -0.0012293124055168456             
17      29             -0.0012309005906598336             
16      29             -0.0013227537667987177             
17      31             -0.0014160367410753633             
16      31             -0.0014633148412830782             
1       16             -0.001497586036031097              
1       13             -0.0015367182166457286             
19      24             -0.001842757074017834              
17      27             -0.0019026034210294085             
15      24             -0.001975778092519337              
16      28             -0.002059467149839525              
16      32             -0.0021408264207240374             
3       19             -0.00231791564508102               
17      28             -0.0023412461393057388             
10      26             -0.0023768744649690365             
23      34             -0.0024668467961030324             
2       19             -0.0025462416264451643             
14      24             -0.0026411920038433984             
10      23             -0.0028086873051849717             
20      27             -0.002869957266553258              
20      28             -0.0028880514585571462             
19      25             -0.0029102725882401564             
4       20             -0.002983444916974415              
15      25             -0.0030696795285311135             
12      24             -0.003243079403528165              
19      26             -0.0032794967356859356             
17      33             -0.0032965339620482856             
19      23             -0.0033130415419647535             
1       29             -0.003420728897347798              
16      33             -0.0034615734608121687             
1       20             -0.0035629700075209755             
18      24             -0.0035730355525314533             
14      25             -0.0037230934909304597             
9       20             -0.0039892889052060565             
19      27             -0.004100984882919975              
15      23             -0.00411365575733727               
10      18             -0.004206825111617241              
18      23             -0.004211255534388517              
17      34             -0.004320582921267559              
12      25             -0.004343005729081778              
19      28             -0.004469960686504598              
19      31             -0.004496970263814418              
16      34             -0.004531691156775673              
17      30             -0.004572812911765867              
19      29             -0.0045893404128381846             
18      25             -0.0046311468490644325             
14      23             -0.004646754879053569              
15      27             -0.00471845380983546               
16      30             -0.004744597876081426              
19      32             -0.004777651683473667              
15      28             -0.004898360249505573              
1       31             -0.005148845526385108              
10      12             -0.005159259244668937              
14      27             -0.005254360072296543              
14      28             -0.005481771677373848              
15      26             -0.00549737937058712               
14      26             -0.005635471509247425              
12      23             -0.005659397938870117              
9       12             -0.005903128046421888              
12      27             -0.005969240717354329              
18      27             -0.0060191430529228235             
22      31             -0.00606915684849043               
17      21             -0.006157148216144992              
12      28             -0.006167430202199703              
18      26             -0.006187854350515401              
10      15             -0.006200212357156121              
10      14             -0.006242375115185356              
18      28             -0.0063045512380222185             
8       20             -0.0063287226980451375             
22      29             -0.006360666790373767              
17      22             -0.006597544649550993              
13      24             -0.00676601927550724               
8       12             -0.006802318234776464              
12      26             -0.00681229800831705               
21      31             -0.006896857143496846              
10      19             -0.006945337337989556              
14      31             -0.007058344453840314              
18      31             -0.007066416566189816              
15      31             -0.007082566396043349              
3       18             -0.0073175990857789405             
18      29             -0.007408075989876729              
11      23             -0.007420775271312879              
7       12             -0.007495081032704173              
1       19             -0.0075083611320668625             
14      29             -0.007575070291021037              
2       18             -0.0076522638598881115             
15      29             -0.00768389597773847               
21      29             -0.007725029596555064              
10      24             -0.007735890138846811              
9       14             -0.007765468213304982              
18      20             -0.007801858462254438              
9       23             -0.007829247031045622              
13      25             -0.007922643195497                 
18      32             -0.007941355467032146              
22      30             -0.007994381614569585              
5       12             -0.00799588490314311               
12      31             -0.008005884063895859              
6       12             -0.00806515446326371               
1       32             -0.008103961092479468              
16      21             -0.008249341537388571              
22      33             -0.008288653241384891              
9       15             -0.008327219080049422              
2       10             -0.00834681217192526               
3       10             -0.008396219603233342              
19      30             -0.008496048537271407              
8       14             -0.00852999863217821               
5       20             -0.008580520700790135              
4       12             -0.008597488169389753              
12      29             -0.008693161367397749              
7       20             -0.008760501281918798              
6       23             -0.00876428388293933               
13      23             -0.008789586164208663              
16      22             -0.008796574413176744              
8       23             -0.009060780215638171              
11      33             -0.009068069721482837              
8       15             -0.009095004990785915              
7       14             -0.009120052919488988              
19      20             -0.009123093624919892              
14      32             -0.009271134848394418              
22      34             -0.009433754881230529              
5       14             -0.009454064671213347              
6       20             -0.00954430282345333               
14      33             -0.009574348817631445              
3       25             -0.00958618311305471               
6       14             -0.009609286808175965              
15      33             -0.009670951796694402              
7       15             -0.009695960956212113              
7       23             -0.009746521456907062              
10      27             -0.009845828719509293              
13      27             -0.009872111292311608              
4       14             -0.009912433583879679              
13      28             -0.009931415293207693              
2       25             -0.009949840062873784              
5       15             -0.010128197864561941              
6       15             -0.01021700866837219               
15      20             -0.010237165202338583              
11      18             -0.010279812453355588              
18      33             -0.01028816289286167               
3       24             -0.010299872531073118              
19      22             -0.010381458489060483              
10      16             -0.010471375591416796              
14      30             -0.01051868424742318               
5       23             -0.010523411908564165              
15      30             -0.01054398018024224               
4       23             -0.010576368982663578              
10      28             -0.010605822550926791              
10      17             -0.010618465380324224              
2       24             -0.010647660942343526              
12      32             -0.010687493985091112              
4       15             -0.01069107441164837               
13      26             -0.010772972623653003              
15      32             -0.010795326027951711              
12      33             -0.010825041050325931              
14      20             -0.01093409719384545               
16      20             -0.010985027029388195              
1       22             -0.01112229826084974               
21      33             -0.011213953338150048              
17      20             -0.011433897369094566              
14      34             -0.011446164859072884              
18      22             -0.01152058065381812               
15      34             -0.011585563566931141              
2       23             -0.01173272720216887               
12      30             -0.011753222871587407              
12      34             -0.0117854847523483                
21      30             -0.011813442386746961              
12      20             -0.012136450295832525              
8       26             -0.012198238184651454              
1       18             -0.012203253543071058              
19      21             -0.012271814091614555              
15      22             -0.012303772631694465              
18      34             -0.012319111180896881              
7       34             -0.012462086163942773              
3       23             -0.012601074974550382              
11      34             -0.012692100910884331              
10      30             -0.012813811636089238              
10      34             -0.01285779301181715               
3       28             -0.013046400268833386              
10      33             -0.013120233461742646              
14      22             -0.013209833948654486              
13      31             -0.013291649353104375              
3       22             -0.013388099815900216              
6       26             -0.013413806010489478              
3       27             -0.013420499657651228              
2       28             -0.013487048703678353              
18      21             -0.013580562743789708              
9       24             -0.013659987231255485              
13      22             -0.0136744622071003                
10      25             -0.01380031393706884               
12      22             -0.013824314029164293              
6       34             -0.013837726589468996              
2       27             -0.01390967010270365               
2       22             -0.013924200051495653              
7       26             -0.01400364078860563               
9       30             -0.014015433817544366              
13      20             -0.014024583971833107              
9       34             -0.014202741506261794              
4       25             -0.014287095637620054              
13      32             -0.014370096699469023              
13      29             -0.014392036519978495              
1       34             -0.014393748383314649              
8       24             -0.014403929731613238              
15      21             -0.01440932379540534               
1       28             -0.014446612731746758              
9       26             -0.014528158860673886              
5       26             -0.014679881575549954              
7       24             -0.014756066190189612              
5       24             -0.01485452283841366               
5       34             -0.01489238031977036               
11      26             -0.014901465499064223              
11      20             -0.014910663313651581              
11      24             -0.014933339820900782              
11      21             -0.014940316805470845              
4       24             -0.014945990449174239              
9       25             -0.01498045087125345               
6       24             -0.015148154583500481              
1       27             -0.015160051844843418              
11      25             -0.01520422565066936               
14      21             -0.015261708582570838              
8       30             -0.015450957297014144              
9       28             -0.01574126908144151               
8       25             -0.015750833823601845              
4       26             -0.01579486902217766               
9       27             -0.015841679310643828              
8       34             -0.01599577521272902               
7       25             -0.016111907043204657              
1       30             -0.016217751661187135              
1       33             -0.016222352917123477              
7       30             -0.01625912464643721               
12      21             -0.01626289653860815               
5       25             -0.01626325526207499               
11      28             -0.016302880486330072              
9       33             -0.01634116277973032               
10      29             -0.016511928350458012              
11      27             -0.016537177316251116              
6       25             -0.016539016248184574              
1       26             -0.016551538727074232              
8       28             -0.016653462123719556              
8       27             -0.01677962881124629               
1       21             -0.016782672398001082              
10      31             -0.016985546635708622              
13      33             -0.017003512168069883              
11      22             -0.01706054350165745               
7       28             -0.017116625769888608              
4       34             -0.017154643824078573              
11      29             -0.017189022685660846              
9       21             -0.01725668804094925               
7       27             -0.017261711704078787              
6       21             -0.017391967203700377              
6       30             -0.017402395832653947              
11      31             -0.017428458330548242              
5       28             -0.01746390377389717               
5       21             -0.017640376092456375              
6       28             -0.01765295136758449               
5       27             -0.017702450346926447              
8       33             -0.017703360683193295              
4       28             -0.017793205532596987              
7       21             -0.017822459988181494              
6       27             -0.017836075899309863              
8       21             -0.018064510415067486              
4       27             -0.01811682822611868               
5       30             -0.01816701170017753               
4       21             -0.01817647561546283               
13      21             -0.018410114186106247              
7       33             -0.018529802915909145              
4       22             -0.01854070724192978               
3       26             -0.018640561107909452              
6       22             -0.01875271304047768               
5       22             -0.01898477637699047               
7       22             -0.01908370218634582               
8       22             -0.019276599830805513              
1       24             -0.019498071841289266              
9       22             -0.019524921127306652              
1       25             -0.01953542084238745               
2       26             -0.019557400513213682              
6       33             -0.01968595080918037               
13      34             -0.019957024502331437              
4       30             -0.019991733295531812              
1       23             -0.02030454314237705               
5       33             -0.020494913573607387              
2       20             -0.0205290996349023                
11      32             -0.020679918740235205              
3       29             -0.020926585010266556              
3       21             -0.020996550814761372              
2       21             -0.021379251176153732              
2       29             -0.021974942067163487              
8       32             -0.022149924155223058              
3       32             -0.02230170694971314               
4       33             -0.022382875671147065              
3       20             -0.02242207626352319               
6       32             -0.022435661931132694              
8       29             -0.022713613319696638              
9       32             -0.02279186724608734               
9       29             -0.02286942909721023               
2       32             -0.02315805439518035               
9       31             -0.02323989897287073               
7       29             -0.023453271905443503              
3       31             -0.023852995646180153              
7       32             -0.02392663240367996               
8       31             -0.02423194248967163               
5       32             -0.024410688853085873              
6       29             -0.02455132757087341               
2       31             -0.024741928915935456              
7       31             -0.024813834018124203              
4       29             -0.02494032698852302               
5       29             -0.0252755414758854                
6       31             -0.025763624672489667              
4       32             -0.02580697699112275               
5       31             -0.026290427882407423              
11      30             -0.02747252727666575               
4       31             -0.027807411947942305              
3       34             -0.029800425603073874              
2       34             -0.030989030118027103              
3       33             -0.03132330671581828               
2       33             -0.03173992225217265               
3       30             -0.03175845150498903               
2       30             -0.032098911486793454              
