#======================================================================
# PARAMETERS USED FOR THIS COMPUTATION: 
#      Sequence type: RNA
#      Total number of sequences in alignment data: 1389
#      Length of sequences in alignment data: 53
#      Effective number of sequences: 38.00263035986777
#      Value of sequence identity: 0.8
#      Value of relative pseudocount: 0.5
# The First and Second columns represent sites and the
# Third column is MFDCA Frobenius norm, average product corrected (APC) DCA score
#======================================================================
30      38             2.0168958845268516                 
31      37             1.7090384509848686                 
29      39             1.6344071059443832                 
5       24             1.2968025098931222                 
3       26             1.2222800447205737                 
4       25             1.1721084420157653                 
24      43             1.0593308004238091                 
2       27             1.058150855840526                  
23      44             0.9886915461891567                 
35      36             0.9167803945042765                 
8       21             0.8506480307011758                 
1       13             0.7981627132568125                 
51      53             0.7117284975827931                 
28      40             0.6955047897342839                 
50      52             0.6709893882626782                 
25      26             0.6500004657117511                 
49      52             0.6313258522683018                 
21      46             0.5919191806855627                 
7       22             0.5723857258445632                 
20      41             0.5706347651745725                 
11      45             0.5618785352214737                 
33      37             0.5457054431451889                 
17      50             0.5451174140755504                 
43      46             0.5417049638834046                 
8       19             0.539016490591024                  
41      42             0.5361026317959502                 
14      21             0.5256898150876528                 
47      49             0.5160284938332111                 
2       4              0.5152213528841105                 
7       14             0.497149696561423                  
1       23             0.4806140487422327                 
28      49             0.4789925274909882                 
22      46             0.4772054327314518                 
15      46             0.47437347338983016                
15      40             0.4733883854041985                 
34      35             0.4728260557318481                 
15      28             0.4509494344099161                 
22      53             0.4482617469369718                 
24      25             0.43129386448777285                
6       47             0.43019003592369837                
48      49             0.4276746362130738                 
19      34             0.4096950023560044                 
13      20             0.406578647291357                  
13      48             0.40498507614422324                
18      47             0.4000581049818642                 
49      50             0.398922401397135                  
4       5              0.39348609340412166                
51      52             0.3916385906860331                 
40      49             0.39087564200661096                
19      52             0.3851039260788877                 
8       45             0.38242176087716284                
12      17             0.3812183977595861                 
7       34             0.37710798782913074                
46      53             0.3666160087655092                 
15      53             0.36036370284297603                
31      34             0.35938324297689983                
17      37             0.3589695144467548                 
43      44             0.35582192481773656                
23      48             0.347872648023561                  
2       16             0.3461070389646166                 
17      18             0.3436161820755517                 
29      40             0.3434954663640056                 
39      44             0.340161330412866                  
29      35             0.33960063073158286                
41      52             0.3386433690587334                 
7       10             0.3327849272097638                 
14      35             0.3310729265784313                 
32      43             0.329834426104341                  
1       46             0.32749129184846304                
9       27             0.32704873195981965                
9       45             0.32691811145004973                
10      22             0.32305876576662346                
43      53             0.32297913813579077                
3       21             0.32152753808471146                
7       16             0.31934094294948306                
16      27             0.3186127244750947                 
18      32             0.3185110627880066                 
3       33             0.3177754513537796                 
11      17             0.31305607698173615                
24      27             0.3108547343882391                 
24      51             0.3099381041923075                 
8       33             0.3079688797317639                 
27      45             0.3071257458094281                 
6       48             0.3059118537617791                 
8       20             0.30532554598574746                
25      27             0.303358235197674                  
7       53             0.29975590326551244                
7       9              0.29934871076451897                
8       41             0.29623335349355306                
21      22             0.2961092976917395                 
19      49             0.29558513265526537                
4       41             0.2929078013482129                 
1       8              0.2927881660598559                 
9       42             0.28703110328977355                
10      16             0.28297318597342863                
16      36             0.2829200509628217                 
13      32             0.2825514778544424                 
27      48             0.2785662313133248                 
39      40             0.27825550605813654                
15      17             0.27470863488428465                
17      34             0.27449829404346543                
32      34             0.27396802799575753                
32      40             0.27294878297466024                
9       35             0.27275169625319934                
2       10             0.26847587675549156                
50      51             0.26764893271912                   
8       13             0.267202545985273                  
6       15             0.26615271875660873                
36      41             0.26390552430328057                
29      36             0.26304094661968214                
17      31             0.26238427126132374                
11      33             0.26220980377321196                
5       9              0.2609504565404084                 
18      20             0.2604825281825689                 
27      30             0.2601265092294868                 
42      50             0.2575190767148604                 
19      51             0.25582875734080907                
14      19             0.2557841589024551                 
5       44             0.2532026791541333                 
36      39             0.25303868991786976                
32      48             0.25267306705111214                
3       46             0.2508215703768465                 
27      53             0.25057725751246424                
38      45             0.2504273697327329                 
35      41             0.24910439780408083                
6       23             0.2480730408691657                 
31      44             0.2471980007350112                 
5       10             0.2450757501379242                 
34      40             0.24368414943382988                
1       5              0.24367431041513232                
45      47             0.24323118195022564                
17      32             0.24195395628999605                
20      21             0.24031899591792194                
10      24             0.2395875050798002                 
13      21             0.23906002428860296                
42      48             0.23585374755481847                
28      38             0.2351635749615092                 
16      33             0.2350674609902036                 
2       41             0.23057875284090723                
6       53             0.22937161784731358                
19      35             0.22802613614418016                
14      51             0.2270552235766945                 
5       8              0.22656767413658652                
35      39             0.22616094880733684                
28      52             0.2248255144703868                 
17      40             0.22387095841252902                
6       28             0.22201895864165244                
33      51             0.2213157848939032                 
21      30             0.22108321935180242                
11      37             0.21664023622048667                
6       25             0.21598879184088315                
8       39             0.21557575533947226                
11      12             0.21467237700703112                
15      38             0.21439712898926527                
23      49             0.21417949595327512                
16      20             0.21297920108198165                
12      13             0.21103279145215117                
20      37             0.21066018170873502                
9       10             0.2100053953301031                 
25      32             0.20866940737557843                
22      33             0.20753897958940848                
10      12             0.2071210320050703                 
2       47             0.20492624038425622                
1       37             0.20414738463262694                
21      39             0.204075468470181                  
18      33             0.20344215412947375                
20      30             0.2031290584095929                 
21      26             0.20232848295414807                
29      30             0.20206354206665322                
6       35             0.20089685657571238                
32      51             0.19895131887300332                
32      53             0.19879053212903935                
3       18             0.19845664632540372                
9       14             0.19802592128581975                
7       15             0.19749383076744131                
20      26             0.1965134482184383                 
28      48             0.19646845835817606                
38      40             0.19605787202025882                
28      29             0.1957976539294467                 
36      47             0.19568394888166063                
7       33             0.19485583999886152                
12      35             0.19274123507167504                
4       8              0.18920741934996743                
19      28             0.18826544860538885                
25      31             0.18673384714452002                
7       46             0.18555917553109247                
32      39             0.18539101203975206                
43      48             0.18478523329000518                
10      52             0.18281939808032288                
16      35             0.18278923227202565                
3       10             0.18244335749953694                
21      29             0.18218950921340904                
13      26             0.18133991184805565                
2       49             0.18042629293407236                
39      45             0.179244312973536                  
16      23             0.1787167156763576                 
21      38             0.17808327289101233                
36      44             0.17759263802980813                
39      48             0.1774034818661554                 
30      40             0.17504288036849414                
18      22             0.17449657129374674                
33      36             0.17399903381000748                
4       43             0.17310785228418513                
14      16             0.1724870075530825                 
12      14             0.17192678933756048                
6       38             0.17182744996393307                
19      20             0.17161994918273166                
12      42             0.17120344011790353                
11      27             0.17062155764188291                
1       31             0.16922553968264853                
7       30             0.16897330721098025                
33      47             0.1683891054914204                 
44      46             0.16762087200113485                
28      47             0.16582403435952225                
21      41             0.16379736295264985                
6       32             0.16373683494309244                
38      47             0.16180309308723817                
11      31             0.16097919688330087                
41      44             0.16051436536768982                
13      34             0.16021396860521692                
16      18             0.16016642387506952                
13      23             0.1597411916755701                 
1       39             0.1597279454049665                 
23      42             0.1584550118986342                 
2       40             0.15787192629789842                
42      49             0.15741166871379472                
6       21             0.1568093524537716                 
23      33             0.15664683501523247                
9       51             0.15644402713889982                
9       11             0.1560940645875371                 
15      23             0.1556384161504185                 
6       27             0.15504205426782425                
6       29             0.15377932806676908                
27      38             0.15366206744164956                
18      37             0.1535745387649775                 
2       28             0.15348200734248885                
9       30             0.15326221020184777                
26      29             0.15283760152671166                
16      19             0.1526250021009663                 
14      15             0.15225249008921937                
2       3              0.15207927449683845                
49      51             0.15169436557841914                
16      25             0.15108925719354305                
5       53             0.15105446857512528                
3       48             0.148680703699128                  
3       31             0.14744249962188893                
24      45             0.1471651119872709                 
3       20             0.14703200109685455                
24      26             0.1468476264867583                 
10      34             0.14539259841303548                
43      50             0.14536342528525636                
25      45             0.14521227686949656                
10      53             0.14446493069164462                
7       36             0.14326763489988087                
3       11             0.14164851943345036                
8       26             0.14155017964446126                
5       50             0.14140276370423233                
42      45             0.14094062098263133                
16      22             0.14031255120760167                
23      28             0.14010213524078624                
6       11             0.13995938652229234                
8       11             0.13939154846088297                
15      43             0.13839957914519718                
16      41             0.13825492199145656                
40      44             0.13759028820543268                
37      42             0.1375719846722956                 
6       44             0.13746397437437174                
13      18             0.13723189026192684                
9       20             0.13691105623280814                
26      46             0.13680438619504465                
26      50             0.13654753577675122                
44      48             0.13582476044656255                
38      39             0.1345538194424169                 
3       7              0.13385884427723999                
29      50             0.13353298017522686                
1       20             0.13293703449695365                
47      50             0.13207496055110998                
20      38             0.13043254339795068                
11      34             0.13005525334354118                
4       13             0.12949840403709523                
17      26             0.12922425691090134                
20      45             0.12898722457502787                
40      52             0.12894392357214612                
2       19             0.12836500816933394                
5       51             0.1280489067447529                 
9       52             0.12752869569178865                
12      29             0.12733618332207974                
8       24             0.12631845078497306                
12      18             0.12602487651940592                
42      47             0.1250132905589837                 
4       18             0.12474593133741907                
41      50             0.12472272528435208                
7       35             0.12461034290819334                
11      29             0.12415909654408414                
1       51             0.12397631152182065                
9       38             0.12383532429313637                
7       26             0.12343207509133236                
32      35             0.12166637536436792                
22      32             0.12155580030049373                
12      49             0.12116013838470457                
10      33             0.11926701782464649                
5       25             0.11782591798934594                
5       47             0.11753679305250392                
4       45             0.11650317770403573                
17      42             0.11636620249844631                
35      44             0.11572329973962658                
8       31             0.11375196209370797                
14      17             0.1134978837697952                 
25      37             0.11338497566542904                
24      34             0.11334105862469868                
4       24             0.11275119548644619                
18      35             0.11167457109659845                
29      45             0.11113305231229165                
34      44             0.1106640906601205                 
13      41             0.10926743242063364                
12      50             0.10908823782888175                
31      38             0.10848925323880376                
9       18             0.10847712851252711                
13      25             0.1076521547568593                 
10      18             0.1072926200401314                 
47      52             0.10703752401475619                
17      25             0.10644479326793593                
13      33             0.10610159173782463                
12      22             0.10545934532701523                
2       31             0.10503428231320089                
34      41             0.10466805777367999                
19      26             0.10353721855458209                
22      37             0.10291542111684004                
10      46             0.10259173587653336                
3       13             0.10200184174961618                
16      31             0.10197850816804721                
47      48             0.10143948573297845                
37      47             0.10118286123867315                
29      44             0.10099804067843499                
22      43             0.10053532866854226                
6       31             0.10040851804466056                
26      48             0.09992731367429775                
27      28             0.09989950259286862                
26      51             0.0997802619107937                 
16      44             0.09976313944805948                
22      45             0.09946035936116965                
43      49             0.09944701232534525                
32      37             0.09943756927487502                
17      44             0.0988372024654241                 
38      51             0.09842509442771047                
22      25             0.09828597788286492                
13      51             0.09773682004017314                
36      40             0.09762029447095805                
11      20             0.09644122353272344                
6       45             0.09639171042914263                
45      46             0.0963873108047425                 
18      39             0.09461314499548024                
36      42             0.09440976159956052                
14      43             0.0942560946640073                 
1       18             0.0942172884321626                 
38      44             0.09399358362866161                
4       38             0.09374280328720908                
12      39             0.09349822591505169                
26      31             0.09304878059828081                
9       12             0.09280043019544693                
19      47             0.09196770072507066                
39      43             0.09186083937635525                
50      53             0.09160393084532059                
22      51             0.09150350546678127                
18      24             0.09137808423551541                
12      53             0.09119974617583718                
14      36             0.0901747059155808                 
20      23             0.08996261737419553                
13      35             0.08988620410033848                
20      33             0.08912860359898483                
10      27             0.08861236933388084                
6       14             0.08772088749496298                
14      30             0.08699416461023135                
14      34             0.08693887111166176                
2       9              0.08532377133100089                
2       52             0.0846492699129453                 
4       51             0.08443085756226332                
12      41             0.08438436716739109                
12      32             0.08429947428531853                
48      52             0.08424539103236539                
33      41             0.08342593030307777                
11      25             0.08296073180927266                
11      21             0.08223837416385582                
10      44             0.08219340406223291                
40      42             0.0814911811586026                 
27      36             0.08060204887910893                
15      42             0.07994272906081304                
3       41             0.07945117570303606                
22      42             0.07883924098891534                
30      44             0.07792533773815669                
5       6              0.077551260126836                  
2       45             0.07743471021184734                
7       38             0.07597926626958934                
15      19             0.07582262394801892                
43      52             0.07575429786131294                
6       36             0.07575150023196126                
1       33             0.07559422451253878                
14      45             0.07550127675507717                
5       52             0.0754321826184669                 
17      52             0.07464058448328442                
31      40             0.07451011119674655                
45      51             0.07406454952537334                
6       10             0.07392936616236506                
11      40             0.07368597374866515                
31      32             0.07329639238455299                
21      33             0.07297539609067438                
30      45             0.0729252029746223                 
11      32             0.07228003400202504                
22      23             0.07205113398803031                
24      48             0.0716663224835532                 
28      43             0.07163912007835621                
4       27             0.07104952477056237                
9       48             0.06997676157492755                
1       11             0.06925763397672857                
35      47             0.06697637750689284                
7       28             0.0664527612660884                 
19      41             0.06575445679070474                
17      19             0.06491634935058022                
43      51             0.06474782609112822                
6       40             0.06456230753683734                
15      30             0.06349758966551261                
40      47             0.06261695436326392                
10      51             0.061569194967069085               
32      44             0.061566755513649374               
8       23             0.06151413672460815                
34      37             0.0607065886397995                 
30      50             0.05878734642232625                
28      30             0.05878705575652882                
10      43             0.05876550745411557                
8       22             0.05862080535221248                
24      47             0.05798410813996946                
29      34             0.05797994612134                   
15      49             0.057615628621699166               
32      46             0.05578869708554879                
15      45             0.05563934281946986                
12      36             0.05559087766481713                
39      53             0.05492817534982891                
39      50             0.054770989366733025               
4       9              0.05469533589324571                
30      39             0.05442727490811383                
24      44             0.05392871823123946                
10      11             0.053829919563212814               
23      40             0.053640749542616106               
9       25             0.05362618788757101                
12      40             0.05334007769132937                
14      18             0.053293109692332696               
14      46             0.052339530775263876               
15      37             0.05221448465875733                
32      33             0.05198689241382748                
18      26             0.051606869897261376               
24      53             0.0515056307638605                 
8       14             0.051188415480872274               
3       14             0.05094874011907913                
1       12             0.050886350500491395               
6       42             0.05082726438464602                
13      42             0.050625104367977874               
13      46             0.050447914154574836               
21      34             0.049520497327431245               
7       19             0.04941965749764077                
38      46             0.04872342099333382                
14      22             0.04843715208740074                
33      44             0.04816703235665076                
13      14             0.047337228834727796               
15      51             0.04720180179167699                
5       17             0.04680400898172965                
28      42             0.046612546819741585               
5       48             0.046217952262684436               
7       23             0.04578271206133944                
18      41             0.045478537304144306               
9       36             0.04461434981549489                
34      38             0.04404289958014185                
15      34             0.04376614699860604                
9       15             0.04344607593083277                
5       46             0.042096791886990004               
48      51             0.04201518105737834                
1       27             0.042000648397415796               
6       49             0.04141500283259286                
21      36             0.04134915742936651                
42      53             0.0409875001141487                 
8       18             0.040896876724636044               
4       22             0.04085733908741962                
4       31             0.03967917423442169                
11      13             0.0388006364540992                 
33      45             0.03852861981383754                
20      27             0.038156204395067284               
10      31             0.038030896186418695               
46      49             0.03698582013185536                
42      51             0.03638483324778613                
19      48             0.03622226458354261                
23      34             0.035100608867103644               
27      44             0.035043061702933476               
6       20             0.03468656476403964                
4       20             0.03358923827409954                
1       34             0.03218276893448463                
19      25             0.03205135387555802                
4       26             0.03179349895854988                
26      45             0.03164352834145878                
35      52             0.031527754939131514               
11      53             0.03142914898570742                
5       20             0.03142667005588484                
13      52             0.031192188146441924               
15      32             0.03059907313183574                
13      37             0.03051833665614878                
31      48             0.03034261213027556                
12      34             0.03027788267026399                
2       25             0.030252413597938066               
1       35             0.029823300527361485               
1       52             0.02857598668906486                
4       11             0.02815255104429082                
2       33             0.02795341662460671                
44      50             0.027877237870486293               
19      24             0.027507197959048435               
26      52             0.02721884096347149                
2       43             0.026737696638116648               
1       43             0.026539938369612992               
18      21             0.026415477517195085               
10      21             0.026315671697953458               
19      53             0.02608174323581397                
3       22             0.025755065337156546               
5       29             0.025642527720807773               
28      53             0.024381784160219966               
17      47             0.02334255003171193                
17      43             0.02274527716075897                
2       48             0.02272329015508945                
25      39             0.021707943260478202               
5       45             0.021667065901868177               
16      32             0.021167122326711196               
8       30             0.020659697545947042               
29      48             0.020651980952505034               
40      48             0.01986764570702465                
21      32             0.019382609981313248               
36      50             0.019357197063222392               
2       35             0.01934651148152927                
18      43             0.01924593374076511                
14      29             0.019229625562045882               
9       46             0.01864742403341424                
2       5              0.018148324617348943               
24      30             0.01787908675156835                
9       41             0.017182262324501762               
1       3              0.01697826968927596                
5       43             0.016955971044746998               
11      14             0.01653282107752735                
16      40             0.016522358586195385               
14      32             0.015656140441615896               
1       28             0.015654462600505403               
20      36             0.01558514447220577                
19      44             0.015535917572548796               
3       28             0.014915363748294053               
12      47             0.01466665697206132                
8       35             0.014518005054693361               
8       12             0.013876440281312519               
19      40             0.013791759071707044               
2       51             0.012425199733119618               
29      47             0.01236235140741726                
41      49             0.012252214753711937               
1       36             0.011197302318469216               
5       13             0.010640302538901136               
40      43             0.010476657179847138               
37      45             0.010441873477512575               
11      26             0.010393940818801517               
4       52             0.009738864003805747               
12      28             0.009272114291769912               
19      37             0.009254787213845428               
23      46             0.009166247489035717               
10      37             0.008236288715515627               
20      39             0.007916403105049874               
5       27             0.00782669187339824                
6       9              0.007721415866426273               
11      52             0.007069098382833594               
12      20             0.0070068250659249265              
26      53             0.006307963688035989               
5       18             0.005798402163126215               
37      38             0.005725472582700286               
23      51             0.005676455715961315               
45      49             0.005651687902293312               
3       52             0.00550094250405786                
4       32             0.005280662812546966               
10      25             0.005034131417249954               
10      45             0.004966175719898436               
18      46             0.004940283667991596               
1       41             0.0041320013033724345              
6       18             0.004032265262717383               
45      52             0.003926296423082454               
22      36             0.0038837999510406007              
26      41             0.003678583645251865               
29      33             0.0035282410325825353              
18      19             0.0024959007747611395              
11      36             0.002378231989744295               
48      50             0.001347817088225678               
22      24             0.0008268843804942749              
30      43             0.0004311505774192703              
36      49             -0.000271105275619854              
2       32             -0.000842878406212666              
3       9              -0.0013537235191405372             
10      50             -0.0016483030693309475             
4       29             -0.0019851013321691147             
2       44             -0.0026829274629889266             
3       25             -0.003332491932070525              
9       31             -0.0033629178575991236             
5       22             -0.004894866975480916              
7       51             -0.005078266161236411              
4       30             -0.005141462907046757              
49      53             -0.005604564678064972              
9       43             -0.006173175185519519              
16      52             -0.006246634033540643              
9       24             -0.006765941970746092              
18      31             -0.006917795810444605              
3       29             -0.0069241800082536775             
14      37             -0.007205864138175255              
12      52             -0.007822559124403244              
21      51             -0.007992681786553435              
20      43             -0.009200755837420194              
19      22             -0.009679778131337302              
3       4              -0.010058209102067561              
11      22             -0.010283798200609151              
18      52             -0.011269831481926229              
15      31             -0.011516830571111691              
4       42             -0.011590453179778637              
16      17             -0.011671652819917944              
12      15             -0.012092105373704337              
18      30             -0.01214118176076473               
34      47             -0.012188758210276651              
4       10             -0.012238296724465803              
7       21             -0.012277052734410931              
31      53             -0.013028278443663222              
15      16             -0.013522091774219924              
22      49             -0.013551764126801369              
24      38             -0.013712460969175333              
1       16             -0.013907664093882666              
25      47             -0.01411926689991927               
41      46             -0.014517577840025442              
37      40             -0.015027885738924107              
23      30             -0.015058231384205645              
24      37             -0.015065968738186775              
29      43             -0.01519955751387514               
24      28             -0.015635665373329                 
13      19             -0.01569982891878402               
16      39             -0.01591143080303442               
6       17             -0.016285587001148794              
27      51             -0.017124512972354566              
5       38             -0.017270468644688397              
26      27             -0.018365395516205307              
4       50             -0.01861675492988496               
25      52             -0.01898170444014513               
19      46             -0.019375611135788784              
21      53             -0.01943493586474787               
4       16             -0.019692008643727665              
7       11             -0.0197503990297348                
24      29             -0.019820585668292146              
20      35             -0.01982548891703101               
30      42             -0.019881014440867734              
2       15             -0.020356950530843354              
34      39             -0.020506779874077674              
27      40             -0.02073853813621873               
5       30             -0.02119626105886102               
8       36             -0.02135246312197947               
13      50             -0.021550851818346983              
33      53             -0.021601772154418164              
32      42             -0.021706698180409156              
10      42             -0.021741099567791244              
12      31             -0.022215763011067424              
8       51             -0.022258657783729208              
20      28             -0.022411029566625773              
12      43             -0.022447270687192877              
4       53             -0.023246709500595875              
25      29             -0.024684855730613187              
26      43             -0.024741489239088144              
1       48             -0.02508787629928516               
5       32             -0.025805270857154228              
16      45             -0.026341603327763974              
25      36             -0.02697110332631708               
17      23             -0.027167249780552516              
35      42             -0.02730549204289373               
15      48             -0.027476567579765687              
17      28             -0.027626744799530034              
33      39             -0.02774880673296154               
2       42             -0.028694083000936732              
17      29             -0.029337317578360333              
24      52             -0.029354433977386463              
19      21             -0.02942885437129006               
33      52             -0.029497034652351595              
24      31             -0.030730216150113954              
1       29             -0.03093576943643228               
1       53             -0.03242447516426361               
27      47             -0.033133104588011664              
12      30             -0.03364090713423601               
8       29             -0.034401260268716594              
31      33             -0.0346653991024089                
28      50             -0.03474686175349051               
18      53             -0.034778081844417996              
1       45             -0.0348491972245929                
8       37             -0.03513325399786216               
21      45             -0.03527619383911029               
2       23             -0.03537167063524427               
19      30             -0.03589678303624394               
25      51             -0.036726664800301345              
31      45             -0.03734678894712884               
3       45             -0.037689417624440835              
15      36             -0.03787962532030931               
3       6              -0.03799709042088717               
28      35             -0.03831564761887157               
29      46             -0.03897042776173254               
20      52             -0.03959630208158077               
10      30             -0.03993334295799761               
6       34             -0.040066405420454365              
23      39             -0.040311665088786364              
8       46             -0.04093181505076837               
9       33             -0.041057371592393255              
10      26             -0.0410741190550562                
15      21             -0.04144981686182564               
1       26             -0.04158970901948833               
20      44             -0.041653143061989195              
13      39             -0.04171067132075118               
3       53             -0.04188906923881097               
6       52             -0.04197765565924649               
7       31             -0.04308062976589422               
32      50             -0.043127702862245265              
23      52             -0.044152810617283156              
40      46             -0.04418762702260609               
29      42             -0.04434309877806844               
6       30             -0.04488401192063801               
23      41             -0.045123932325317584              
38      42             -0.04515077990405786               
22      50             -0.04543766934724175               
38      50             -0.04580428246438714               
9       16             -0.04604297305374144               
9       37             -0.04630041561906628               
42      43             -0.046795444834062866              
3       8              -0.04710845039236833               
36      46             -0.047162847664922736              
5       12             -0.04759398913088292               
23      36             -0.047688014653529565              
42      52             -0.04793399651619615               
2       34             -0.0483032142759251                
11      23             -0.04884133615328634               
7       17             -0.04902646344990946               
37      44             -0.049467136320488714              
17      53             -0.0495826116137113                
11      51             -0.049751228883271825              
22      30             -0.05008293561658461               
36      45             -0.05023990052535904               
27      52             -0.05042490437340552               
3       49             -0.050996891902282404              
1       24             -0.051213711897406644              
14      47             -0.05164085444775457               
27      35             -0.051772715269644665              
40      53             -0.05210736697312218               
13      29             -0.05251657301548823               
8       47             -0.0527300630723454                
2       46             -0.052889258293297714              
28      34             -0.05296257840806379               
3       44             -0.05303818416160855               
45      50             -0.05304762151717052               
3       42             -0.0532804298503079                
16      34             -0.05331941528407502               
17      22             -0.053478780336303156              
18      48             -0.05347940711351784               
36      37             -0.05402002141795731               
46      50             -0.054031406020221995              
15      18             -0.05425057774199077               
23      32             -0.055083640456298155              
2       6              -0.05509616825167729               
9       19             -0.05523121658143587               
14      27             -0.055242132572092095              
21      48             -0.05580996784415326               
5       7              -0.055884295627667                 
18      27             -0.05600451597773326               
1       32             -0.05615464748807475               
5       15             -0.0562567552819353                
12      44             -0.05639420582754076               
8       52             -0.05654323641173842               
3       35             -0.05674743235691354               
7       40             -0.057324788031780316              
34      52             -0.057427596650079626              
38      43             -0.057445388572604006              
22      38             -0.058121055217735695              
1       19             -0.058418805416992625              
4       48             -0.058925854639374164              
26      34             -0.05903741972076382               
26      36             -0.05945671190728957               
3       38             -0.05955537889702772               
35      50             -0.05959416565634337               
47      51             -0.05969176610355287               
16      53             -0.05969214214766955               
5       11             -0.0599811181654738                
16      26             -0.06062868817954059               
15      22             -0.0611097154543947                
7       42             -0.06114177425098208               
21      43             -0.06128615778204216               
32      47             -0.06132546192402788               
21      23             -0.06185687006395346               
29      37             -0.062187947476186944              
23      35             -0.06228754641848794               
10      49             -0.06348171296722535               
28      44             -0.06433315058882016               
30      31             -0.06439364600185532               
41      48             -0.06443158980941988               
6       39             -0.06468268722338721               
15      26             -0.06485785749960293               
23      37             -0.0658838180080693                
12      23             -0.06604986334029356               
20      29             -0.06611630546301478               
24      39             -0.06615377462886562               
16      50             -0.06671279442234443               
22      44             -0.066946124400666                 
31      39             -0.0670674867051993                
41      47             -0.06730421617242993               
12      38             -0.0673337490624123                
20      42             -0.06753151542355174               
8       15             -0.0675353284221552                
27      32             -0.06786890948492569               
17      30             -0.06807624261189343               
20      22             -0.06813109471115164               
7       41             -0.0683147680164145                
11      41             -0.06832648958288812               
25      42             -0.06833590069815662               
9       23             -0.06849349872641919               
27      41             -0.06965406411438269               
6       8              -0.06990232956290454               
1       6              -0.07055249727786062               
30      48             -0.07202051268266169               
23      47             -0.07214362783748623               
28      36             -0.07227161300054583               
1       42             -0.0729287139307575                
2       24             -0.07295205474498834               
4       23             -0.07297388841859453               
14      48             -0.07333438037476947               
25      53             -0.07379859067326439               
47      53             -0.07410603569632557               
7       12             -0.07575044223902863               
21      44             -0.07577984467118792               
4       35             -0.07578619145569915               
14      20             -0.07579633706945627               
11      16             -0.07580662667193655               
23      25             -0.07583347683683428               
29      38             -0.0766727676282849                
20      34             -0.07720473528675192               
1       47             -0.07736612218296102               
28      46             -0.0788459068216894                
14      42             -0.07894225019667034               
20      50             -0.07996616963131398               
16      46             -0.07996735159222468               
4       46             -0.08024036790457345               
16      28             -0.08028840719816466               
14      23             -0.08069814173493839               
18      29             -0.08127872386533352               
19      39             -0.08161393238012893               
6       41             -0.082180294864177                 
17      35             -0.08227951296368585               
18      36             -0.0825846235704899                
4       7              -0.08264288185382868               
9       34             -0.08268937975176599               
33      48             -0.08282880509320573               
30      49             -0.08287809930977821               
32      36             -0.0829188658365162                
7       37             -0.08311814640052045               
13      49             -0.08325111466062618               
6       37             -0.08378189098291766               
25      48             -0.08385334778112258               
8       25             -0.08409321560960781               
39      42             -0.08413935170993206               
42      46             -0.08440249874305425               
12      19             -0.08474766101164413               
32      52             -0.08493992134776479               
19      50             -0.08497305658839374               
10      23             -0.08516949389942013               
16      47             -0.08537963330632542               
4       36             -0.08632214289355283               
9       44             -0.08651489053741623               
40      50             -0.08665173855013192               
28      31             -0.08704365283471016               
26      44             -0.0872371062697852                
11      50             -0.0874168126971894                
10      38             -0.08764467906628426               
14      33             -0.08825833450176734               
2       29             -0.08850780880230247               
2       14             -0.08853670993530166               
14      39             -0.08861596650986342               
5       42             -0.08884228570629257               
2       11             -0.08907172523661322               
31      50             -0.08910642112928094               
10      36             -0.0892705464024684                
16      30             -0.08929419613281431               
7       45             -0.0898972286480047                
18      38             -0.09007925660331656               
21      37             -0.09008843262571486               
31      51             -0.09034645819342868               
9       50             -0.09075940533872212               
25      38             -0.09120770083449692               
24      33             -0.09180765393471968               
19      42             -0.09188645081641514               
3       50             -0.09251874100097013               
38      52             -0.09277407247882147               
16      24             -0.09284613597651259               
11      38             -0.09301807222195602               
27      39             -0.09313818680121022               
16      51             -0.09329489784220368               
12      46             -0.09364797301153016               
7       50             -0.09380597671139632               
15      50             -0.09421629193585854               
43      47             -0.09476601092718778               
34      43             -0.0947745330296702                
17      27             -0.0948633573758943                
17      24             -0.09503056473501664               
9       17             -0.09527648308452308               
22      27             -0.0955319280797074                
33      43             -0.09597695816085133               
32      49             -0.09667881051411165               
35      37             -0.09690470409807306               
33      34             -0.0972376276291132                
6       13             -0.09729081273100598               
35      49             -0.09744847042244797               
12      37             -0.09766529856585929               
26      42             -0.09776903869893486               
14      28             -0.09816117302459343               
34      53             -0.0982890181648382                
22      28             -0.09838732922364068               
2       38             -0.09914831136665092               
18      51             -0.09924379273108885               
38      48             -0.09945495875207289               
8       10             -0.0994772331296041                
10      14             -0.09987956659797709               
7       44             -0.10072804562218307               
27      49             -0.10093094076146866               
3       19             -0.10121902130591365               
16      42             -0.10154185212174383               
4       39             -0.10173390843392849               
14      50             -0.10215379223341678               
25      35             -0.10270207036648343               
23      26             -0.10271250007485799               
34      45             -0.10289381102060857               
14      38             -0.10293005594414523               
3       47             -0.10335596381305273               
23      45             -0.10353640896717475               
12      16             -0.10403674286993092               
10      13             -0.10404507413694675               
9       26             -0.10429626393289382               
33      42             -0.10467476034063014               
37      50             -0.1052059030951994                
12      51             -0.10530037306489254               
28      37             -0.10554679403060924               
4       40             -0.1057265487488826                
7       43             -0.1057700520022562                
3       39             -0.10584569198658078               
1       2              -0.10650088621879034               
1       49             -0.10665060391528716               
24      41             -0.106918425302026                 
17      41             -0.10737422029709717               
17      33             -0.10770766608701593               
13      43             -0.10824767893111359               
31      47             -0.10844323575516723               
26      37             -0.10857539079974876               
4       34             -0.1094922263589394                
31      52             -0.10958470553826649               
33      38             -0.10964543690882317               
26      30             -0.11012186736597174               
25      46             -0.11017367462849448               
14      49             -0.11062731683657592               
15      25             -0.1106465723443032                
24      49             -0.11204946731070109               
21      35             -0.1120620541572237                
31      35             -0.11235080263944908               
20      46             -0.112385249203098                 
18      44             -0.11238756962802998               
37      41             -0.11284085415754291               
44      53             -0.11299947616530565               
10      47             -0.11304363855682537               
2       53             -0.11333194437736016               
25      49             -0.1138973713099066                
1       14             -0.11444112069073054               
17      49             -0.11463295974681867               
46      52             -0.11473702619095372               
3       43             -0.11508443969634014               
13      15             -0.11540216651069479               
3       40             -0.11544503810743667               
11      48             -0.11562784298539014               
40      41             -0.11571311117639929               
24      40             -0.11606401149418072               
15      35             -0.11673028957290066               
16      38             -0.11710061595741644               
19      31             -0.11791594140440886               
39      47             -0.11981044644208799               
1       50             -0.12010160835567321               
13      28             -0.12033911378807599               
24      50             -0.12048906293505895               
28      41             -0.1207291595870269                
4       44             -0.12111066696624206               
25      30             -0.12136354911620939               
11      46             -0.1222047046082082                
17      39             -0.12228171811542626               
30      34             -0.12287079953605157               
11      42             -0.12315843256951076               
5       23             -0.1233495723658441                
14      40             -0.12336457962380659               
26      28             -0.12371758075990108               
27      50             -0.12423606963252382               
34      49             -0.12432914449827337               
3       34             -0.12434689584938619               
22      35             -0.12472488863843165               
23      50             -0.1249815060382187                
30      46             -0.1250333871300393                
13      47             -0.1250951669451112                
20      49             -0.12575984488905728               
27      33             -0.12610132690317705               
36      51             -0.12640197187926824               
16      48             -0.12657504136472758               
19      33             -0.1266733632278748                
39      49             -0.12702895342924128               
4       33             -0.1278947863533076                
16      21             -0.12794248390493845               
3       12             -0.12828911576923985               
8       28             -0.12897051115904828               
25      34             -0.12921495691857815               
15      39             -0.12947891043346543               
12      48             -0.12977999675310062               
2       17             -0.1305644495258828                
7       25             -0.1307085586259895                
30      35             -0.13082506241548708               
37      46             -0.1308906383790831                
41      53             -0.13182729792152834               
5       39             -0.132112386467382                 
34      50             -0.13242484673285737               
37      49             -0.13284582589989435               
26      33             -0.13337960995606224               
23      43             -0.1335568188540175                
29      49             -0.13374678072362586               
15      41             -0.13491161257500753               
19      36             -0.13534262765362237               
5       33             -0.1354448816634563                
18      34             -0.13578129344210893               
24      32             -0.1359602360890414                
17      36             -0.1367393159195712                
1       25             -0.13686734035756876               
27      42             -0.13728565932100345               
17      21             -0.137339859335106                 
12      27             -0.13798739740944244               
1       7              -0.13800066025873453               
14      53             -0.13834590291657828               
3       15             -0.1385731955880744                
29      53             -0.13995007687658895               
31      43             -0.14008195649141159               
31      41             -0.14009849141552488               
8       34             -0.14039496270513552               
3       32             -0.14043090691199328               
22      26             -0.1410566723362096                
2       39             -0.14116923434132705               
1       40             -0.14134464801087754               
7       20             -0.14204362448033514               
22      47             -0.1424459549364908                
16      49             -0.1425246638584477                
1       9              -0.1429576728927539                
2       30             -0.1429778311697042                
37      48             -0.14308992154204347               
22      41             -0.14332475834583283               
31      49             -0.14348772538057145               
2       12             -0.14402533957904834               
3       23             -0.1444272572891392                
28      32             -0.14483948720417744               
1       30             -0.14555611805500368               
2       36             -0.14668145356340725               
34      36             -0.1472741120998238                
33      49             -0.1476450218062008                
4       28             -0.1478927515622791                
36      43             -0.1480135498139614                
6       12             -0.14833649653294548               
39      51             -0.14880981522540776               
19      23             -0.14977341527969945               
35      40             -0.15017185362675628               
46      48             -0.15058840403095486               
26      39             -0.15086233885719635               
3       37             -0.15097204044531326               
46      51             -0.151161708783268                 
5       14             -0.15120060412289732               
5       28             -0.15128528030126723               
20      47             -0.151809909821198                 
2       7              -0.15283721050378635               
38      49             -0.1532835153854351                
11      49             -0.15367844119340365               
7       47             -0.15376506050958988               
4       49             -0.15433085299160154               
13      36             -0.15499770424494333               
19      38             -0.1557443192173793                
12      33             -0.15638426522158072               
7       13             -0.15660294348619824               
31      42             -0.15672499320097574               
5       21             -0.15686041280038732               
25      41             -0.1573940846136877                
23      27             -0.15741242238264064               
32      45             -0.15758213205065208               
41      51             -0.1577014853120548                
4       17             -0.158300865749393                 
27      31             -0.1586443818712856                
4       21             -0.15887397200862508               
36      53             -0.15922001499809152               
2       8              -0.15923859256460504               
10      28             -0.1593136395323955                
11      44             -0.1602803796263606                
17      46             -0.16050232981233736               
34      51             -0.16118489738296493               
33      40             -0.16133880150095653               
22      48             -0.1617997277225799                
37      51             -0.16206879590339496               
20      53             -0.16210016742314698               
3       30             -0.16247137849117438               
25      33             -0.1624970264154087                
36      52             -0.16267019782453887               
35      45             -0.16284928926664372               
30      32             -0.16335549179949124               
8       16             -0.16342680145103122               
27      46             -0.1635714955067586                
16      29             -0.16369894056447576               
27      37             -0.16370263258658663               
18      25             -0.16453158476606744               
11      35             -0.1645598452268498                
8       50             -0.16579177613617327               
6       43             -0.16633305291527412               
11      30             -0.16692892659034536               
41      45             -0.16705040192488296               
46      47             -0.167085857267386                 
15      27             -0.16725921715230668               
2       20             -0.16756812653655168               
2       21             -0.1676718373819407                
19      27             -0.16833846608695402               
15      20             -0.1685935296308369                
9       49             -0.1691018063925889                
7       48             -0.16921274534521774               
8       44             -0.169733663745454                 
1       15             -0.16974918459440289               
11      28             -0.17035529956475678               
9       28             -0.17054480053845458               
13      22             -0.17121020828378797               
4       37             -0.17129917968332242               
8       53             -0.17180729953455182               
44      49             -0.1722248222732601                
30      51             -0.1722303511578437                
28      33             -0.17232690726623537               
6       26             -0.17280487549067614               
15      29             -0.17342348512650962               
36      48             -0.17389816515601159               
34      48             -0.17483167012860645               
34      42             -0.17503169536767704               
26      40             -0.17583416117317713               
13      31             -0.17593904467238297               
12      45             -0.17606005352431991               
3       51             -0.1762240535882169                
19      29             -0.1763474476387913                
15      52             -0.17643108008972255               
15      47             -0.17701629155993914               
18      42             -0.17709089285950924               
45      53             -0.17717090304381933               
13      27             -0.17792291568280755               
11      19             -0.177934514102299                 
21      25             -0.1779773785310984                
10      19             -0.17815727230095615               
37      53             -0.17851731786313746               
33      50             -0.17859345431104245               
7       18             -0.17862349260243054               
23      24             -0.1790189313505064                
30      36             -0.17971548822993896               
6       50             -0.1797194177055849                
37      52             -0.17991912754539496               
1       4              -0.17997048995583304               
7       39             -0.18004573608611218               
30      41             -0.18105616435226177               
31      36             -0.18189643089278718               
11      47             -0.18196594497942337               
5       49             -0.18246516347741396               
18      40             -0.1828830386172795                
30      47             -0.18306061149642053               
10      17             -0.1832186731384345                
13      17             -0.18341130338730038               
13      53             -0.18424583701228706               
12      26             -0.18437482717980005               
7       49             -0.18495480211670154               
14      26             -0.18601707940362572               
24      36             -0.18684477231127314               
9       13             -0.18697911732024994               
9       29             -0.1872831757683437                
22      40             -0.18850221639500236               
5       26             -0.18904323647033944               
21      50             -0.18954813209623017               
8       42             -0.19059275848396434               
28      51             -0.19068139508105666               
5       36             -0.1909477930609471                
9       22             -0.19126262712952427               
15      24             -0.1914432566794581                
10      41             -0.19206038375802595               
25      44             -0.1921672500885686                
34      46             -0.19226224758634836               
14      41             -0.19285523598463414               
11      43             -0.19399628945142627               
28      39             -0.1940313069079435                
36      38             -0.19420434732618977               
2       22             -0.19441829624169282               
5       37             -0.19497445573104077               
3       17             -0.19504509879526158               
2       13             -0.19551462243797058               
8       17             -0.19573452958749288               
3       16             -0.19595195867410414               
21      31             -0.19595517040524973               
10      15             -0.19612839228233842               
4       47             -0.19625179064215942               
26      32             -0.19648883934516992               
18      50             -0.19823974577460535               
18      23             -0.19837885249530257               
21      28             -0.19855014603114518               
33      35             -0.19925724920106183               
20      24             -0.20003129291741595               
33      46             -0.2001358874645619                
10      40             -0.20020753516807482               
12      21             -0.20037721398686814               
23      53             -0.20043366568991627               
6       7              -0.20057977574790364               
9       40             -0.2010144792532938                
13      40             -0.20132117553156492               
23      31             -0.20167747470219033               
12      25             -0.20195785730824353               
1       10             -0.20285106261751643               
32      41             -0.20309207733711132               
1       21             -0.20333989914775064               
6       22             -0.20379529296932014               
17      48             -0.203834258971672                 
5       41             -0.20442015856170176               
1       17             -0.20462556792411396               
38      41             -0.2047066138503627                
11      24             -0.2048714070928443                
30      52             -0.2049763856881249                
6       24             -0.20516963780095232               
24      42             -0.20544702779764135               
10      35             -0.20593745463395527               
16      37             -0.20627925915580764               
3       24             -0.2064588762486244                
16      43             -0.20765597967371224               
44      45             -0.20774778768176022               
10      48             -0.20895831854040628               
7       32             -0.20900880895374568               
21      24             -0.20918520594576095               
22      39             -0.209579547330014                 
42      44             -0.20989111382160974               
26      47             -0.20995562861899436               
22      29             -0.21006300108684955               
20      48             -0.21013793924998087               
52      53             -0.21028164790901524               
19      43             -0.21076461514963973               
3       36             -0.21088948347678751               
35      46             -0.21112813421141535               
13      45             -0.21249895101142807               
2       50             -0.21291906634828145               
7       29             -0.21302156386065266               
40      51             -0.2140017533698035                
12      24             -0.21445499077873587               
4       12             -0.21454574124520243               
21      47             -0.21461552878669687               
8       49             -0.2147271863017505                
14      31             -0.21557380996785275               
15      44             -0.21589118614813352               
30      33             -0.21650633380104423               
3       5              -0.21658475458530668               
21      49             -0.21666115376229597               
14      24             -0.2168546832674232                
27      43             -0.21793608349649174               
35      48             -0.2180629871541337                
29      31             -0.21811879035947118               
35      53             -0.21901613010851348               
10      32             -0.21920420886634204               
19      32             -0.21975207193164206               
7       27             -0.22051462115574133               
37      39             -0.2220737065468048                
8       38             -0.2239427720000831                
20      32             -0.2253687366842705                
26      49             -0.22586433561579988               
25      50             -0.22790657568431574               
5       40             -0.22830648193837022               
5       35             -0.22911827904349072               
20      25             -0.22954677578919397               
26      35             -0.23009588854176172               
1       22             -0.23030160015149861               
30      37             -0.23032575846240805               
17      20             -0.23053361218458462               
26      38             -0.2305366505190633                
44      47             -0.23084447067649017               
8       27             -0.23110451856475117               
35      51             -0.23180355852975743               
9       47             -0.23209424961277297               
14      52             -0.23323704859660788               
18      45             -0.23338966884486606               
29      52             -0.2337952762505545                
4       19             -0.23388220963303274               
1       44             -0.23507157387370348               
22      31             -0.2356163913066529                
14      44             -0.2357582302466673                
17      38             -0.23597463509527752               
37      43             -0.23737877727340118               
11      15             -0.239295984924826                 
9       53             -0.23998735301533008               
18      28             -0.24058265673615112               
14      25             -0.24208989687773147               
39      41             -0.2423725918363286                
48      53             -0.24251019046276753               
21      52             -0.24300527879973083               
15      33             -0.24556176867753543               
41      43             -0.24671022729247521               
35      38             -0.24673135881303407               
5       19             -0.2484951065201883                
31      46             -0.24900134281033887               
5       31             -0.2493389254824412                
13      44             -0.24949882162606063               
25      40             -0.24967309148352412               
21      42             -0.2510823598074564                
25      28             -0.25496917973679045               
13      16             -0.2571167337131246                
4       6              -0.25769936360428897               
7       24             -0.25800757384051265               
27      29             -0.2586943100002086                
27      34             -0.2589204226683926                
29      32             -0.2592366740592924                
24      35             -0.25957184137661493               
11      39             -0.2598349966549591                
17      45             -0.26005491329445024               
2       37             -0.2616964625031108                
22      34             -0.2624419037824478                
39      46             -0.26272868740062844               
10      29             -0.2636826695435591                
13      30             -0.2637639454047449                
23      38             -0.26417514158172967               
7       8              -0.26441302709595493               
5       16             -0.2654986466264835                
18      49             -0.26572742267161653               
28      45             -0.26972609418440857               
30      53             -0.27094390346680064               
8       9              -0.2717084677756967                
21      27             -0.2727066366940286                
43      45             -0.273931970843822                 
4       14             -0.27486000925553217               
24      46             -0.27601627264656914               
20      51             -0.27833330645120846               
29      51             -0.27862406046341304               
35      43             -0.2824997483145725                
10      39             -0.28363923295643156               
19      45             -0.28452680390445584               
10      20             -0.28554764658017684               
1       38             -0.2859833040298224                
6       33             -0.28600899745163577               
7       52             -0.2874574643908798                
8       48             -0.2876031531627862                
6       46             -0.2881297216969657                
6       51             -0.29188179331403885               
25      43             -0.29282354081309064               
9       21             -0.293358512052135                 
38      53             -0.2934003791870408                
20      40             -0.2945083975270073                
17      51             -0.29528284924513537               
29      41             -0.2957850192800031                
2       26             -0.2960488870572539                
6       16             -0.30094287401571757               
13      38             -0.3014268711620053                
9       39             -0.30252243439826393               
9       32             -0.30347178391854823               
32      38             -0.3036847281468374                
40      45             -0.30370706908160233               
5       34             -0.3051216487638422                
22      52             -0.3090938380577366                
4       15             -0.31435586682213346               
21      40             -0.3147089846599279                
23      29             -0.3187139586436005                
8       40             -0.32174119110848587               
13      24             -0.3221227717736266                
11      18             -0.3231422355004609                
3       27             -0.325059479858963                 
45      48             -0.3283495517935578                
8       32             -0.3284276531398467                
39      52             -0.32937300427857796               
20      31             -0.33142606176998335               
8       43             -0.33419617825498926               
44      52             -0.33492631304314613               
44      51             -0.3664468940089009                
2       18             -0.3826852050074098                
6       19             -0.39587221764145686               
