#======================================================================
# PARAMETERS USED FOR THIS COMPUTATION: 
#	Sequence type: RNA
#	Total number of sequences in alignment data: 355
#	Length of sequences in alignment data: 41
#	Value of sequence identity: 0.8
#	lambda_h: 8.0
#	lambda_J: 8.0
#	Number of gradient decent iterations: 500
# The First and Second columns represent sites and the
# Third column is PLMDCA Frobenius norm, average product corrected (APC) DCA score
#======================================================================
3       22             0.1178658519079572                 
13      40             0.10317101389005273                
14      39             0.08526621546162491                
12      41             0.08425879795750936                
3       31             0.0777177050612452                 
22      31             0.07771769699081184                
11      40             0.07319566184323038                
30      31             0.07074716391669753                
11      13             0.06891292524519743                
16      37             0.06781525001603549                
13      38             0.06423760923800695                
10      38             0.06085357090093977                
15      38             0.060288684788657725               
10      11             0.05855214114075522                
13      14             0.055271656913162936               
27      28             0.05512175602842906                
26      28             0.054312789131895106               
10      13             0.05395620259032948                
25      27             0.049102562492716315               
26      30             0.048444217177541875               
14      40             0.04722351349849101                
14      16             0.04617667047104292                
3       30             0.04604649024480422                
22      30             0.04604649004109374                
38      40             0.0457078504023282                 
14      38             0.044093713707223973               
1       24             0.043812039315047645               
39      40             0.04344316226457417                
32      33             0.04185967246697318                
37      39             0.04162902767139334                
38      39             0.041010109638378194               
12      25             0.04071765756026746                
13      26             0.03932294473672536                
3       40             0.038740555537844945               
22      40             0.038740548513425926               
35      36             0.03840118794161511                
10      26             0.0376480604714065                 
10      28             0.036943668027546374               
3       14             0.03636722270526818                
14      22             0.03636721494662757                
11      26             0.036213557931545654               
26      40             0.03606162899202939                
25      28             0.035499755150498136               
14      37             0.03423382605481036                
13      39             0.032436102547746724               
3       11             0.032369786326878855               
11      22             0.0323697720986326                 
32      34             0.03128204299828978                
25      26             0.031093757509794123               
34      35             0.02953860260893995                
34      36             0.02953860217534307                
14      26             0.029275706957165637               
33      34             0.028397563962772723               
26      39             0.027097407136552128               
10      14             0.02617751674849572                
3       26             0.02605605065918082                
22      26             0.026056044949306897               
16      39             0.025747491724383224               
32      35             0.025306554459232217               
32      36             0.025306554035857444               
37      40             0.025304622780531076               
26      37             0.024584398097305463               
3       13             0.024540688556219485               
13      22             0.024540681374314165               
10      40             0.02422750292257278                
10      25             0.023839406542748152               
10      15             0.02344482845095773                
25      41             0.023230394542325866               
2       23             0.023179307826696582               
12      15             0.02279129011440271                
13      15             0.022512571999848727               
16      26             0.022315562039901683               
9       16             0.0219885258946907                 
33      35             0.02188056495338908                
33      36             0.021880564558152335               
25      39             0.021599085461797896               
16      40             0.020658376391577006               
11      38             0.020146235817516255               
30      38             0.019919742406910364               
11      14             0.019294639340622567               
28      39             0.01916070150121943                
35      37             0.01913776833707219                
36      37             0.01913776789233175                
14      31             0.018739570673355604               
32      41             0.018432226712224463               
2       21             0.018179972354971874               
31      40             0.01789084817996281                
2       7              0.01781715964378628                
28      35             0.01689429926771549                
28      36             0.016894295238759932               
33      41             0.016759519145059222               
25      40             0.01671415718626295                
13      30             0.016315654883323996               
15      30             0.01628279003724286                
13      16             0.016252546283127813               
28      37             0.015882529490977453               
12      27             0.015252237005991806               
36      41             0.015191402867416645               
35      41             0.015191395768223773               
5       8              0.01516426297720875                
1       21             0.015085758263705375               
21      24             0.015063345837670564               
4       8              0.014927059158668994               
8       20             0.014927057659013233               
8       17             0.01492705645103446                
8       29             0.01492705592454998                
8       18             0.014927051758229781               
8       19             0.014899705417913987               
6       8              0.014887602900287553               
8       23             0.014858609300215729               
7       8              0.014785853007341691               
23      29             0.01478106253632576                
20      23             0.014781056855506153               
18      23             0.014781050899144256               
17      23             0.014781048158397952               
4       23             0.014781043398731902               
4       20             0.01477171190007881                
17      20             0.01477170914301687                
17      18             0.014771703406532874               
4       29             0.014771702819380866               
20      29             0.014771701156340897               
18      20             0.014771697049974317               
4       17             0.014771695904895563               
18      29             0.01477169541985697                
17      29             0.014771692611738593               
4       18             0.014771691262433218               
18      19             0.014771066338225954               
4       19             0.014771066287514574               
19      20             0.01477106468611409                
17      19             0.014771063549100127               
19      29             0.014771063016630663               
19      23             0.014750166530940058               
6       20             0.014748415635459387               
4       6              0.014748409807956338               
6       17             0.01474840706298413                
6       29             0.01474840652923954                
6       18             0.014748402408208572               
6       19             0.014742097451258589               
8       21             0.014735277301572959               
6       23             0.01473344675239506                
7       18             0.014659341920580424               
4       7              0.014659341869995242               
7       20             0.014659340291123452               
7       17             0.014659339138396205               
7       29             0.014659331156671354               
7       19             0.014647383203298947               
6       7              0.014628621122482081               
7       23             0.014625048495662825               
18      21             0.014608135382338086               
4       21             0.014608135331771993               
20      21             0.014608133756306041               
17      21             0.014608132601203291               
21      29             0.014608132070259384               
19      21             0.014597799015845278               
6       21             0.014572275337728438               
21      23             0.014571462342074896               
2       8              0.014528710251890016               
2       24             0.014520018415392473               
2       4              0.014507687734378515               
2       20             0.014507686454997594               
2       17             0.014507685093381753               
2       29             0.014507684579854609               
2       18             0.014507680332705268               
7       21             0.01448147221827608                
1       2              0.014469311060432019               
2       19             0.01445595964352301                
2       6              0.01444014949685326                
5       18             0.01434336672467433                
4       5              0.014343366674551578               
5       20             0.014343365178221393               
5       17             0.014343363967923108               
5       29             0.014343363441634241               
5       19             0.014314345859605504               
5       6              0.014301679315392876               
5       23             0.014246965144324122               
5       7              0.014193321636850421               
5       21             0.014142335057006086               
2       5              0.013898428098703008               
3       10             0.013025149112276556               
10      22             0.013025134102299774               
14      30             0.013021509412389796               
15      27             0.012656338170550618               
34      37             0.011903782385963395               
1       20             0.011871625038518602               
1       18             0.011871618681513471               
1       4              0.011871618633913714               
1       17             0.011871616063526928               
1       29             0.011871615563729503               
17      24             0.011839903632221573               
24      29             0.011839903126357978               
18      24             0.011839898831402705               
4       24             0.011839898783225215               
20      24             0.011839897634124567               
1       19             0.01176250318514608                
1       6              0.01176141675461325                
8       24             0.011754275354987909               
1       8              0.01174808188574103                
6       24             0.01174551583853941                
19      24             0.011745092014564723               
9       12             0.01162211047236849                
1       7              0.011591209281143967               
7       24             0.011578307109962334               
23      24             0.01151589881860371                
1       23             0.011491682564964294               
11      31             0.011245506675160485               
30      39             0.011234171621953636               
39      41             0.011137306092841769               
5       24             0.011124426384880072               
1       5              0.011111246377711742               
5       33             0.01104314417743598                
12      24             0.010988503848641105               
5       9              0.01077423562199372                
9       10             0.010690363943476777               
11      30             0.010631338172974153               
9       14             0.01062531953634209                
1       12             0.01038290716906285                
10      37             0.010370291135216786               
22      27             0.009872616716291964               
3       27             0.009872612195635282               
9       23             0.009587442245834292               
34      41             0.009307266485645754               
33      37             0.00854488428860492                
40      41             0.008509624455347913               
29      34             0.008426272332412076               
18      34             0.008426268037453138               
4       34             0.008426267989275704               
20      34             0.008426266840185062               
17      34             0.008426265387694497               
2       9              0.008311652353407736               
19      34             0.00829700927079366                
6       34             0.008260575236135229               
8       34             0.008257882278838398               
15      28             0.00820078922773073                
7       34             0.008173750488032039               
30      40             0.008169028923431132               
9       37             0.008079619879397662               
23      34             0.00806676435810992                
27      38             0.00804431528172097                
21      34             0.008036272200331082               
3       38             0.007862719046403288               
22      38             0.007862711454866979               
5       34             0.007673668089791204               
2       34             0.007429642410979195               
32      37             0.0071042229240513635              
18      35             0.007059334919402027               
18      36             0.007059334459891764               
4       36             0.007059334412349509               
20      35             0.00705933383614895                
20      36             0.007059333376638617               
17      36             0.007059331845068052               
29      36             0.007059331345874435               
4       35             0.007059327421279175               
17      35             0.007059324853997739               
29      35             0.007059324354804129               
9       18             0.007053506357432335               
9       20             0.007053505742533002               
9       17             0.007053503886115364               
9       29             0.007053503414318492               
4       9              0.007053502587209                  
19      35             0.006881986627944189               
19      36             0.00688197872096117                
6       35             0.0068450519167646065              
6       36             0.006845051459269232               
28      38             0.006829935683387932               
20      32             0.006827209063777651               
17      32             0.006827207469881323               
29      32             0.006827206975944099               
18      32             0.006827202606590969               
4       32             0.006827202559549321               
8       35             0.0067826307535723                 
8       36             0.0067826303022998705              
7       35             0.006749708358507106               
7       36             0.006749707903240587               
9       19             0.006740936359496748               
6       9              0.006717584268637326               
15      25             0.006658878055507404               
19      32             0.006626484980113756               
6       32             0.006588694109004575               
21      35             0.006571325706410142               
21      36             0.006571325251315353               
23      35             0.006559331148882068               
23      36             0.006559330700396299               
9       39             0.006513656073510697               
8       32             0.006471701473871917               
7       32             0.006468459054459093               
9       21             0.006441114099147514               
7       9              0.006407859868384387               
8       9              0.006389582833418846               
21      32             0.006333671173567805               
23      32             0.00620030125481727                
8       33             0.006197055807270736               
5       36             0.006184385406740753               
5       35             0.006184378407264907               
26      35             0.006018782204249659               
26      36             0.006018781896531898               
10      16             0.0060133076437181715              
28      34             0.005906917043049159               
2       35             0.0057664855816561625              
2       36             0.005766485141490023               
5       32             0.005722030361467942               
18      33             0.005624331850630833               
4       33             0.005624331806715635               
20      33             0.0056243314184342                 
17      33             0.005624329435295193               
29      33             0.005624328974185661               
5       27             0.005418436008739917               
2       32             0.005353333739477016               
19      33             0.005337751890378127               
6       33             0.005310202803420566               
9       25             0.0052238233963516414              
5       12             0.005200280112212297               
7       33             0.005131034622898094               
21      33             0.004994060663511726               
24      41             0.004936662338267825               
23      33             0.0046808806127284636              
26      31             0.004480663795042604               
8       27             0.004458653866935919               
11      16             0.0042595619569452126              
24      34             0.004257425435129698               
23      27             0.004231467778829635               
19      27             0.004147947161255668               
1       34             0.004089023780323754               
1       41             0.00406200627366133                
10      30             0.0036053205946375982              
27      39             0.0035704644315510195              
2       33             0.0035673694151503316              
7       12             0.003046874141292691               
18      27             0.0030393206986756155              
4       27             0.003039320658824028               
17      27             0.003039318506838598               
27      29             0.0030393180883969903              
20      27             0.00303931354531662                
26      38             0.0029304168309546366              
6       15             0.002440014983807505               
6       27             0.002420043081358139               
24      35             0.0023810866120664784              
24      36             0.002381086178469098               
12      33             0.0022081839502456208              
2       27             0.0021960652678371245              
1       36             0.00215480003526293                
1       35             0.0021547967383704417              
7       27             0.0020651718356405058              
10      35             0.0020648716963966862              
10      36             0.0020648712890040735              
21      27             0.0019962582874556364              
12      13             0.001925553626661712               
24      32             0.0018268692024822689              
15      32             0.0016726650861699985              
12      32             0.001585582651150691               
1       32             0.0015313458813182093              
28      32             0.0013175237292180689              
33      38             0.00122027621837726                
11      12             0.0012128445198053006              
9       15             0.0010256043885152888              
2       12             0.0007939189610973868              
24      31             0.0007744547192064036              
11      28             0.0006954074921504891              
12      18             0.0006785951377189028              
12      20             0.000678594837382078               
12      17             0.0006785927627859789              
12      29             0.0006785923093897001              
4       12             0.0006785913692479995              
1       33             0.0006494942583918639              
15      17             0.0005070166804082912              
15      18             0.0005070153060939692              
15      20             0.0005070150839439                 
15      29             0.0005070125062953124              
4       15             0.0005070115380586479              
9       24             0.00044949422084365753             
13      28             0.0004124709246167771              
24      25             0.0003388294431958469              
6       12             0.00031144437923922436             
16      17             0.000296566237545412               
4       16             0.00029656154770053844             
16      29             0.0002965582501550934              
16      18             0.0002965541482446987              
16      20             0.0002965524219352006              
27      41             0.00029452361796023646             
12      19             0.00024062538185093407             
16      19             0.00013253260567800546             
6       16             0.00012123713259697133             
15      19             0.0001016146357443043              
8       16             3.2017581999749245e-05             
11      15             -3.090066837900529e-06             
12      21             -1.9461050286738446e-05            
16      21             -5.0824966104590086e-05            
7       16             -6.412322576616891e-05             
1       9              -0.00015576292481739307            
16      23             -0.00016667414098715805            
8       12             -0.0002057257704737997             
7       15             -0.00024252386221687572            
15      21             -0.000260784114586278              
24      33             -0.0002620959555059005             
10      12             -0.0003200508683291886             
8       15             -0.0004051407400096907             
35      39             -0.00046335807549001407            
36      39             -0.0004633622254085201             
5       16             -0.0005251650752683759             
1       25             -0.0007047867258672055             
12      23             -0.0007450712636057968             
9       33             -0.0008203146448576004             
2       16             -0.0008536199411974116             
15      23             -0.000943435795286808              
15      33             -0.0009752404163113348             
9       11             -0.0011107500702736278             
14      28             -0.0011257887222210702             
27      33             -0.0011568398312875525             
10      39             -0.0012099096985933797             
27      32             -0.001304362079618572              
15      31             -0.0013122408993802986             
12      26             -0.0013865490131035677             
5       15             -0.0014086024286172338             
1       31             -0.0015306039066674965             
35      38             -0.0016803059247614827             
36      38             -0.001680306333886196              
28      30             -0.0018964887673845465             
13      31             -0.0019346208745477864             
5       41             -0.0019388485424733995             
9       26             -0.0019869934356764596             
11      25             -0.00214956425105587               
1       27             -0.002317628241932164              
2       15             -0.0024399368118767917             
12      28             -0.0026016453590670605             
27      31             -0.0030413442949706396             
31      41             -0.003096558257521101              
32      38             -0.003200745472112111              
24      30             -0.003368324425705567              
14      15             -0.00345192111615069               
7       41             -0.0035581809065243775             
24      27             -0.003626916902744047              
37      38             -0.003631597135139053              
26      32             -0.003668443032458543              
2       25             -0.0036952806939576782             
28      33             -0.003797534951270977              
9       41             -0.003951583736071837              
3       39             -0.003965655658049287              
22      39             -0.003965663537261591              
1       30             -0.00397931074334644               
16      24             -0.004050704269579604              
9       34             -0.004110845054896124              
5       25             -0.004218597896546231              
14      25             -0.004273174429104923              
23      25             -0.004277662751739374              
1       16             -0.0042856534383472825             
19      41             -0.004298917598968097              
26      33             -0.00441220353990647               
11      27             -0.004416069192490789              
13      41             -0.004458730523853045              
15      26             -0.0048084453757091805             
7       25             -0.004821744190775287              
27      30             -0.004854124006242404              
37      41             -0.004917139237784217              
15      41             -0.004947592467976526              
8       41             -0.005127314775528101              
11      39             -0.005188488523656894              
8       25             -0.005207387956934477              
25      37             -0.0053093308223033375             
17      41             -0.005396873162257142              
29      41             -0.005396873572209485              
20      41             -0.00539687429783034               
18      41             -0.005396878465468324              
4       41             -0.005396878504511406              
34      39             -0.005409495566190414              
26      41             -0.0056266431205688056             
19      25             -0.0057864618767311735             
26      34             -0.005862725630516714              
6       41             -0.005978790094831203              
17      31             -0.006078623057848655              
18      31             -0.006078624125211797              
4       31             -0.006078624173537751              
29      31             -0.006078627290561411              
20      31             -0.006078629074429215              
28      40             -0.00610259060107015               
11      41             -0.006121565948182722              
3       28             -0.0061301085320503365             
22      28             -0.0061301104414374155             
34      38             -0.006208091849774257              
19      31             -0.006301812955834138              
6       31             -0.006365983077756127              
7       31             -0.006456256440699436              
15      39             -0.00647559257931396               
21      41             -0.006489300239573961              
8       31             -0.006520148377169979              
18      25             -0.006538455914235637              
17      25             -0.006538458037315759              
25      29             -0.006538458442631054              
20      25             -0.006538459117906827              
4       25             -0.006538459678127398              
21      31             -0.006617456332131129              
28      31             -0.006728627422621654              
12      30             -0.006800322690956276              
23      31             -0.006868843658966374              
9       31             -0.0068961156904702794             
2       41             -0.00696377930197848               
10      34             -0.006993040131872109              
18      37             -0.007037813619213511              
20      37             -0.007037815038733804              
17      37             -0.00703781633707172               
29      37             -0.007037816855935561              
4       37             -0.007037821119209711              
5       31             -0.0070836244351992345             
6       25             -0.007148645461340801              
9       32             -0.007309636942469652              
19      37             -0.007319633586564379              
15      24             -0.007356000471666374              
6       37             -0.007363957730790911              
12      40             -0.007375875895690755              
9       35             -0.00741138518288114               
9       36             -0.007411385587278468              
23      41             -0.007488652227382091              
7       37             -0.007503822870310713              
21      25             -0.007509193617360126              
8       37             -0.007585124941874709              
2       31             -0.007609407040270626              
21      37             -0.007627087679751156              
12      39             -0.007665831586104267              
9       28             -0.007763453240062647              
15      40             -0.007764811678784379              
23      37             -0.007797450501752096              
16      33             -0.007858195822550186              
10      33             -0.007931285283193576              
11      32             -0.00804497598120607               
1       15             -0.00805872426880131               
5       37             -0.008111925665525925              
30      37             -0.008205142098627126              
16      34             -0.008360971368524824              
31      37             -0.008382654913061047              
25      38             -0.008422003537440957              
3       41             -0.008509340783875753              
22      41             -0.00850935847994106               
13      37             -0.008511709790303815              
2       37             -0.008810686935994322              
22      29             -0.009168557565030655              
4       22             -0.00916855802565631               
17      22             -0.009168560758863922              
18      22             -0.009168561700331646              
20      22             -0.009168563335135632              
3       29             -0.009168563939723297              
3       20             -0.009168569709827476              
3       18             -0.009168571800315037              
3       4              -0.009168571850929987              
3       17             -0.009168574584137237              
30      41             -0.009421247658541111              
19      22             -0.00944318185669557               
3       19             -0.009443192014346825              
29      30             -0.00944576799034419               
4       30             -0.009445768759336441              
17      30             -0.009445771234376663              
18      30             -0.009445772438792653              
20      30             -0.009445773215429117              
8       30             -0.009483313316580574              
6       22             -0.009521501406034576              
3       6              -0.009521507818115033              
7       22             -0.009586372513004288              
3       7              -0.009586378966442509              
31      33             -0.00958732958229589               
3       8              -0.009760129611124733              
8       22             -0.009760130534154636              
21      22             -0.009809860211428482              
3       21             -0.009809874118633717              
19      30             -0.009815346201950563              
6       30             -0.0098874991355552                
7       30             -0.010091647002438198              
22      23             -0.010225054710723491              
3       23             -0.010225061289982282              
21      30             -0.010264591667188808              
5       22             -0.010374251526122404              
3       5              -0.010374261782074727              
13      25             -0.010447339330052131              
24      28             -0.010448598228399872              
16      32             -0.010640082858720847              
16      35             -0.010641845614159921              
16      36             -0.010641846074282549              
23      30             -0.010797843152943187              
16      28             -0.010962076353802933              
32      39             -0.011019928959444612              
5       30             -0.011028982595188405              
12      34             -0.011230030452016669              
2       22             -0.011244329723402328              
2       3              -0.01124433273174618               
31      38             -0.011373313536609052              
16      27             -0.0114003584043764                
26      27             -0.011531209650829627              
2       28             -0.011641674132276493              
10      31             -0.011656635133828287              
11      37             -0.011850897644201622              
14      41             -0.011964780068806496              
1       28             -0.011971685133999571              
9       27             -0.011978979434847693              
24      37             -0.012085872199087064              
2       30             -0.012124695084062408              
24      40             -0.012136720613638775              
23      28             -0.012148400808804374              
1       37             -0.01243878547373796               
16      38             -0.012641147516833949              
15      34             -0.012786220331099288              
27      34             -0.012924181979243249              
1       13             -0.013119717271217683              
33      39             -0.013255392434035354              
15      16             -0.013377159684862479              
31      34             -0.013437455223792881              
16      31             -0.013500134245307042              
1       40             -0.013599400208885046              
30      33             -0.01373912636422752               
25      30             -0.013745078281921765              
12      31             -0.013775928933754643              
16      25             -0.013915037842315417              
11      24             -0.014281881969595359              
31      32             -0.014282353692258026              
11      33             -0.014284473827552852              
9       40             -0.014392964138358146              
12      35             -0.014413945181447375              
12      36             -0.014413945570072771              
31      35             -0.01443309696086395               
31      36             -0.014433097395797491              
25      32             -0.01449787083366337               
21      28             -0.014545905734123704              
27      40             -0.01456742596397248               
16      41             -0.014653449896428118              
13      24             -0.014686434717921866              
1       11             -0.01481903078803138               
28      41             -0.014914146581033454              
22      25             -0.015036630804888255              
3       25             -0.01503663180902557               
9       13             -0.015052269105862492              
35      40             -0.015304544510568653              
36      40             -0.015304544889130162              
7       28             -0.015306421824865336              
18      28             -0.015432243752345844              
4       28             -0.01543224378608643               
28      29             -0.015432244099708892              
17      28             -0.015432245608077919              
20      28             -0.015432251671425659              
22      24             -0.015626045873975918              
3       24             -0.015626056454787256              
19      28             -0.015657404962807556              
8       28             -0.015734695471800016              
6       28             -0.015751220306126267              
16      30             -0.015800911716578027              
12      16             -0.015916567432975794              
25      33             -0.015918526589376987              
5       28             -0.01595246622962851               
6       14             -0.015984382974995735              
6       38             -0.016033534828844467              
1       22             -0.016084303451167785              
1       3              -0.01608431040316985               
1       39             -0.016312913438689215              
25      31             -0.01631554196475868               
15      35             -0.01632220029309874               
15      36             -0.016322200677803912              
11      34             -0.01633204454288592               
5       38             -0.016566798645595328              
2       11             -0.0166535672869984                
30      32             -0.016665747245647976              
25      34             -0.016751148575156832              
25      35             -0.016763407105508756              
25      36             -0.016763411178212173              
14      29             -0.01709001232469371               
14      18             -0.017090013006924365              
14      20             -0.01709001389572095               
14      17             -0.017090015562165294              
4       14             -0.017090016778673597              
10      32             -0.017099386531354975              
21      38             -0.017123650105402365              
5       11             -0.017206200656863936              
13      27             -0.017365626493989234              
23      39             -0.017437042583783674              
7       11             -0.01748976704218893               
27      36             -0.0175270867263001                
27      35             -0.017527088230281006              
8       11             -0.01756086945849769               
14      19             -0.01762361907128314               
11      19             -0.017660643294954613              
11      21             -0.017688763064935595              
6       39             -0.01771644670658698               
18      38             -0.01780313784600844               
17      38             -0.017803140346215003              
29      38             -0.017803140823527165              
4       38             -0.01780314534204734               
20      38             -0.017803146005773512              
14      21             -0.017910804549665947              
7       14             -0.01794868862803202               
11      23             -0.017996695752117688              
19      38             -0.018222150247994832              
8       14             -0.018279028131982074              
11      18             -0.018335971463938942              
4       11             -0.01833597150452377               
11      17             -0.018335973696104277              
11      29             -0.018335974122244927              
11      20             -0.018335975023624593              
8       38             -0.018340444373131592              
2       39             -0.018425774126418402              
7       38             -0.018466465516734247              
23      38             -0.018535802284059127              
2       38             -0.01854872142141463               
9       30             -0.01854881187365865               
34      40             -0.018591716599614713              
14      23             -0.018741751473515797              
6       11             -0.018778802742886992              
5       14             -0.018834455282482204              
24      39             -0.018850507098567455              
29      39             -0.01908574729828664               
18      39             -0.019085747933227204              
4       39             -0.01908575170569842               
20      39             -0.0190857526769106                
17      39             -0.01908575425346766               
9       38             -0.019102096046468613              
10      21             -0.019274772026890083              
19      39             -0.01940713798854657               
3       34             -0.019484670044629976              
22      34             -0.01948467063968018               
6       10             -0.019591813815148178              
7       39             -0.01959927121376838               
21      39             -0.019673116540561635              
8       39             -0.01969445204306789               
30      34             -0.019837178775544743              
10      17             -0.01993122097256375               
4       10             -0.0199312222534984                
10      29             -0.019931225173145425              
10      18             -0.019931225933522853              
10      20             -0.019931226608161497              
5       39             -0.020184210626277316              
10      19             -0.020300366816140614              
2       14             -0.02031705747080044               
8       10             -0.02042802133764747               
7       10             -0.020594003785524014              
10      23             -0.021098563903907366              
2       10             -0.02110949992652593               
7       13             -0.021340705388796934              
5       10             -0.02134728414407539               
12      37             -0.021572373796324977              
8       13             -0.021728542173366713              
13      19             -0.021766597488328508              
11      35             -0.02180751265957214               
11      36             -0.02180751488748072               
30      35             -0.021842828412291654              
30      36             -0.021842828824798363              
1       14             -0.022012335941296604              
1       10             -0.02205674133067117               
3       35             -0.022207564329510952              
22      35             -0.022207564818485917              
22      36             -0.022207565274020534              
3       36             -0.0222075685103358                
24      38             -0.022266866279814133              
13      17             -0.02243223719252544               
13      29             -0.022432239506727507              
13      18             -0.02243224227780788               
4       13             -0.022432242320813305              
13      20             -0.022432244409345506              
15      37             -0.022585382311008616              
1       38             -0.022936965430255897              
6       13             -0.023071423018664487              
14      27             -0.023295112745927445              
3       9              -0.02330826460290234               
9       22             -0.023308264656138736              
3       32             -0.023337646450949004              
22      32             -0.023337646856322405              
13      21             -0.023405299073585947              
3       16             -0.023544296265984012              
16      22             -0.023544297353234316              
10      24             -0.023554341062775264              
1       26             -0.023564697911254907              
14      24             -0.0237092349069372                
12      38             -0.023876042680801804              
27      37             -0.023923441056011963              
10      41             -0.024104080216137795              
2       13             -0.024185488226560366              
13      23             -0.024273015475432577              
38      41             -0.024345358360655676              
5       13             -0.024525534458209264              
3       33             -0.024626064147487345              
22      33             -0.024626065893389205              
32      40             -0.024635415363427407              
3       12             -0.024709221719209834              
12      22             -0.02470922893036978               
3       37             -0.02481052173955655               
22      37             -0.0248105262666721                
14      33             -0.025570817760649428              
33      40             -0.025605316181052648              
3       15             -0.026144519708830916              
15      22             -0.02614452684724887               
13      33             -0.02615471592819968               
24      26             -0.02659063708353769               
21      26             -0.026976925656164698              
31      39             -0.02733553739214433               
12      14             -0.02770710984262082               
8       40             -0.027908888734165013              
19      40             -0.028079286708783388              
2       26             -0.028208141960754628              
6       26             -0.02821272810756749               
7       40             -0.028237863954006633              
5       26             -0.028409899328992856              
13      32             -0.028613538691110663              
18      40             -0.028757870535040198              
17      40             -0.028757870985826467              
29      40             -0.028757871427481548              
4       40             -0.028757872439747742              
20      40             -0.028757876222593938              
19      26             -0.02898179244949007               
6       40             -0.029274362315388616              
8       26             -0.02933237237965316               
14      34             -0.02947033004804519               
21      40             -0.02949605363577682               
18      26             -0.02950294209084125               
4       26             -0.029502942125032114              
26      29             -0.029502943399020126              
17      26             -0.029502943971338652              
20      26             -0.029502947296778367              
10      27             -0.029590747998638985              
13      35             -0.029639130985771735              
13      36             -0.02963913137282053               
23      40             -0.02971946905623324               
5       40             -0.03003924344240496               
23      26             -0.0303661869070867                
2       40             -0.030384724369879518              
7       26             -0.03065770024983975               
13      34             -0.03140778746645667               
14      35             -0.03282644655057247               
14      36             -0.03282644883134796               
14      32             -0.032930626106005056              
