#======================================================================
# PARAMETERS USED FOR THIS COMPUTATION: 
#      Sequence type: RNA
#      Total number of sequences in alignment data: 457
#      Length of sequences in alignment data: 41
#      Effective number of sequences: 134.5692348952767
#      Value of sequence identity: 0.8
#      Value of relative pseudocount: 0.5
# The First and Second columns represent sites and the
# Third column is MFDCA Frobenius norm, average product corrected (APC) DCA score
#======================================================================
19      27             2.554977304362515                  
1       15             2.422451726611718                  
17      29             2.3710498288242654                 
4       12             2.313725437683112                  
3       13             2.096806014771068                  
16      30             1.9953501815029515                 
2       14             1.9756711936228357                 
18      28             1.8795569120122366                 
20      26             1.2109794138343322                 
34      35             0.48699402417618926                
6       8              0.4635778659860147                 
14      33             0.41565897269178337                
7       11             0.4010842785312832                 
40      41             0.38698405938161645                
5       11             0.37474197897238465                
20      25             0.36044167607294664                
9       38             0.3588398938564447                 
5       34             0.34455062532183217                
36      40             0.3382620600897371                 
5       27             0.32689991741322305                
39      40             0.32026723035612253                
31      33             0.3164999418140281                 
5       35             0.3164988663064607                 
23      24             0.30984349908646835                
31      38             0.2985941178947902                 
5       6              0.29725047922167863                
10      31             0.29704173254776123                
25      26             0.2917598617415611                 
7       29             0.2905755460325083                 
21      22             0.2869699811301637                 
2       33             0.28543783944915                   
9       33             0.27737449115041013                
31      34             0.27549394797156646                
1       8              0.27436293054857713                
6       18             0.27400133191418824                
32      41             0.27237271681300973                
20      32             0.26951005694225305                
27      34             0.2588037635568088                 
21      37             0.2513523914945667                 
9       32             0.25036473147979965                
2       3              0.24830638993640214                
7       34             0.24760964335927937                
13      14             0.24550697807825334                
11      34             0.24512745024471244                
21      24             0.24334009262559758                
25      38             0.2396222007597525                 
28      36             0.23646050107750177                
24      35             0.23304841992566222                
4       30             0.22593306976897232                
22      39             0.22127209470831682                
35      36             0.22091789024317804                
11      31             0.2208892412024216                 
28      29             0.22057114391626303                
5       7              0.21980902218256282                
6       31             0.20354342334177722                
5       26             0.2022758122628751                 
19      37             0.20194473597785617                
5       8              0.19286875223104172                
10      13             0.19115504148038287                
9       21             0.19012276631735625                
11      39             0.1847927572188514                 
13      41             0.18335844630929204                
10      28             0.18210276701228173                
33      41             0.181396665198355                  
7       37             0.18079591851350962                
8       15             0.17996145210458286                
31      39             0.179914182176872                  
9       25             0.17985016648840485                
4       41             0.17791143231495787                
8       20             0.17544732535737367                
7       8              0.174950747028092                  
6       21             0.17353035148874635                
3       21             0.17303505448602047                
18      37             0.17076208076737948                
7       27             0.16839798430385017                
19      31             0.1677791211352036                 
2       10             0.16729148174984743                
22      25             0.1667807548791836                 
14      16             0.16553401184693006                
4       36             0.16381937414657355                
4       18             0.1606229948730773                 
22      31             0.1578331040967471                 
39      41             0.1574195050113299                 
13      15             0.1557438451020659                 
5       23             0.15494572663963846                
11      20             0.1538560154746541                 
22      40             0.15099633873114116                
28      40             0.1509658646329597                 
7       25             0.1508903210257041                 
12      13             0.1477560290347958                 
30      41             0.1474499327840485                 
22      34             0.1458380718868989                 
16      20             0.14413271835890373                
18      23             0.1422777755048994                 
32      34             0.14139761097055392                
23      29             0.1411942506865736                 
37      38             0.14049684557956588                
33      34             0.13957984056535                   
26      27             0.1395239921607218                 
32      35             0.13895615373662656                
4       40             0.13654734022223225                
1       24             0.13552971491504778                
2       23             0.1348630946870918                 
9       10             0.13439769104851884                
1       3              0.13414865952728727                
4       16             0.13403869013690117                
24      34             0.13361620157127496                
2       40             0.13293927013847245                
12      40             0.13220925844699477                
9       41             0.1296862201266631                 
3       9              0.12955965388424945                
26      40             0.12826124687269252                
24      32             0.1276201886607079                 
7       39             0.12463478059696687                
21      39             0.12425633062151653                
9       24             0.12344081863228057                
17      25             0.12112443196720202                
2       13             0.11915293651209147                
17      39             0.11820615120031008                
33      38             0.11796839388312763                
18      38             0.1170609612869638                 
10      29             0.11680470534434367                
20      30             0.11672884408792561                
8       9              0.1166788911321111                 
8       12             0.11638498014684051                
2       22             0.11553516505261552                
16      22             0.11496278657381487                
18      34             0.11440228469202723                
28      32             0.11274325841223715                
17      28             0.1126313474976583                 
19      34             0.11252462169499566                
21      40             0.11249661627768681                
12      38             0.11064799011144233                
13      25             0.1090818390676                    
26      41             0.10636840917124374                
36      38             0.10526805376480575                
10      27             0.10510794705601434                
24      33             0.1031923589526263                 
7       35             0.09958302300596805                
30      34             0.09866910018553154                
31      36             0.09744037953828599                
5       16             0.09737502442744522                
16      40             0.09729961735602138                
18      32             0.0955449901758918                 
11      40             0.09496768629434904                
18      35             0.0949247558549372                 
24      25             0.09473526915098252                
35      38             0.09432853424293242                
13      26             0.09386039151913061                
35      37             0.09116975253901438                
6       32             0.0897001789563373                 
5       38             0.08936178509857723                
3       41             0.08896283990907627                
6       30             0.08871104310457567                
26      28             0.0883634711407788                 
19      20             0.08756255509422511                
11      36             0.08703021127291899                
10      11             0.08671693753696985                
10      25             0.08659250417466646                
2       24             0.08615066600880877                
7       17             0.08325834161627338                
20      36             0.08308388154181512                
9       16             0.08233652708377787                
6       10             0.07919503186729371                
10      32             0.0791204451823233                 
19      21             0.07834303396773334                
9       17             0.07756931036755738                
14      22             0.07656951206489876                
36      37             0.07654348847052045                
8       10             0.07644787021747962                
9       11             0.07621039453858913                
14      30             0.07571570926943244                
12      18             0.07494469153431788                
9       29             0.07363421311622709                
15      38             0.07360777418186604                
21      33             0.07292077121354229                
14      15             0.07261954556750921                
11      18             0.07108093418766909                
33      39             0.070843862185691                  
31      32             0.07046183567133801                
16      41             0.0700730788298668                 
7       10             0.06949965362698207                
17      23             0.06931935078418433                
3       32             0.06909699922600177                
1       31             0.0683308917446338                 
34      39             0.0683145199630239                 
15      36             0.06679218910250001                
11      41             0.06619192531896367                
21      25             0.06600977321076507                
22      23             0.06599658216950843                
4       38             0.06531646575458733                
11      32             0.06356135166326288                
32      33             0.06279948547838121                
22      28             0.06278870776357387                
10      37             0.06182251856496629                
24      31             0.061275812205370705               
19      39             0.05996150468265854                
25      37             0.05932245014212695                
33      40             0.05840302443929024                
29      36             0.0577934202390179                 
21      26             0.05743148721200475                
8       31             0.05707725399311564                
11      35             0.05679577468596436                
23      25             0.05675418339185495                
9       22             0.05672266063798864                
3       29             0.05635082623783694                
5       37             0.05624611106398636                
10      39             0.055741009776161865               
21      28             0.055563262480984976               
18      29             0.05508708948984842                
3       6              0.05432600586874348                
5       21             0.05391448987992009                
8       41             0.05340499053802078                
12      25             0.05335615293203266                
5       9              0.05279213768622171                
11      38             0.05248600810545323                
38      40             0.052277551406261946               
32      37             0.052162418117067455               
10      19             0.05202187673718828                
6       12             0.051308000327506986               
35      41             0.05100922783733175                
8       39             0.05098235680016883                
14      41             0.050905963904885776               
4       6              0.05086162590249732                
16      26             0.05048873959106187                
16      37             0.05001836328857451                
17      19             0.05001721356093647                
1       16             0.04989855918120706                
16      35             0.04947516207586977                
34      37             0.04902887951191115                
8       23             0.04866801529636866                
14      23             0.04856501770486038                
5       30             0.04823162412981474                
22      24             0.048132350908184296               
8       16             0.04803785214729528                
15      32             0.04517161681608417                
4       23             0.044858355592032606               
23      35             0.04474083829222808                
5       31             0.04473699941461978                
13      35             0.04424351664678383                
12      15             0.04405746574531627                
11      37             0.043999058721073014               
15      23             0.04389825646023782                
6       25             0.043736104962746325               
24      39             0.04352896198332645                
18      33             0.04348240609223897                
8       14             0.04339974778034167                
2       39             0.04040069284609282                
24      26             0.040272615723374816               
1       6              0.039244850534955744               
12      24             0.03804014301247344                
1       13             0.037970285218262845               
7       21             0.03726389993890811                
8       30             0.03719467938319615                
28      41             0.03701645740830711                
9       37             0.03690581419730771                
17      21             0.03666285134745706                
18      22             0.03575216568242606                
10      35             0.034327137613118675               
7       33             0.033803756209099756               
27      37             0.032648735400858664               
17      32             0.032325886974730544               
24      41             0.032274798972953156               
24      30             0.0322740748643533                 
30      39             0.03197139434122259                
20      23             0.031570670126117584               
22      36             0.03143529686113122                
11      28             0.029997121655846615               
26      34             0.029601142514967094               
24      38             0.029326291891685452               
1       12             0.02920991409888224                
1       22             0.02802794504987194                
26      35             0.027549530203192618               
17      37             0.027477352278470424               
19      38             0.027253562153180866               
25      36             0.024590006325030833               
1       4              0.023612509603949505               
11      23             0.02261117811636887                
7       30             0.022572784953733938               
28      33             0.021214575221923715               
2       36             0.021152522411369112               
9       18             0.019299681151755066               
21      30             0.018759276899625144               
12      28             0.018732731434236316               
20      24             0.0182960750260015                 
30      32             0.018176930222175314               
3       36             0.017361577315098187               
13      40             0.017173675709353686               
16      23             0.017081249685587496               
12      20             0.016877670876422335               
24      37             0.016581291584522317               
8       19             0.016059115953202363               
6       11             0.015641619092973347               
3       14             0.014379095168380984               
3       15             0.013799246538225396               
5       32             0.01269372868486085                
26      37             0.011733812258948317               
16      24             0.009400373446898369               
2       6              0.008774370595279413               
27      30             0.008741175932430678               
15      16             0.008496326500621931               
20      38             0.00830722254821481                
5       22             0.008305776712941582               
31      37             0.008291557661646298               
10      23             0.008074558377469565               
8       25             0.007787288463866282               
8       13             0.007565653741274103               
1       33             0.007460369244223164               
23      26             0.007188205681702864               
6       35             0.006941263344810378               
29      37             0.00535737402833214                
9       39             0.004808156223866378               
7       36             0.004696784881657923               
21      29             0.004608964525403159               
24      40             0.004603851221034516               
28      37             0.004393428877216554               
15      30             0.004363704272165592               
20      39             0.0033539664169668915              
15      22             0.0031657603997403694              
1       2              0.002456246745054902               
6       37             0.0020425475735597054              
7       28             0.0014937875835629444              
8       11             0.0005164731025011915              
3       4              0.0003104223774998416              
3       24             0.00015741678571784545             
18      36             -0.000712784125673882              
8       21             -0.0010045305086241463             
31      40             -0.0011508025802637878             
26      39             -0.00115589272314226               
10      26             -0.0015411592133465768             
1       30             -0.001629048350596185              
6       39             -0.0018989815450318193             
9       40             -0.0027456446734789863             
33      37             -0.0031845665315601845             
21      23             -0.0038683413772369613             
11      22             -0.004617492644544308              
6       22             -0.0046506550068664                
10      14             -0.004820545086484551              
6       14             -0.0049996147146627035             
10      33             -0.0051032002747928296             
20      21             -0.005113395803767573              
1       23             -0.00574101418147871               
7       23             -0.006076077649434908              
10      38             -0.007148629746457136              
3       26             -0.0072387440813903026             
17      40             -0.00726056918561202               
1       38             -0.0075491568789812225             
5       18             -0.00811008472730479               
29      31             -0.008294558266987329              
3       37             -0.008377467725839638              
1       40             -0.008407345441632075              
19      23             -0.008689322957361745              
35      39             -0.008713514233307407              
13      36             -0.00878251651699763               
15      37             -0.008963724889102742              
12      16             -0.009494794437479248              
29      39             -0.010378575857546923              
32      39             -0.010523712181307654              
21      34             -0.011194106195834275              
3       10             -0.012241989798104369              
3       40             -0.012252341791688492              
31      41             -0.012313588566861655              
5       19             -0.01242049205643514               
3       11             -0.012435358535060614              
11      15             -0.012845147894729014              
27      39             -0.013886483918760795              
27      28             -0.013985712680237516              
6       15             -0.014709400315221888              
4       9              -0.015135831405072242              
23      38             -0.01565843842324588               
7       41             -0.016429706062186467              
27      35             -0.01647628198775536               
10      17             -0.016546701727212176              
8       34             -0.01656313231216061               
29      32             -0.016674871619309584              
17      24             -0.01703025512486095               
21      35             -0.018254668433058174              
23      41             -0.018268436202688143              
26      30             -0.018328247242140383              
4       15             -0.019525348554564004              
7       38             -0.020233985989217884              
22      26             -0.020400395624329604              
25      28             -0.020729076677611147              
38      39             -0.02233193293076019               
12      35             -0.022357007376721583              
6       23             -0.022476684222060672              
1       36             -0.02284242608412468               
34      38             -0.023622887935854153              
20      40             -0.023869982759954278              
14      32             -0.02393861381699086               
15      17             -0.02467430985464364               
14      37             -0.0248371853613214                
5       28             -0.025104988784804827              
5       10             -0.02552559517514541               
5       36             -0.025692870856554695              
19      29             -0.025999362677526228              
15      20             -0.02612719929751872               
22      32             -0.0266172504402597                
21      27             -0.02756459260995603               
38      41             -0.02775414544915461               
3       31             -0.029934719157191314              
4       28             -0.030542421092191963              
17      31             -0.030667244866118215              
11      25             -0.030883469612204728              
17      22             -0.03184609723137394               
8       33             -0.032587550241221674              
13      22             -0.033029340191164214              
9       13             -0.033261863133431324              
12      14             -0.0334091564068022                
13      23             -0.033603781204737615              
26      33             -0.03467990224338696               
35      40             -0.03535261833767267               
25      32             -0.0356649453054641                
1       25             -0.036184092035896454              
12      41             -0.036947674033620814              
6       16             -0.03708379579979498               
27      31             -0.03771403675867441               
27      29             -0.03807257045697349               
3       25             -0.03810034959668063               
21      41             -0.03820530643443898               
34      36             -0.03860458931914401               
12      36             -0.038630110567404397              
10      41             -0.038704877838870444              
13      21             -0.03924358343116047               
13      31             -0.039281885579224574              
2       21             -0.03954782773241028               
4       13             -0.04148793253755806               
16      36             -0.04196856227305812               
28      38             -0.04206905926059973               
17      36             -0.04237596908516533               
7       18             -0.04259476411216917               
25      34             -0.04277029115081782               
27      40             -0.042857118863169896              
19      35             -0.043193574037367566              
26      36             -0.043821620582060794              
1       39             -0.04432397588823367               
2       16             -0.04437713700972318               
22      41             -0.04442257834146979               
36      39             -0.044698383808511044              
14      20             -0.04477959256198927               
3       17             -0.04503736351787757               
23      36             -0.04505275890297139               
11      17             -0.04516361167490707               
17      27             -0.04527544805582073               
1       20             -0.04623261680093571               
7       24             -0.04803965523116066               
12      23             -0.048097848137952204              
30      36             -0.049193006432249387              
9       28             -0.049484348476408646              
13      33             -0.04962360086570339               
25      39             -0.05043135630275142               
16      27             -0.05057772178796005               
14      40             -0.05062546671830109               
6       38             -0.05170485303308625               
19      30             -0.05330252811387398               
20      37             -0.05345855955501072               
23      30             -0.053465207370610446              
8       18             -0.05357470040579648               
15      33             -0.05384634553041223               
21      38             -0.05448616496744785               
9       31             -0.054636079008699545              
13      24             -0.05473219035401028               
2       27             -0.05491743888219103               
11      14             -0.055272605488273785              
15      41             -0.05549546230835145               
23      27             -0.05592996252621735               
2       8              -0.05653796232731845               
15      31             -0.05689874919567728               
33      36             -0.057223945649242935              
8       17             -0.05734696313190707               
7       26             -0.05745538072820716               
4       8              -0.05776389741756499               
6       29             -0.05793963732205937               
19      26             -0.05856554148587084               
5       14             -0.05865676825287758               
32      36             -0.05892303374820029               
32      40             -0.05893904881752471               
17      26             -0.05916250047636429               
25      29             -0.059416795652860455              
19      24             -0.05951798332474029               
6       20             -0.06023036551698174               
12      22             -0.06127039805751827               
26      29             -0.06144832083201934               
23      34             -0.062435247652673276              
25      41             -0.06328868123230186               
5       12             -0.06342826272092228               
17      41             -0.06368907925942718               
4       7              -0.0640112960709302                
9       35             -0.06458772084009634               
16      39             -0.06475091596143973               
2       38             -0.06493606342730829               
22      33             -0.06523049009521753               
24      36             -0.0657934355227407                
13      20             -0.06639451002969132               
2       25             -0.06688218093263681               
22      29             -0.06727371869963056               
6       17             -0.06746175056364878               
26      38             -0.06749872238660154               
15      21             -0.06774001477882385               
1       35             -0.06854010126374827               
22      37             -0.06866528574245018               
31      35             -0.06950399359461346               
9       30             -0.06969323728018395               
23      40             -0.0716626364759479                
16      19             -0.0717079703268898                
14      34             -0.07205261806285312               
13      16             -0.07340670197505522               
27      36             -0.07487392365396783               
30      37             -0.0759807508330993                
20      33             -0.07732598306981614               
10      24             -0.0774005979212013                
20      22             -0.07767544760112383               
17      20             -0.07786597495820669               
29      30             -0.07794195343929011               
29      38             -0.0795354540633334                
18      41             -0.07954375089405963               
6       7              -0.07955838179562624               
19      36             -0.08032880554873673               
1       27             -0.08049718405972917               
37      39             -0.08128153576441693               
12      34             -0.08147266125836719               
4       20             -0.08163230795685206               
7       16             -0.08180018342185597               
1       37             -0.08230828761066916               
30      35             -0.08269918784729985               
7       12             -0.08383640548380888               
14      29             -0.0843969028371212                
7       40             -0.0845563586417416                
15      34             -0.08489375321307574               
23      33             -0.08519234494629402               
2       26             -0.08551593199151475               
7       19             -0.08580136331189353               
1       11             -0.08653938811051659               
12      30             -0.08668852971882868               
9       20             -0.0868615232120688                
8       32             -0.08687116661330124               
24      29             -0.08737096760438878               
19      32             -0.0882732843176291                
3       8              -0.08881015217993671               
15      35             -0.0889707998578787                
30      33             -0.08916213153894431               
10      22             -0.08940805988881712               
6       26             -0.08956281919991427               
18      19             -0.09136307031639351               
14      24             -0.0921584078847763                
14      25             -0.09241121946350006               
7       32             -0.0926115335773875                
20      34             -0.09268074887543443               
11      33             -0.09314764719958851               
2       41             -0.09415549952657748               
28      31             -0.09452614468273976               
25      40             -0.09469971605706651               
5       40             -0.09480503868988949               
10      36             -0.09517010861137432               
23      32             -0.09568908796425502               
2       28             -0.09618841188286398               
37      41             -0.09649456544763757               
6       41             -0.09661963348253644               
7       9              -0.09750901735592238               
14      36             -0.09754151917155268               
5       33             -0.09772530761781156               
22      30             -0.09790283553793755               
33      35             -0.09869587467047364               
3       33             -0.09883674867728248               
2       37             -0.1003369056053936                
4       24             -0.10037092314809493               
15      25             -0.10116632799851771               
12      32             -0.10125065698916158               
25      35             -0.10223631711237097               
20      31             -0.10298748171593897               
1       14             -0.10321269350660517               
6       40             -0.10351767467006517               
3       22             -0.10355715426764522               
36      41             -0.10381075046767796               
25      33             -0.10382912313881903               
11      29             -0.10408828784595597               
10      12             -0.10505651380074127               
19      33             -0.10538481664669519               
4       11             -0.10542371278146928               
1       10             -0.10562557782615495               
6       13             -0.10714337697834686               
5       24             -0.10754521111643411               
12      26             -0.10778135731419836               
6       28             -0.10783186185825566               
21      32             -0.1082262114104946                
16      21             -0.10860351329331741               
10      34             -0.10908803045483251               
17      18             -0.10917077942402237               
2       19             -0.10922524272206058               
3       28             -0.1096178469206675                
4       39             -0.10963760937316702               
18      25             -0.11036999566945471               
2       34             -0.11061262129527788               
8       35             -0.11072699122905999               
16      25             -0.1122116681454694                
18      27             -0.11254685608548215               
10      16             -0.11263157923854455               
23      37             -0.11298319419063069               
22      35             -0.11307663607502966               
2       18             -0.11379919796135185               
11      19             -0.1139561675772443                
8       38             -0.11411317370628007               
28      35             -0.11441243363686682               
20      29             -0.1144726700248887                
5       29             -0.11466801554399819               
2       29             -0.11472564117207457               
14      26             -0.11479893447836292               
4       25             -0.11515452151663258               
4       19             -0.1153601825663732                
10      18             -0.11548689181764099               
14      27             -0.11596088688643225               
3       39             -0.11602439126757386               
13      32             -0.1162885882659217                
7       14             -0.11704228286398233               
9       23             -0.11732717123265124               
3       23             -0.11739617823603227               
21      31             -0.11740744530404273               
8       27             -0.11767040486727881               
27      33             -0.11841157084361528               
14      31             -0.11850700498092356               
2       32             -0.11855404630440036               
28      34             -0.11937128686856907               
6       34             -0.11982682610749748               
20      41             -0.12092058985633125               
9       12             -0.1209489697073485                
23      39             -0.1213870723494081                
25      27             -0.12172538139823286               
27      38             -0.12203912916461035               
18      26             -0.1223660115385628                
22      27             -0.12274598412289142               
17      38             -0.12289682014389286               
17      35             -0.12313878926565008               
3       38             -0.12421105642413091               
10      21             -0.12463351172347009               
25      30             -0.1257327919997276                
4       21             -0.12654445351654925               
19      22             -0.12657887678281898               
2       30             -0.12706096141907863               
4       37             -0.12758162865292622               
6       36             -0.12805091969204185               
3       12             -0.1284798437503052                
20      35             -0.12917099589540282               
7       15             -0.1301404505688551                
18      39             -0.13014455255019944               
4       35             -0.13027317653623083               
10      40             -0.1309814171415099                
11      26             -0.1311535675184094                
9       27             -0.13146895523738938               
14      19             -0.13215098800350072               
9       36             -0.13275301911898219               
19      40             -0.13297087453473272               
4       22             -0.1337529179813513                
6       19             -0.13555621930802964               
2       15             -0.13586113701911706               
23      28             -0.13605948416308208               
27      32             -0.13869038786079368               
8       36             -0.1387298588119259                
26      31             -0.13999171302604846               
11      27             -0.14035157935345438               
26      32             -0.14091342549839064               
2       4              -0.14194969748784328               
5       39             -0.14203930031212425               
1       32             -0.14216373477042105               
5       20             -0.14227897747661256               
15      29             -0.14228424493757563               
19      25             -0.14309349039785674               
2       12             -0.1431900689727491                
6       9              -0.1433363922609278                
8       22             -0.14349197821353332               
37      40             -0.14350833945768499               
29      33             -0.14488042081620015               
29      35             -0.14488695716907016               
4       32             -0.14513440779516895               
29      34             -0.14529188184764494               
7       20             -0.14541834303209866               
18      40             -0.145476465838916                 
15      40             -0.14598441494618297               
20      28             -0.14709391878097294               
12      31             -0.14771585058951398               
11      24             -0.14897109762620137               
13      38             -0.14930608343932603               
4       5              -0.14955762248653937               
13      19             -0.14974506452921094               
10      15             -0.15011967165826723               
20      27             -0.15123411661027852               
18      24             -0.15133223204786264               
1       9              -0.1519426153898888                
7       31             -0.15229721590962977               
2       17             -0.15240712142912333               
1       7              -0.1532752120653056                
21      36             -0.15355526651053025               
4       14             -0.15385741979402892               
9       26             -0.15427909475446366               
14      17             -0.1543484501023369                
8       37             -0.15462310893882997               
17      33             -0.15465911591944392               
9       15             -0.1554985758943026                
11      30             -0.15551149389796873               
12      33             -0.1556840669226383                
16      32             -0.15611927216262295               
2       20             -0.15630639936067725               
16      38             -0.15661646611630198               
28      39             -0.1569581793152593                
1       18             -0.15731746648515665               
3       7              -0.15822519358923032               
1       21             -0.15889363429175396               
4       27             -0.15900252311810015               
15      24             -0.15919539988581016               
8       24             -0.16041559611147357               
6       33             -0.16314920984276937               
14      35             -0.16355900843367094               
6       24             -0.16488078547786927               
10      30             -0.16499138972342817               
15      19             -0.16702547284043084               
4       33             -0.16789463294049117               
13      30             -0.16841916506658214               
13      39             -0.16846660313851786               
2       9              -0.16882708437108931               
12      19             -0.1697175314871373                
17      34             -0.1707258422681852                
23      31             -0.17212261080085708               
3       35             -0.17274226900640954               
16      34             -0.17339347472139946               
8       29             -0.1749708137120001                
2       35             -0.17603751859627148               
3       30             -0.17768023308631026               
2       31             -0.1778992115724721                
7       22             -0.17861066779606746               
9       19             -0.17861586862001058               
18      21             -0.18080583652338422               
18      20             -0.18091391306256038               
22      38             -0.18222686002357358               
32      38             -0.18346200257191247               
4       34             -0.18351131473339113               
3       20             -0.18366793029863926               
11      12             -0.18429432386073272               
12      17             -0.1845306877840241                
19      41             -0.18486277863543216               
30      38             -0.18490601561208342               
12      39             -0.18526227015733207               
3       27             -0.18547156660569816               
3       18             -0.1861413860349111                
34      41             -0.18626185762923925               
15      18             -0.18726385592259942               
16      33             -0.1873414495680837                
12      21             -0.18781775445437118               
1       41             -0.18838589073208895               
10      20             -0.189220166157831                 
8       26             -0.18944428490681503               
14      39             -0.1899021426988825                
8       40             -0.19035996824422263               
18      31             -0.19048650524869504               
28      30             -0.1905532823442534                
25      31             -0.19071709707971182               
5       41             -0.19073560421035904               
4       17             -0.19092892698841696               
1       17             -0.19378334879089726               
4       10             -0.19401424650588794               
5       13             -0.19489823855128224               
6       27             -0.196299938233242                 
1       28             -0.19691110421435332               
13      18             -0.19831015804673413               
11      13             -0.19885066486765485               
30      31             -0.1993750882675421                
1       29             -0.19980441828035592               
17      30             -0.20025979791651305               
29      41             -0.20100935156218933               
5       17             -0.20133875577578333               
3       34             -0.20164833848826544               
14      21             -0.2028540067099605                
29      40             -0.20328620590057334               
13      28             -0.20443659076307646               
5       15             -0.2055417656976095                
16      31             -0.206962684675481                 
7       13             -0.20717825737235013               
13      27             -0.20722338517050687               
14      38             -0.20743524364550578               
24      28             -0.20763426402371685               
2       7              -0.20972290554255238               
9       34             -0.21054514775041186               
4       31             -0.21139450474182875               
4       29             -0.2115669124262356                
11      21             -0.21202017307349244               
1       34             -0.21335902591234104               
5       25             -0.21400631248253446               
4       26             -0.2146039068922028                
13      37             -0.21682464853870353               
13      34             -0.21697436779004617               
14      28             -0.2173752222770228                
3       16             -0.21752731766038044               
15      39             -0.21807036455910092               
12      29             -0.21844479678581516               
8       28             -0.22292658498198048               
15      27             -0.2229416303913466                
13      29             -0.22468184144657605               
27      41             -0.22498224006208986               
14      18             -0.2252533668117283                
16      18             -0.22532573855191942               
12      27             -0.22952390278716484               
15      28             -0.2337203991873019                
9       14             -0.23387070552166006               
16      17             -0.23725113502681922               
1       26             -0.23732837286521796               
24      27             -0.23869018140659728               
19      28             -0.2388522454521934                
2       11             -0.24182060571328182               
2       5              -0.2452852629707833                
12      37             -0.2454545640467337                
3       19             -0.2485076372875363                
34      40             -0.249570291279044                 
18      30             -0.25418371139873475               
13      17             -0.2543876573338898                
16      29             -0.2596450557096544                
16      28             -0.26221004470230713               
1       19             -0.264654484871773                 
15      26             -0.2665166455454372                
30      40             -0.27041033045211443               
3       5              -0.2767635554062092                
1       5              -0.28611453973844153               
11      16             -0.28638922874591105               
