#======================================================================
# PARAMETERS USED FOR THIS COMPUTATION: 
#      Sequence type: RNA
#      Total number of sequences in alignment data: 9283
#      Length of sequences in alignment data: 55
#      Effective number of sequences: 214.46654257895358
#      Value of sequence identity: 0.8
#      Value of relative pseudocount: 0.5
# The First and Second columns represent sites and the
# Third column is MFDCA Frobenius norm, average product corrected (APC) DCA score
#======================================================================
3       20             1.0251683072466968                 
51      52             1.0061708730910626                 
33      46             0.96223031207301                   
40      41             0.9217453043482291                 
2       21             0.8940303197127907                 
4       19             0.8664673812417221                 
38      39             0.8181953169084049                 
11      12             0.6865863308648956                 
23      55             0.6669615612752849                 
6       17             0.6611019600162311                 
5       18             0.6071965761254097                 
26      52             0.595030217458085                  
1       22             0.5626143612541228                 
16      17             0.5281351143116905                 
20      21             0.5214722810044746                 
8       10             0.49535580478148944                
37      43             0.41541311355300964                
32      47             0.4023856366512128                 
30      49             0.3989962857661942                 
10      11             0.3962194107530781                 
25      35             0.3892920357496366                 
21      22             0.36856564154210986                
10      13             0.36686302234379914                
32      33             0.3597502973835942                 
11      13             0.356154089939761                  
25      45             0.34864917044352106                
9       12             0.3468366670377707                 
38      43             0.33269825714168777                
36      50             0.32440938309939404                
46      51             0.3129020031256701                 
46      52             0.30930694163975586                
37      45             0.30669109844778797                
26      30             0.3024384188907361                 
22      26             0.2979636553610216                 
46      50             0.2953148429508448                 
46      47             0.29392164416111316                
25      53             0.28952116153612684                
21      51             0.2884363136344436                 
13      14             0.2871446163085035                 
3       21             0.2806383150328172                 
9       13             0.27898090535051334                
13      15             0.27579911117991895                
42      50             0.273604618952252                  
19      20             0.2724158106447321                 
8       18             0.2690309021063434                 
29      32             0.2645663848504948                 
32      38             0.2574863746961126                 
13      16             0.2569881232536098                 
45      54             0.2568889763110398                 
8       12             0.25670043039419627                
17      18             0.2566610317214051                 
19      21             0.254746994321481                  
9       10             0.25191504905581547                
29      47             0.24877562691153504                
43      54             0.245806154460603                  
46      48             0.24558459557369106                
17      20             0.24485730686411322                
30      50             0.23773662841939838                
27      44             0.23675682085478134                
43      45             0.23405011402458892                
44      50             0.23364088493902832                
38      42             0.23279858384696478                
6       24             0.23222261671278654                
26      46             0.22964396911692747                
47      49             0.22566846110702227                
5       54             0.22394507428577937                
9       36             0.22353882948664366                
17      19             0.22176271070543196                
2       37             0.21930420201799683                
5       41             0.2187529287384274                 
11      14             0.2178393698676498                 
20      22             0.21563022097009116                
12      37             0.21013394656435735                
8       11             0.2081098623313703                 
9       53             0.20625304919202636                
1       7              0.20494292409038978                
34      36             0.20482337653446897                
39      54             0.204490253423025                  
43      48             0.20311111147933908                
18      24             0.20175872377787601                
28      50             0.20132579887760219                
29      52             0.200497440473917                  
31      53             0.19985416735664752                
14      19             0.19935381374084127                
36      46             0.19861069122921626                
33      48             0.19762527727700724                
51      55             0.19660106096603852                
27      35             0.1941904228266763                 
37      41             0.1929533582559077                 
28      33             0.19190125150236842                
34      35             0.19061324971693905                
27      51             0.18995121632722534                
28      37             0.18752004007156503                
4       35             0.18683287941655663                
3       4              0.18631371978215538                
30      47             0.18458220649118756                
12      15             0.18435416420832756                
5       46             0.18344138831944712                
53      54             0.18325643098629762                
31      34             0.1825523643119708                 
18      38             0.18242503652055037                
50      55             0.18221161490626317                
7       35             0.1799054817967501                 
49      53             0.17957961363493846                
36      44             0.17941489329492016                
35      47             0.1777032892639327                 
2       34             0.17750840901064752                
10      12             0.17681729772156324                
13      36             0.17642140186364702                
9       37             0.17552888494767632                
29      41             0.17547412619179037                
39      48             0.1749339749645406                 
50      51             0.17401661241969946                
35      41             0.1738812588658194                 
49      50             0.17307435494237658                
17      32             0.17303651838082923                
50      53             0.17303044586401797                
3       34             0.1728306476688442                 
22      45             0.17254310487080549                
31      44             0.17216233043492307                
23      31             0.17199948808718674                
44      45             0.1716238789441018                 
20      48             0.1714820844432836                 
11      24             0.17140612339144934                
9       16             0.17103114664278118                
37      54             0.1708558923405813                 
4       10             0.1690731496903911                 
8       9              0.16875588033979577                
23      28             0.16690128088409012                
1       5              0.16655845310295575                
38      53             0.16571661313303063                
19      45             0.16517106443722263                
22      24             0.16467479320816392                
24      26             0.16425772728112764                
52      53             0.1638771690064768                 
27      32             0.15856988266727878                
12      43             0.15830003825501476                
12      14             0.1582754085652623                 
1       52             0.15594833374641764                
9       29             0.1554408331142812                 
7       29             0.15498338336187234                
12      53             0.1548892303294292                 
5       25             0.1548595885320586                 
14      16             0.1544592561299612                 
4       7              0.15386199611354068                
9       15             0.15356275996840468                
12      48             0.1531591700478765                 
2       48             0.1521880454903896                 
14      29             0.15175779741394557                
35      45             0.15014645327132375                
35      39             0.14924957222087198                
7       11             0.1474756547732678                 
13      44             0.14641236979476485                
3       35             0.14599472492679433                
3       15             0.14548806339451487                
12      13             0.14459942721201746                
20      47             0.14414460123768802                
28      31             0.1440348026835842                 
20      26             0.14355444513115811                
41      43             0.1425506423556614                 
8       13             0.14183820011436865                
40      49             0.14145431924281027                
2       53             0.14130389790223602                
24      38             0.14120730279597876                
4       6              0.140359767638237                  
1       15             0.13911163606623145                
42      43             0.1379848894051312                 
15      27             0.13758535647736397                
6       19             0.1373968349761055                 
11      36             0.13726540407818516                
1       32             0.1372500874929029                 
22      23             0.13692022283869332                
26      41             0.13624170241344052                
15      18             0.1355602703515842                 
26      28             0.13548345819403879                
34      44             0.13391919653925488                
27      46             0.13385859015056023                
27      29             0.13380474736359144                
29      46             0.1318105639193657                 
52      54             0.13109022432108608                
24      29             0.13055160773028324                
41      44             0.13050404082555728                
32      41             0.12912106171799959                
24      54             0.12776748478949865                
3       13             0.1265608573267047                 
22      33             0.12614402795359558                
27      28             0.1260619131735271                 
19      25             0.12549884545414025                
44      46             0.12545352700326945                
14      20             0.12444276815939515                
36      49             0.12336576821376377                
3       19             0.12292655196863161                
39      42             0.12277572311042076                
36      42             0.12179567977304234                
2       20             0.12118322263376946                
18      50             0.11954675247329727                
22      54             0.11730480093675222                
37      48             0.11719099669028343                
32      55             0.11475681000050109                
17      36             0.11432890971240578                
40      42             0.11333820748330253                
15      16             0.1131101464754371                 
1       3              0.11298193396519962                
1       44             0.11289301553682946                
19      35             0.11196413933991761                
26      27             0.1118129430244228                 
41      55             0.11177758756464595                
23      26             0.11120435193112227                
15      31             0.11117913217928349                
17      33             0.10991959698131237                
17      39             0.10950565273988838                
38      51             0.109105309774016                  
27      41             0.10899757727063358                
36      55             0.10864569113618089                
8       42             0.1077301006002635                 
19      24             0.10770763181194948                
16      20             0.10745528808269272                
48      51             0.1059493855119113                 
5       7              0.10530967631959015                
33      52             0.1052285581809696                 
4       40             0.10512338413777633                
6       48             0.1050842077832107                 
32      44             0.10459522914191205                
14      17             0.10412713186622491                
6       11             0.10406762674317466                
5       6              0.10389016700526887                
5       34             0.10348229965547712                
18      29             0.1029912719081778                 
28      47             0.10241477283756778                
34      50             0.1021084995427432                 
40      43             0.10191004225536215                
24      33             0.10073240209313389                
48      52             0.10053247965884005                
5       38             0.09922255567521232                
4       12             0.09890045507359518                
1       9              0.09826672375272366                
30      34             0.09824004433036149                
30      32             0.09796583710187606                
16      26             0.09787229635394912                
24      41             0.09774663990744703                
18      20             0.09770436284529993                
13      17             0.09767278393598405                
35      40             0.09706955190489991                
4       37             0.09660997935364718                
41      48             0.09645730323805263                
7       13             0.09601186699791076                
16      51             0.09560105211599629                
7       25             0.09555114504076212                
12      31             0.09513104873623546                
14      15             0.09393246540275191                
7       54             0.09315354801030934                
27      38             0.09264674846028731                
10      27             0.09230422924515602                
1       38             0.09229559175221513                
37      42             0.09213771930807191                
15      26             0.09170819749807418                
29      30             0.09125867821793016                
7       8              0.0912443202353524                 
25      27             0.09119026373773864                
14      51             0.09107492331746336                
11      28             0.09028033657456436                
11      37             0.0895431379431878                 
26      51             0.08943508545720763                
2       6              0.08943189592293443                
25      33             0.08907863591985926                
4       34             0.0885133720346154                 
17      23             0.0883977734329775                 
16      19             0.08775933222006765                
37      50             0.0873981523463554                 
30      31             0.08717783870782675                
5       16             0.08688105725156531                
29      54             0.08677574854789061                
33      44             0.08667102751103978                
31      45             0.08659388959189035                
3       28             0.08516705640894479                
37      47             0.08508537332537419                
17      35             0.0847675697357565                 
1       42             0.08467979290444638                
3       12             0.08441566427904723                
4       14             0.08332521118976854                
4       11             0.0831955926348959                 
4       25             0.08314528991237313                
18      39             0.08232788956201559                
6       10             0.08190664626313393                
33      42             0.08065697931385302                
20      28             0.07971892076439036                
16      49             0.07964324360612635                
31      49             0.07947132238590776                
16      42             0.07930333545247531                
40      47             0.07877843245009658                
4       28             0.07853915123044669                
15      42             0.07846425310322558                
15      28             0.07801957300372225                
22      42             0.07728205599419591                
10      16             0.07724825240711242                
45      51             0.07722243080132091                
32      48             0.0766325803742463                 
7       14             0.07595752807125433                
7       12             0.07592124337883466                
22      49             0.07581212159834355                
7       21             0.0750988529946569                 
16      47             0.07446204451832172                
5       14             0.07428076657314503                
22      50             0.07325329370601191                
23      47             0.07251115306227968                
30      45             0.07241787386210835                
1       34             0.07220885604661281                
30      43             0.0719794577877515                 
39      44             0.07148607743615354                
25      28             0.07144974749654043                
12      25             0.07058055065189262                
39      45             0.06998924430943895                
10      40             0.06965371859200925                
1       53             0.0686598826353314                 
34      54             0.06848279237109475                
26      42             0.06816345752111674                
30      53             0.06814765792883887                
10      38             0.06809304605631838                
10      18             0.06807398974903                   
16      37             0.06765829225785147                
40      52             0.06750998649876627                
30      39             0.06713204311064147                
1       49             0.06616900102275686                
3       7              0.06592344316481086                
2       15             0.0657638913665266                 
25      43             0.06489460641674355                
52      55             0.06482553941483937                
8       54             0.06479556011566262                
39      53             0.0645238426262999                 
32      36             0.06448286222739863                
4       31             0.0638768567348158                 
38      49             0.06369467121032818                
29      40             0.06360960671084409                
42      49             0.06347896361874944                
17      49             0.06316800269546702                
20      55             0.06306589404526702                
38      45             0.06221008088812274                
27      37             0.06198540011315029                
7       40             0.06182104081487927                
7       9              0.06175550178449163                
5       39             0.061625364893407975               
4       29             0.061591404926755855               
23      30             0.06154038632930503                
2       3              0.06153696379673479                
21      34             0.06132899656761048                
21      52             0.061076152670078765               
32      51             0.06085643913906014                
48      50             0.06051276945994                   
9       39             0.06037906742330329                
10      29             0.060127893007476285               
42      44             0.06010918056036613                
34      39             0.06008013363516551                
1       28             0.0599583804993466                 
26      43             0.05917642325796285                
30      36             0.05881106843522027                
28      46             0.058739868166425124               
10      20             0.05862983256878501                
19      36             0.05844187475331181                
15      54             0.058346889014054104               
7       17             0.05713235902623809                
10      24             0.05678872395380674                
36      54             0.0565571676649369                 
47      55             0.056152919804568796               
1       24             0.055982427510944344               
45      53             0.055933452666808714               
15      49             0.055570921094383274               
11      45             0.05539026012475162                
43      51             0.055036845669386936               
29      42             0.05387040941401089                
7       15             0.05235005464882436                
31      32             0.051988701321867836               
8       35             0.05198789985940505                
33      51             0.051442958012049844               
10      14             0.05068973155024248                
31      48             0.050188898313640706               
9       22             0.05007912994592956                
15      37             0.04924070965429089                
15      45             0.049225257149435264               
17      25             0.04887099012438334                
51      53             0.04881098225934105                
32      53             0.048695232679314915               
9       55             0.04862237150891202                
1       35             0.048543339411003084               
29      36             0.047876479641967395               
12      52             0.047402312540077374               
13      40             0.047386600412663904               
38      52             0.047234915431460744               
25      49             0.046733850596012566               
23      51             0.04643516138248577                
31      40             0.04607974962746175                
32      46             0.0456962605309183                 
8       41             0.045661599399027364               
26      54             0.045035923906468434               
7       38             0.04496944978939327                
36      48             0.0443669165511425                 
4       5              0.043755410290131413               
21      41             0.04358292566499816                
21      32             0.04355762260964685                
10      17             0.043455757709248866               
12      16             0.043262883116552076               
27      31             0.04318305155530905                
21      25             0.04298713500412055                
11      31             0.042847545446470514               
16      36             0.04274396036166345                
19      47             0.042387405043252835               
42      52             0.041823768122556004               
2       45             0.04177401306766071                
24      44             0.04170319211248269                
16      53             0.04136528118921101                
46      55             0.04059319920954818                
9       40             0.04040288971731465                
16      43             0.04012088369589811                
25      26             0.03979597365883791                
38      54             0.03920015683935041                
10      44             0.039110157255918876               
15      53             0.038838662920330336               
31      33             0.038683538129374306               
30      48             0.037940083124719526               
8       47             0.037483519767869455               
18      28             0.03725387497569804                
5       51             0.03712410118327275                
3       11             0.036801243699845665               
1       16             0.036752146689743526               
14      30             0.03670776817381738                
38      48             0.03648609029343719                
7       53             0.03641795118978336                
30      37             0.036405623939001375               
22      25             0.03638474684081061                
11      30             0.03634553483942965                
19      27             0.036057610853413136               
14      27             0.03578752161771043                
27      36             0.035753779471473845               
31      41             0.035218986732613644               
18      47             0.03487014859091808                
22      46             0.03481598076385922                
3       40             0.03467100670953799                
30      41             0.03441738112733339                
14      33             0.03434482994991117                
4       45             0.03430126425815999                
33      35             0.03427657791129329                
28      52             0.03397807561154814                
31      50             0.0338797662586702                 
6       15             0.03384572593033025                
5       31             0.033685909200702135               
40      48             0.03364916933415124                
45      50             0.03355763540693732                
19      26             0.033424747743293015               
14      23             0.033235753017759107               
29      34             0.033193560406027                  
1       6              0.03302339663382592                
21      55             0.03228087009667574                
12      23             0.03216935242958663                
6       12             0.03203431395377371                
16      28             0.03184485402542642                
38      40             0.03182491021639544                
3       8              0.03178481239918879                
10      21             0.031163300322025134               
9       45             0.030949055557990546               
34      37             0.03056610059260101                
24      48             0.02982041533453106                
7       18             0.02967094945814569                
21      50             0.02927238845792529                
25      30             0.02922811777986034                
19      43             0.029222299264053953               
15      22             0.028924447115117935               
47      52             0.028714749265416395               
45      49             0.028487424970693787               
25      29             0.028426329215636537               
10      45             0.028221022077420055               
3       43             0.02786094613412876                
28      53             0.02782288817999931                
8       31             0.027427106655510958               
9       44             0.027040465429563287               
5       49             0.026800720529441713               
17      43             0.02642560677601624                
7       23             0.02632022991196109                
6       25             0.02539607956807355                
32      49             0.025368823910107308               
2       12             0.025193213781551316               
1       45             0.024994062135212713               
5       40             0.024966461413646168               
41      47             0.024701568891191295               
3       18             0.02419781541523197                
8       25             0.024128517592226395               
6       23             0.023956203879675175               
48      54             0.02384253082552773                
27      52             0.023574420304279753               
14      31             0.023545761731152248               
18      22             0.02339720196149786                
23      49             0.023302052700155673               
36      37             0.022722495603059112               
9       41             0.022623631975222824               
9       30             0.022450396172218667               
19      55             0.02219466294790512                
3       42             0.02184838618716467                
23      40             0.02154242870729922                
5       24             0.02150593543843604                
14      41             0.021369180377639407               
10      36             0.019784583532899802               
23      32             0.01948752623319061                
31      43             0.019446576126345205               
4       47             0.019344269886358734               
2       11             0.019330402914052414               
25      55             0.019254269838214183               
10      35             0.01921282405803143                
49      55             0.019191299208278195               
24      39             0.019153818046997756               
13      28             0.019100559959211894               
2       28             0.018716004538133102               
25      34             0.0184901969103205                 
16      44             0.01845832824973398                
8       30             0.018285237592887027               
1       39             0.01809615184586244                
19      54             0.018016410341039568               
43      55             0.017949428002271395               
12      55             0.01788565073522519                
19      23             0.01788079851944757                
14      53             0.0177054403306508                 
7       55             0.017641634389494176               
27      42             0.017497530037967446               
24      40             0.01726554870643915                
2       46             0.01711480574369717                
33      39             0.01709391700159668                
50      54             0.016785049961333676               
54      55             0.01651183407872417                
18      55             0.016505584280585878               
41      42             0.01604041980047577                
22      44             0.015969637953280436               
9       31             0.015743812938279034               
4       16             0.015644731168558246               
28      29             0.015590329066387576               
11      21             0.015566657765793468               
21      31             0.015323972259700225               
4       55             0.015300886841883077               
8       14             0.015264364448101142               
15      43             0.015108246476483234               
19      29             0.015045433713947343               
44      55             0.01502931785718195                
6       9              0.014722647410827239               
28      35             0.014696416717843552               
24      46             0.014678903534676713               
44      51             0.014617192320088845               
18      25             0.014580216011540026               
31      47             0.014247572352860172               
25      44             0.01382604753981792                
34      38             0.013733411682407992               
28      40             0.012658972101881494               
14      43             0.012534785918943858               
13      55             0.012509547107495356               
24      34             0.012341568516112122               
23      42             0.012176596900855208               
7       10             0.012145486087674573               
27      40             0.01147294966042045                
32      50             0.01130043555247262                
26      55             0.01081463798675597                
34      51             0.010796105352925245               
25      42             0.010729170270931038               
7       49             0.01062877264930917                
15      32             0.010612278357668925               
2       19             0.010576552029901043               
11      47             0.010359841249611368               
6       18             0.010055852698179601               
7       30             0.009996323623458703               
8       15             0.009952286483991046               
28      39             0.009839877463298674               
41      51             0.009825742328630704               
10      39             0.009794796231211933               
42      46             0.009779118362150174               
9       11             0.009694074588280754               
17      27             0.009534408040041353               
24      31             0.008553583515606589               
37      51             0.008521538066380119               
17      55             0.008476782849501652               
16      35             0.008420489247167151               
1       43             0.008254345145906061               
18      32             0.008040937426627759               
1       2              0.008006143684264666               
30      42             0.007885490202885759               
2       10             0.007790883230195056               
6       40             0.0072503039568368455              
18      34             0.0070972133973484786              
28      34             0.006889184767912115               
1       27             0.006519768935666748               
5       48             0.006462314255836432               
3       24             0.006448314432169977               
8       24             0.006391111429685514               
47      53             0.005961321976518441               
2       4              0.005887829118888743               
22      35             0.005548359780949197               
19      31             0.005514913741006877               
39      47             0.005471303460390264               
13      35             0.0054062577639633624              
31      54             0.005102407765945449               
16      23             0.005090904670529972               
22      41             0.00508448376551196                
21      23             0.00448143442011667                
6       35             0.004336432896429432               
22      39             0.004234809155701402               
2       14             0.0037678162617825195              
4       15             0.0035052159515360226              
2       39             0.0031135702088621597              
5       45             0.002982328931074363               
3       29             0.0029341977446925016              
3       31             0.0028292522447138646              
22      52             0.0028193448594565074              
31      35             0.0023144514425612606              
6       33             0.002234765781225556               
37      49             0.0018333831810753431              
6       8              0.0017150331158373722              
23      52             0.001528368585385076               
11      53             0.0012300795894029104              
13      24             0.0010698211431254268              
2       27             0.000794058563274358               
23      24             0.0007201050869894976              
11      18             0.0005993288776646177              
28      49             0.00046029836527788914             
8       16             0.0003948940183013394              
13      33             -9.883044724839918e-05             
2       7              -0.000782804934282455              
16      45             -0.0010880288644751768             
9       34             -0.0015929551175128953             
2       43             -0.001728576033438567              
17      48             -0.002081504027648784              
21      36             -0.0023918555156095533             
24      32             -0.002402082757501034              
4       33             -0.0024564029076495353             
5       37             -0.0026196534487053502             
5       23             -0.0030249082809035155             
21      47             -0.0031080426067038314             
9       23             -0.0033068685750559657             
19      30             -0.003507858385387419              
20      51             -0.0039733668171995085             
29      43             -0.0040713985708487055             
34      42             -0.004122480430859887              
21      26             -0.004519055222091062              
4       52             -0.004528631351133738              
14      46             -0.00480759039771933               
44      54             -0.0048246838113515655             
25      39             -0.004871213118591178              
43      44             -0.004942406653316356              
17      28             -0.0049990828369784746             
17      21             -0.005790751592847088              
33      40             -0.005842508634774146              
14      54             -0.005849776243234461              
8       20             -0.0061407947912354155             
5       44             -0.00640999189464786               
10      32             -0.006467453260324607              
21      29             -0.006674267083377594              
6       22             -0.0067686589783049755             
9       25             -0.0068121339459125685             
37      52             -0.007159511939965779              
23      33             -0.0071872558161180655             
8       23             -0.007517435874062062              
11      34             -0.0076822547823323095             
18      35             -0.007831898729498021              
23      43             -0.008498801989647753              
15      33             -0.008561800649133755              
10      31             -0.008620263894182967              
6       49             -0.008674712282136343              
8       49             -0.008917734287649193              
6       29             -0.009347717116480636              
32      40             -0.009455121990059212              
14      34             -0.0095413857450794                
15      23             -0.009546873670039369              
9       24             -0.009678855959027732              
5       20             -0.009766744271608174              
6       27             -0.010027504412511767              
22      55             -0.010042057412816496              
35      36             -0.010169451612212221              
6       55             -0.010230963988996089              
13      37             -0.010573564778166733              
1       8              -0.010683271657635163              
5       55             -0.010717219288498947              
20      41             -0.010775330496066826              
5       13             -0.010895259208937857              
3       6              -0.01089616214148098               
2       52             -0.01097132265485623               
8       34             -0.011183646862102992              
44      47             -0.011340982311825842              
13      26             -0.011646609569014754              
13      42             -0.011717339329395782              
9       49             -0.011742546256847841              
17      40             -0.012191505715217543              
36      39             -0.01226466746572305               
14      18             -0.012595892170963241              
1       47             -0.013650699810307865              
23      35             -0.013933588317275647              
35      50             -0.01411881545933208               
6       50             -0.014768425835505694              
49      52             -0.015162080535556899              
11      20             -0.015184913140893597              
13      52             -0.015228156221152644              
11      22             -0.015344394713736387              
28      51             -0.015564248633261668              
2       54             -0.01573309445316895               
2       49             -0.016029327843839647              
42      53             -0.016166961793410872              
14      40             -0.01621110613180793               
12      24             -0.016756891835791488              
12      35             -0.017215672563663964              
49      54             -0.01721860928897259               
41      50             -0.017228525396221744              
2       13             -0.01724650381574444               
5       9              -0.01726275102125152               
21      48             -0.01738492913697004               
24      55             -0.01753379380930717               
7       42             -0.017717888788789993              
3       5              -0.017767949988765463              
27      47             -0.017902605104141933              
8       38             -0.017906753064387326              
21      44             -0.018255882591845796              
33      45             -0.018346067062350646              
13      53             -0.018357419478905013              
29      33             -0.018465135158583224              
18      53             -0.018519873353946448              
20      33             -0.01858490880760927               
15      52             -0.018626753293423448              
20      29             -0.018761955167810596              
12      40             -0.01886167225739821               
10      26             -0.019148897457193448              
8       17             -0.019451933222276063              
1       54             -0.01963049076787099               
42      48             -0.019984054136784335              
8       40             -0.02053687946307281               
16      30             -0.020538750751098567              
26      33             -0.02071335920164713               
47      48             -0.02109827500346928               
23      37             -0.02120891812990222               
13      18             -0.02128649595527249               
23      39             -0.02136607841695609               
18      31             -0.021380154861388112              
12      28             -0.0214718850173497                
6       26             -0.02191816955012954               
34      45             -0.022033536195969816              
29      55             -0.02220108015940439               
6       54             -0.022509926279730696              
34      48             -0.022838477050370676              
7       39             -0.02327321649675962               
49      51             -0.023275713099726147              
4       39             -0.0235733159697446                
8       33             -0.023657470139566872              
15      38             -0.02373693343010208               
3       14             -0.023858005035327257              
21      33             -0.024145176249447398              
9       19             -0.024850088759981237              
20      27             -0.02485262738583821               
20      32             -0.025187590023841966              
32      39             -0.025195314822351045              
19      22             -0.025267862826575227              
39      40             -0.02531399957606434               
17      47             -0.025484059954886784              
39      41             -0.025603169980346313              
29      35             -0.025661439023382637              
1       4              -0.025720868545568543              
2       40             -0.02581179612584955               
7       37             -0.026075313401779487              
24      51             -0.026203146455854087              
2       26             -0.026274694105455576              
34      43             -0.026537628880178105              
10      34             -0.027068268179442467              
35      49             -0.02729097046688317               
6       42             -0.027323452567726447              
35      53             -0.027331890367042366              
23      27             -0.02750820358904349               
16      33             -0.027640251735588928              
23      50             -0.02771192434684494               
32      42             -0.027892315220476305              
18      26             -0.028036797591134588              
19      28             -0.028186284265958594              
32      54             -0.02822295775275252               
2       5              -0.02859122242482459               
6       37             -0.02862646183389672               
13      30             -0.028782841634792222              
22      48             -0.02915854508668697               
3       46             -0.02921557041242967               
2       31             -0.029216623511555018              
1       40             -0.029258500479194427              
3       23             -0.029269778515737865              
14      38             -0.029318489200344577              
5       12             -0.02944814956985281               
35      55             -0.029751757773740256              
39      51             -0.029940862653225014              
1       12             -0.030072490630389637              
14      22             -0.030105271272108047              
33      55             -0.030127294400207977              
1       37             -0.030328572439264123              
7       19             -0.03051038614383267               
25      52             -0.030572409130305345              
7       31             -0.03061904927204484               
1       36             -0.030666084767859314              
9       38             -0.030816804882880022              
7       45             -0.03090977303371395               
2       8              -0.03093838740652033               
12      41             -0.031299715761963276              
30      33             -0.0313304726394536                
24      36             -0.03140852920846571               
18      36             -0.031458608682856076              
29      49             -0.031582456567811                 
27      33             -0.03172569197151559               
51      54             -0.031922115177203364              
26      47             -0.03219600753246177               
14      26             -0.03228506785092777               
1       14             -0.032544897824383634              
27      54             -0.0327050928367571                
33      43             -0.032767772012654156              
17      31             -0.03279089477778491               
15      24             -0.03308810085475128               
7       50             -0.033693590587706795              
36      40             -0.034149603796581884              
26      48             -0.03417383455918188               
5       47             -0.034224028726197675              
11      49             -0.03426101114136948               
43      46             -0.034329459703427934              
36      45             -0.03436871348543688               
18      49             -0.03448606513811098               
38      44             -0.034661833375586315              
15      34             -0.034665060059409725              
8       46             -0.03476014227834945               
30      55             -0.034876675775290716              
18      23             -0.03510834155182735               
16      27             -0.035219738036724124              
6       30             -0.035395576327187595              
2       25             -0.035427668536752                 
3       38             -0.03588181345406638               
29      53             -0.035907802444892                 
15      44             -0.035957239886572345              
46      53             -0.03604785653027215               
8       22             -0.0361523923940093                
36      43             -0.036299248094060294              
3       54             -0.036305374110577326              
4       8              -0.03666888788972539               
36      52             -0.036822649106870387              
6       44             -0.036908286732163564              
6       7              -0.037119841802615794              
7       32             -0.037257961839728404              
18      30             -0.03732302717408431               
24      42             -0.037950678863244464              
37      55             -0.038026032461357745              
10      43             -0.0382966097706437                
29      48             -0.03859001441787269               
7       24             -0.038784189889994214              
6       52             -0.03884679823690834               
24      25             -0.03893938609496009               
11      48             -0.03893983959474023               
6       47             -0.039036468339282815              
26      40             -0.039055887014888435              
42      55             -0.0391159892513778                
16      39             -0.03937994770571962               
10      42             -0.03954946204987242               
22      34             -0.03973753136530911               
35      44             -0.0398902235819133                
2       38             -0.04008128772664332               
13      45             -0.04015740636573889               
11      40             -0.04024598511184979               
34      47             -0.04035726537628473               
1       51             -0.040438147262014834              
11      19             -0.04049246523142097               
3       16             -0.04061694742494115               
23      53             -0.040621643486474485              
2       55             -0.0406268083222707                
11      50             -0.04094495995158545               
39      55             -0.041150310518061145              
30      44             -0.04118095222355092               
6       53             -0.04129518186321096               
14      44             -0.041298409024234484              
2       29             -0.04133496721777652               
16      18             -0.04146152538166936               
32      34             -0.041618545931533135              
6       39             -0.042017665542560145              
26      45             -0.04211284571300555               
16      40             -0.042179168541242595              
4       48             -0.04225533473695203               
21      53             -0.04279233606142496               
5       19             -0.04301238303821786               
23      54             -0.04303084039390401               
24      53             -0.043038391972013285              
20      49             -0.04325559125342365               
5       42             -0.043368054448508664              
17      42             -0.043573142067467124              
7       20             -0.04411492267053396               
40      46             -0.04422062647340047               
31      55             -0.044291985763091346              
20      44             -0.04439944134885904               
28      41             -0.04456786494075135               
20      34             -0.04525915248829282               
18      44             -0.04528227615825453               
11      15             -0.04584719477350879               
18      19             -0.045848906563301706              
9       27             -0.04593433217730725               
4       44             -0.045982240857471046              
36      38             -0.04660086479060785               
6       13             -0.0467499344557743                
19      37             -0.04683080937458228               
30      38             -0.047298202018455665              
5       53             -0.04733942662145052               
9       28             -0.04734472603448581               
13      27             -0.04755534691485114               
27      48             -0.04777248273949691               
34      46             -0.04788607482453844               
25      37             -0.048385560438156866              
10      53             -0.048650118052507074              
15      30             -0.04904670505994663               
22      43             -0.04924228888056606               
17      30             -0.04950152666072766               
27      30             -0.04954380762706001               
20      23             -0.0495486751060398                
8       32             -0.049609563734938744              
24      35             -0.04966846094197275               
9       42             -0.050235858432671254              
24      30             -0.05048197292005685               
8       44             -0.05060136201579252               
28      55             -0.050751908015582214              
5       26             -0.050926826625808996              
13      38             -0.050936304892119255              
3       49             -0.05104640162160212               
6       34             -0.05131641018207078               
45      46             -0.05164306753547862               
8       51             -0.05176684591999681               
6       14             -0.05192645257499667               
12      22             -0.05194895591270987               
14      42             -0.05198932418969099               
45      52             -0.05202771995730149               
33      53             -0.05213316160818521               
25      50             -0.05277474223589404               
22      36             -0.05288090685104119               
15      48             -0.05290368772442605               
6       31             -0.053167219070542227              
20      40             -0.05344125281981188               
41      46             -0.05383962738143866               
26      49             -0.05420760734425312               
23      34             -0.0543907215084439                
26      29             -0.05440793616584044               
11      55             -0.05455030869210678               
15      39             -0.05459243314443343               
12      18             -0.054650114203695144              
35      48             -0.05473850711921335               
19      41             -0.05498459951919166               
16      54             -0.05541930562555389               
14      32             -0.055616918173615415              
16      22             -0.05564908318272632               
7       16             -0.05615424714433387               
6       28             -0.056233249356135995              
26      34             -0.05628999652719063               
33      41             -0.057367826213546025              
4       30             -0.057907125357408884              
8       29             -0.05813136010281361               
2       17             -0.05820705679126181               
1       30             -0.05829280262613118               
23      46             -0.05855493153116145               
1       13             -0.05886003645411897               
9       51             -0.05901796943689863               
43      53             -0.05930416885030573               
2       42             -0.05966140113010959               
23      45             -0.05974571220999503               
15      25             -0.05975852476580984               
21      42             -0.0600218737566659                
53      55             -0.06025376914768871               
11      26             -0.060279498672288656              
2       18             -0.06034599037657401               
30      52             -0.06054199859445142               
23      29             -0.06060401387627953               
1       18             -0.06063007126553427               
28      42             -0.06107264046946512               
33      36             -0.06113207568163251               
9       35             -0.06118629634842687               
8       39             -0.06133962464740783               
5       21             -0.061345465393243426              
8       48             -0.06140149580811116               
9       50             -0.061520203609942065              
25      54             -0.061578663304607595              
26      39             -0.06161067875107515               
20      43             -0.061697892628239326              
2       44             -0.06178295246448123               
15      35             -0.06200583626343498               
22      29             -0.06213055057195954               
4       24             -0.06230332002548028               
3       53             -0.06253407509079834               
8       21             -0.06257414242431691               
12      45             -0.0625826882393245                
13      31             -0.06267279766858413               
36      53             -0.06305364854850129               
17      24             -0.0630570743808466                
47      50             -0.06314939916814219               
28      45             -0.0631634537947624                
35      43             -0.0632652656936463                
14      48             -0.06332277527034863               
4       41             -0.06354735673265377               
33      34             -0.06355991405399675               
22      31             -0.06359469069482865               
11      41             -0.06380554600965632               
10      25             -0.0639778736100608                
14      36             -0.06400593264060556               
43      50             -0.06434844655209568               
29      31             -0.06454076107580392               
38      55             -0.06471698200363032               
44      48             -0.0649729688863161                
16      32             -0.06501040838544209               
13      50             -0.06522432311044571               
3       36             -0.06537643493364853               
28      36             -0.06538141007385642               
34      52             -0.0659338728273372                
21      30             -0.06608085156228566               
34      53             -0.06663205603363698               
30      40             -0.06665719882586285               
4       27             -0.06682860471964719               
42      54             -0.06698080171343973               
48      49             -0.06724470827648618               
27      55             -0.06738611014962492               
13      46             -0.06743380259856446               
5       15             -0.06757357446031242               
16      25             -0.06761997865812733               
24      27             -0.06780593253529527               
1       10             -0.0680213135333187                
5       28             -0.06806718384204855               
13      48             -0.068088473061934                 
34      55             -0.0681026087923075                
3       47             -0.06815323700027681               
46      49             -0.06839793953928155               
17      37             -0.06918430405699577               
13      23             -0.069346813483007                 
9       54             -0.06936466177430117               
21      49             -0.0694844696173606                
27      43             -0.06954350571510018               
10      48             -0.06956578483521897               
12      38             -0.06964447428891551               
13      54             -0.06972136883744073               
40      50             -0.06987306893803383               
18      46             -0.0698841012130729                
14      47             -0.07028252503372484               
1       21             -0.07030510553845704               
12      44             -0.07032987636297505               
12      49             -0.07050367512903766               
7       44             -0.07077539167397412               
18      52             -0.07080977397376403               
21      54             -0.07107869149240659               
13      34             -0.07112894692183436               
11      43             -0.07129631875826886               
15      47             -0.07137080237722954               
16      48             -0.07207907258548765               
2       30             -0.07214785971707816               
31      36             -0.07217458599905371               
27      50             -0.07218868721548297               
16      34             -0.07245556917580098               
15      51             -0.07254497996138878               
6       45             -0.07305968583794414               
12      42             -0.07315691958783374               
22      51             -0.07349983417184108               
39      49             -0.07383908040872378               
11      38             -0.07389746383263848               
8       36             -0.0739802390785732                
31      37             -0.07414464861106468               
17      50             -0.0742593419917302                
23      38             -0.07427388196459536               
4       18             -0.07433614761477969               
19      39             -0.07440133631752821               
2       22             -0.07458222568315953               
1       41             -0.07472281921292478               
8       28             -0.07493648398466957               
17      22             -0.07493872670243512               
18      33             -0.07496010131078834               
19      38             -0.07509462198533667               
29      51             -0.07513011228181649               
5       27             -0.07530638234271936               
3       10             -0.07539530919223758               
2       51             -0.07560570716495507               
11      35             -0.07565854308468495               
39      52             -0.075672317513202                 
6       38             -0.0757312257584527                
11      39             -0.07611057806529486               
29      44             -0.0761952502592306                
2       35             -0.0764309062924658                
46      54             -0.07662119984913901               
50      52             -0.07664951392588262               
37      38             -0.07666114808182198               
2       47             -0.07692292533838749               
23      25             -0.07693783771677015               
8       19             -0.07704622441216613               
12      30             -0.07720923828019544               
18      54             -0.07752957673933081               
8       50             -0.07754658777094534               
14      28             -0.07754841968716605               
37      40             -0.07777930855362414               
2       9              -0.07799122559962413               
4       38             -0.07801340306152013               
45      47             -0.07846631866241663               
7       33             -0.07867053797465362               
4       46             -0.07889608999493303               
23      36             -0.07899549657051586               
25      31             -0.07899892223073426               
2       16             -0.07907264074728204               
5       43             -0.07950375258233203               
7       46             -0.07984549783951778               
37      44             -0.07987787863403534               
21      24             -0.07989715260400387               
7       47             -0.0799575269797147                
1       17             -0.08028675200198737               
29      39             -0.08032449169796804               
25      41             -0.08042231302283759               
30      51             -0.08045865958436926               
22      37             -0.0807675195147689                
40      55             -0.08093139825758178               
5       11             -0.08107608172529573               
16      21             -0.0811805797122312                
37      39             -0.08118945124423413               
41      45             -0.08148384045735288               
4       54             -0.08156813141525696               
8       26             -0.08161227457962833               
23      48             -0.08174905745605152               
25      47             -0.08186894195287792               
33      47             -0.08210293828263834               
26      50             -0.08234338182098944               
3       55             -0.08239890699375163               
24      37             -0.08253985685638149               
32      45             -0.08262499751364136               
29      38             -0.08276779230170858               
22      27             -0.08295590366719788               
16      41             -0.08305880759613934               
24      49             -0.08329577620804682               
10      19             -0.08348896882260576               
10      23             -0.08365549131708075               
1       33             -0.0838060287981442                
24      43             -0.08384336968289227               
40      53             -0.08385996213330846               
27      45             -0.0838780776367157                
11      23             -0.08389956828897963               
33      38             -0.08395005157711499               
3       32             -0.08414354617813191               
41      49             -0.08429577461622573               
42      47             -0.08436829705251345               
3       50             -0.08460284538523405               
25      36             -0.08466333635859222               
27      34             -0.08493315356250161               
1       50             -0.08495558356688318               
7       52             -0.08528969480409776               
10      49             -0.08548840279501801               
4       42             -0.08583863302977107               
9       20             -0.0859839353144371                
6       32             -0.08609834273899625               
6       41             -0.08625084396564686               
17      54             -0.08659867309779659               
48      53             -0.08665237019131486               
3       9              -0.086667216126179                 
6       21             -0.08707625911216449               
21      37             -0.08714098820737581               
4       23             -0.08725004983266585               
20      54             -0.08726448864585773               
14      39             -0.08733034341851692               
1       48             -0.08737826270735072               
6       51             -0.08762336496192658               
3       26             -0.08824583955553833               
25      48             -0.0883293160056717                
34      49             -0.08844208357888722               
33      37             -0.0887075696813106                
16      55             -0.08904383027371685               
14      24             -0.08928317532131394               
25      46             -0.08932841880482326               
31      38             -0.08961207915602853               
10      15             -0.08966785044357595               
19      50             -0.08992111104772232               
1       46             -0.09030018373355841               
9       52             -0.09044088993282845               
21      27             -0.09046665844941965               
4       36             -0.09060561262363981               
47      51             -0.0906947174450817                
39      43             -0.09153391634252384               
11      54             -0.09155350483706015               
6       36             -0.09160443993421433               
15      17             -0.09184598209919587               
17      44             -0.09189515485974936               
7       51             -0.09229890252743972               
17      26             -0.09238088685944351               
12      39             -0.09242305571305812               
1       31             -0.0926444018233348                
20      39             -0.09286660193924179               
4       26             -0.09296241019528445               
13      47             -0.09311720223710238               
19      52             -0.09369662746193386               
21      35             -0.09369858077091076               
3       33             -0.09403974111704377               
3       52             -0.09452765424718867               
18      27             -0.09465909072622197               
9       21             -0.0946704102382891                
19      49             -0.09470727523786554               
4       21             -0.09514372777930563               
32      52             -0.09523086446695211               
6       16             -0.09536079666367869               
28      54             -0.09536915173454347               
43      49             -0.09553411573303883               
13      22             -0.0959375755975857                
26      44             -0.09627707804459693               
3       27             -0.09628327063932685               
15      46             -0.09628651105466077               
17      41             -0.09632932059138846               
8       43             -0.09669491728198162               
4       50             -0.09674468603508785               
28      30             -0.09695288129534615               
2       24             -0.09751322641853691               
11      42             -0.09755620411108773               
9       14             -0.09762138240420493               
27      53             -0.09778186099668063               
12      50             -0.09780717239361311               
32      35             -0.09825356198305496               
40      45             -0.09860803571291166               
22      32             -0.098611642313264                 
24      52             -0.09868039393568384               
5       29             -0.09878606241054186               
10      37             -0.09910751003885421               
36      47             -0.09927302666776514               
19      48             -0.0993878532984021                
44      53             -0.09958510330689255               
10      51             -0.09965769075558795               
16      50             -0.10015203196369818               
4       43             -0.10045024097490826               
8       37             -0.10055278076776414               
9       32             -0.10059974900130186               
17      45             -0.10061806398335099               
15      41             -0.10065455013424149               
18      45             -0.10126559208198352               
29      50             -0.1013084939899909                
39      50             -0.10157239721329916               
9       48             -0.10161721007391344               
14      35             -0.10208864636703702               
44      49             -0.10226611998915427               
20      31             -0.10228989258629195               
15      40             -0.10258907655498356               
38      46             -0.10316440077394504               
24      28             -0.10336911464045498               
15      19             -0.10341081386808049               
24      50             -0.10371773450026436               
33      49             -0.10391896612575091               
11      27             -0.10411301158928862               
7       27             -0.10432113505937396               
13      43             -0.10503496579675325               
3       39             -0.10552271507034366               
48      55             -0.10557851319695852               
20      36             -0.10558505695275316               
41      52             -0.10568306992572707               
5       35             -0.10574053616175016               
3       41             -0.10585452711631133               
5       36             -0.10604670015150497               
35      42             -0.10622935602477235               
25      38             -0.10654954132119243               
18      37             -0.10657707509128539               
8       27             -0.10665676984995592               
19      33             -0.10729195191398905               
14      45             -0.10730392122802962               
31      39             -0.10736289519845749               
19      44             -0.10746160375842728               
25      32             -0.10752047251152674               
10      55             -0.10775123253773974               
12      32             -0.10783383534764157               
4       22             -0.10785437727269206               
38      47             -0.10836507983427196               
13      20             -0.10865265164141913               
22      40             -0.10883155823753032               
7       48             -0.10912101663893026               
7       28             -0.10917048468298726               
7       36             -0.10920530065390785               
20      50             -0.10939387720188018               
12      27             -0.1094014788207247                
11      32             -0.10948160928327616               
5       32             -0.1097602531847825                
21      43             -0.10986342030233912               
20      38             -0.11036724257697361               
18      40             -0.1104738953134031                
26      37             -0.11050054900581338               
28      44             -0.11069072311460071               
28      32             -0.11102048840280904               
33      54             -0.1114810256280768                
22      53             -0.11152124367888522               
36      51             -0.11179776567854657               
14      21             -0.11200465113075897               
16      24             -0.11235467325284831               
26      35             -0.11265262013058372               
4       51             -0.11349301308212942               
11      17             -0.11350452305861547               
12      19             -0.11369486503111509               
34      41             -0.11377079610603105               
7       22             -0.11413941730431382               
17      53             -0.11424664422282735               
34      40             -0.11436801322283804               
23      41             -0.1144781816774337                
20      52             -0.11459086708694138               
17      29             -0.11511939525958811               
2       36             -0.1153903055844018                
11      25             -0.1154494464273832                
5       30             -0.11553915264102987               
6       43             -0.11598395140142279               
7       43             -0.11598824328092139               
27      39             -0.11615001593579038               
15      36             -0.11664771339472768               
12      20             -0.11686393300944753               
10      33             -0.11688489480540498               
3       45             -0.11696198264772584               
14      37             -0.11699319838432876               
8       45             -0.11734533132322367               
20      53             -0.11789702834891114               
19      51             -0.11792681173048553               
25      40             -0.11825386493261136               
2       50             -0.11856210511853335               
42      51             -0.11858802426426668               
13      25             -0.11980963160315639               
1       29             -0.11995962045560721               
20      35             -0.12006655507960351               
9       17             -0.12013296531155843               
1       20             -0.12038946272840184               
11      44             -0.12047165486419867               
10      54             -0.12114458093530489               
18      43             -0.12162431761060488               
24      47             -0.12226846290564572               
14      25             -0.12236191312919723               
28      48             -0.12240257715400849               
4       53             -0.12243994079380519               
2       41             -0.12277435466227024               
13      49             -0.12278821550104205               
20      25             -0.12285183032772612               
36      41             -0.12289409404919482               
28      43             -0.12346361703465765               
5       50             -0.12393166199977138               
4       13             -0.12407172239745218               
22      30             -0.12450881464158017               
31      51             -0.12464091405961955               
12      34             -0.12474481689596864               
14      50             -0.12492348209314685               
21      40             -0.12590563229442236               
13      21             -0.12598036472777357               
35      38             -0.12614378374838595               
40      54             -0.12619872296001347               
5       17             -0.12629559169411333               
30      54             -0.12636899722176337               
35      54             -0.12682815952316837               
17      38             -0.12747484208320342               
30      46             -0.12762636883682696               
3       30             -0.12782261710275422               
45      55             -0.12787244089895589               
8       52             -0.128178655095744                 
40      44             -0.12860793255611655               
10      22             -0.1287439488559242                
4       49             -0.12899725059903083               
3       48             -0.12926076583879442               
40      51             -0.12956082126827195               
15      29             -0.1296199131640942                
47      54             -0.13082229477821256               
21      46             -0.13106672879877027               
19      34             -0.13142122044868326               
18      21             -0.13189106032389192               
20      45             -0.1320693188770432                
12      26             -0.13256693030337835               
12      29             -0.1327744998264295                
3       44             -0.13291104954772565               
44      52             -0.13294925548688008               
1       23             -0.13328512097510872               
3       25             -0.13348197767847253               
6       46             -0.13474369892878585               
7       34             -0.13497817495941036               
19      32             -0.13504498432676026               
2       32             -0.13542887345044513               
1       26             -0.1355043877440022                
4       32             -0.13571506875816064               
28      38             -0.13642125812253125               
27      49             -0.1364835876513949                
32      43             -0.1365073039842563                
5       8              -0.13676465581324343               
18      42             -0.13677588879310337               
10      47             -0.13696378353706104               
24      45             -0.13704019846312243               
22      28             -0.13718410453783758               
37      53             -0.13742785640934857               
8       55             -0.13761285867913658               
26      32             -0.13797163927593342               
4       17             -0.13804389751115984               
17      34             -0.13852143608820136               
7       41             -0.1386543069352338                
3       37             -0.13900605290967422               
15      21             -0.13958841984335216               
19      40             -0.13978855548882607               
19      42             -0.13983716521622877               
6       20             -0.13990615003279017               
22      47             -0.1401711276545548                
9       18             -0.1405767212518408                
35      46             -0.1406703212319069                
21      45             -0.14077252326738307               
10      28             -0.14078911153947468               
21      39             -0.1412403354292171                
10      46             -0.14219605885010203               
30      35             -0.1426990648880937                
12      47             -0.1442276699341405                
9       43             -0.14422975338363753               
13      19             -0.14445566337475213               
26      31             -0.14449920820456877               
38      50             -0.14475352639490874               
1       55             -0.14572070274699328               
11      46             -0.1459221806818707                
20      46             -0.14593869131373263               
1       11             -0.1459574630285555                
39      46             -0.14607952345476372               
3       17             -0.14656410746684212               
22      38             -0.14664383201829753               
17      46             -0.14669021623573583               
14      52             -0.14674904343933942               
26      36             -0.1467845779251324                
25      51             -0.14777818463501746               
13      41             -0.14800640754365285               
18      41             -0.14879238029823252               
31      42             -0.14882503698216137               
10      30             -0.1491436534228128                
14      49             -0.149869713828274                 
12      54             -0.15013316068103497               
20      42             -0.15102650898639822               
2       23             -0.15121734543097387               
26      53             -0.15130788336875983               
20      30             -0.15158446001754206               
3       51             -0.15169128424852435               
9       26             -0.1520935096037283                
21      28             -0.15253105747157547               
20      37             -0.1525365270626808                
5       52             -0.15258505238478798               
16      31             -0.15326241076919195               
43      52             -0.1544126777536518                
38      41             -0.15479136404413996               
43      47             -0.15527345773211854               
41      54             -0.15580767214892532               
14      55             -0.1559799519697903                
8       53             -0.15607882612471363               
5       10             -0.1571447926905724                
12      33             -0.15720818300745942               
13      51             -0.15844468671074188               
26      38             -0.15857324231328276               
10      50             -0.15858382765684062               
35      37             -0.1586708334800973                
45      48             -0.15930248782105913               
13      29             -0.1594198178945323                
33      50             -0.159602261304227                 
4       20             -0.15985147433823066               
18      48             -0.16097830537617605               
31      46             -0.16173585956307823               
10      52             -0.16215199388697227               
7       26             -0.16292860079252242               
23      44             -0.16368502723177872               
5       33             -0.164679293476976                 
16      29             -0.16531903412733714               
1       25             -0.16554100118766166               
35      51             -0.16662343104942617               
18      51             -0.16758845195074104               
21      38             -0.16890352660998662               
16      38             -0.16954844862005788               
9       33             -0.17002821626046327               
31      52             -0.17005174956261399               
11      51             -0.17097191870783013               
29      45             -0.17116184375212934               
15      20             -0.17259477274156707               
11      29             -0.17306879199098182               
16      46             -0.17319494958896814               
41      53             -0.174598674846843                 
11      52             -0.1749264286095239                
10      41             -0.17510369512204232               
20      24             -0.17588756556915366               
35      52             -0.17609636688694014               
29      37             -0.17738253182232722               
9       47             -0.17823670590865898               
12      51             -0.180428322686632                 
5       22             -0.1805186768691561                
2       33             -0.18055443832274823               
37      46             -0.18087003615799746               
12      17             -0.1809417924247233                
15      55             -0.18128876390552184               
15      50             -0.18166083647223902               
19      53             -0.18324441794791776               
16      52             -0.18580502939084126               
3       22             -0.1859843767812366                
1       19             -0.19130666846344596               
12      36             -0.19162437431805446               
11      33             -0.19293014920108514               
17      51             -0.1947226411978381                
11      16             -0.19481793091574795               
9       46             -0.1954483822693266                
32      37             -0.19610307896394966               
42      45             -0.19761348051509733               
17      52             -0.20691063213543673               
13      39             -0.2105360342505323                
13      32             -0.2127791683027919                
19      46             -0.2176815554060919                
12      46             -0.23757239824030377               
4       9              -0.23871289536979143               
12      21             -0.23977269465260015               
