#======================================================================
# PARAMETERS USED FOR THIS COMPUTATION: 
#	Sequence type: RNA
#	Total number of sequences in alignment data: 2
#	Length of sequences in alignment data: 54
#	Value of sequence identity: 0.8
#	lambda_h: 10.600000000000001
#	lambda_J: 10.600000000000001
#	Number of gradient decent iterations: 500
# The First and Second columns represent sites and the
# Third column is PLMDCA Frobenius norm, average product corrected (APC) DCA score
#======================================================================
4       27             0.019524778199705987               
4       28             0.019524778199705987               
4       32             0.01952477817246636                
4       25             0.01952477811798711                
14      27             0.019524777818351206               
14      28             0.019524777818351206               
18      27             0.019524777818351206               
18      28             0.019524777818351206               
14      32             0.01952477779111158                
18      32             0.01952477779111158                
4       23             0.019524777736632342               
14      25             0.019524777736632328               
18      25             0.019524777736632328               
27      28             0.01952477757319456                
27      32             0.019524777545954934               
28      32             0.019524777545954934               
25      27             0.019524777491475683               
25      28             0.019524777491475683               
25      32             0.019524777464236056               
14      23             0.019524777355277554               
18      23             0.019524777355277554               
23      27             0.019524777110120902               
23      28             0.019524777110120902               
23      32             0.019524777082881275               
23      25             0.01952477702840202                
4       39             0.019524775155406345               
14      39             0.019524774774051578               
18      39             0.019524774774051578               
4       14             0.019524774719572327               
4       18             0.019524774719572327               
27      39             0.01952477452889494                
28      39             0.01952477452889494                
32      39             0.019524774501655313               
39      42             0.019524774474415692               
25      39             0.019524774447176062               
4       42             0.019524774419936438               
39      43             0.019524774365457187               
14      18             0.01952477433821755                
4       43             0.019524774310977933               
23      39             0.019524774065821295               
14      42             0.01952477403858166                
18      42             0.01952477403858166                
14      43             0.01952477392962315                
18      43             0.01952477392962315                
27      42             0.019524773793425012               
28      42             0.019524773793425012               
32      42             0.019524773766185385               
25      42             0.019524773711706134               
27      43             0.019524773684466503               
28      43             0.019524773684466503               
32      43             0.019524773657226876               
42      43             0.01952477362998725                
25      43             0.01952477360274762                
23      42             0.019524773330351353               
23      43             0.01952477322139284                
3       52             0.0012788938537850042              
2       52             0.0012788934821213807              
13      24             0.0012788931761363725              
9       13             0.001278893101803659               
10      13             0.001278893101803659               
7       24             0.001278893101803652               
8       24             0.001278893101803652               
11      24             0.0012788930646372917              
12      24             0.0012788930646372917              
7       9              0.0012788930274709315              
7       10             0.0012788930274709315              
8       9              0.0012788930274709315              
8       10             0.0012788930274709315              
19      24             0.0012788930274709245              
24      29             0.0012788930274709245              
24      34             0.0012788930274709245              
9       11             0.0012788929903045712              
9       12             0.0012788929903045712              
10      11             0.0012788929903045712              
10      12             0.0012788929903045712              
20      24             0.0012788929903045643              
24      36             0.0012788929903045643              
24      37             0.0012788929903045643              
9       19             0.001278892953138204               
9       29             0.001278892953138204               
9       34             0.001278892953138204               
10      19             0.001278892953138204               
10      29             0.001278892953138204               
10      34             0.001278892953138204               
6       24             0.0012788929159718437              
9       20             0.0012788929159718437              
9       36             0.0012788929159718437              
9       37             0.0012788929159718437              
10      20             0.0012788929159718437              
10      36             0.0012788929159718437              
10      37             0.0012788929159718437              
16      24             0.0012788929159718437              
24      35             0.0012788929159718437              
24      40             0.0012788929159718437              
13      21             0.0012788928788054973              
13      22             0.0012788928788054973              
6       9              0.0012788928416391301              
6       10             0.0012788928416391301              
9       16             0.0012788928416391232              
9       35             0.0012788928416391232              
9       40             0.0012788928416391232              
10      16             0.0012788928416391232              
10      35             0.0012788928416391232              
10      40             0.0012788928416391232              
24      31             0.0012788928416391163              
7       21             0.0012788928044727699              
7       22             0.0012788928044727699              
8       21             0.0012788928044727699              
8       22             0.0012788928044727699              
11      21             0.0012788927673064096              
11      22             0.0012788927673064096              
12      21             0.0012788927673064096              
12      22             0.0012788927673064096              
9       31             0.0012788927673064027              
10      31             0.0012788927673064027              
24      45             0.0012788927673063957              
24      47             0.0012788927673063957              
19      21             0.0012788927301400424              
19      22             0.0012788927301400424              
21      29             0.0012788927301400424              
21      34             0.0012788927301400424              
22      29             0.0012788927301400424              
22      34             0.0012788927301400424              
20      21             0.0012788926929736821              
20      22             0.0012788926929736821              
21      36             0.0012788926929736821              
21      37             0.0012788926929736821              
22      36             0.0012788926929736821              
22      37             0.0012788926929736821              
9       45             0.0012788926929736752              
9       47             0.0012788926929736752              
10      45             0.0012788926929736752              
10      47             0.0012788926929736752              
24      49             0.0012788926929736752              
5       13             0.0012788926558073427              
13      15             0.0012788926558073427              
6       21             0.0012788926186409616              
6       22             0.0012788926186409616              
16      21             0.0012788926186409616              
16      22             0.0012788926186409616              
21      35             0.0012788926186409616              
21      40             0.0012788926186409616              
22      35             0.0012788926186409616              
22      40             0.0012788926186409616              
9       49             0.0012788926186409547              
10      49             0.0012788926186409547              
5       7              0.0012788925814746221              
5       8              0.0012788925814746221              
7       15             0.0012788925814746152              
8       15             0.0012788925814746152              
5       11             0.001278892544308255               
5       12             0.001278892544308255               
11      15             0.001278892544308255               
12      15             0.001278892544308255               
21      31             0.001278892544308241               
22      31             0.001278892544308241               
24      48             0.0012788925443082202              
1       13             0.0012788925071419086              
5       19             0.0012788925071418877              
5       29             0.0012788925071418877              
5       34             0.0012788925071418877              
15      19             0.0012788925071418877              
15      29             0.0012788925071418877              
15      34             0.0012788925071418877              
5       20             0.0012788924699755344              
5       36             0.0012788924699755344              
5       37             0.0012788924699755344              
15      20             0.0012788924699755344              
15      36             0.0012788924699755344              
15      37             0.0012788924699755344              
21      45             0.0012788924699755136              
21      47             0.0012788924699755136              
22      45             0.0012788924699755136              
22      47             0.0012788924699755136              
9       48             0.0012788924699754997              
10      48             0.0012788924699754997              
1       7              0.001278892432809181               
1       8              0.001278892432809181               
1       11             0.0012788923956428139              
1       12             0.0012788923956428139              
5       6              0.001278892395642807               
5       16             0.001278892395642807               
5       35             0.001278892395642807               
5       40             0.001278892395642807               
6       15             0.001278892395642807               
15      16             0.001278892395642807               
15      35             0.001278892395642807               
15      40             0.001278892395642807               
21      49             0.001278892395642793               
22      49             0.001278892395642793               
24      44             0.0012788923956427792              
1       19             0.0012788923584764467              
1       29             0.0012788923584764467              
1       34             0.0012788923584764467              
1       20             0.0012788923213100933              
1       36             0.0012788923213100933              
1       37             0.0012788923213100933              
5       31             0.0012788923213100864              
15      31             0.0012788923213100864              
9       44             0.0012788923213100586              
10      44             0.0012788923213100586              
1       6              0.0012788922469773659              
1       16             0.0012788922469773659              
1       35             0.0012788922469773659              
1       40             0.0012788922469773659              
5       45             0.001278892246977359               
5       47             0.001278892246977359               
15      45             0.001278892246977359               
15      47             0.001278892246977359               
21      48             0.0012788922469773381              
22      48             0.0012788922469773381              
3       33             0.0012788922469773242              
26      30             0.0012788922469773173              
1       31             0.0012788921726446453              
5       49             0.0012788921726446384              
15      49             0.0012788921726446384              
33      53             0.0012788921726445968              
1       45             0.0012788920983119179              
1       47             0.0012788920983119179              
21      44             0.001278892098311897               
22      44             0.001278892098311897               
1       49             0.0012788920239791973              
5       48             0.0012788920239791834              
15      48             0.0012788920239791834              
3       26             0.0012788920239791488              
26      53             0.0012788919496464213              
38      52             0.0012788919124800957              
5       44             0.0012788918753137424              
15      44             0.0012788918753137424              
1       48             0.0012788918753137354              
2       33             0.0012788918753137216              
9       17             0.0012788918753137146              
10      17             0.0012788918753137146              
46      52             0.0012788918381473821              
50      52             0.0012788918381473821              
1       44             0.0012788917266483013              
2       26             0.0012788916523155391              
41      52             0.0012788916151491997              
51      52             0.0012788916151491997              
5       17             0.0012788914293173914              
15      17             0.0012788914293173914              
33      52             0.0012788913549846709              
1       17             0.0012788912806519434              
26      52             0.0012788911319864885              
48      49             0.0012788910118331567              
24      30             0.0012788909833210335              
13      33             0.00127889093750045                
44      45             0.0012788909375004431              
44      47             0.0012788909375004431              
9       30             0.001278890908988306               
10      30             0.001278890908988306               
7       33             0.0012788908631677295              
8       33             0.0012788908631677295              
44      49             0.0012788908631677226              
38      48             0.0012788908631677087              
11      33             0.0012788908260013693              
12      33             0.0012788908260013693              
19      33             0.001278890788835009               
29      33             0.001278890788835009               
33      34             0.001278890788835002               
38      46             0.001278890788835002               
38      50             0.001278890788835002               
48      50             0.001278890788835002               
46      48             0.0012788907888349951              
3       24             0.001278890760322858               
20      33             0.0012788907516686487              
33      36             0.0012788907516686487              
33      37             0.0012788907516686487              
17      19             0.0012788907516686418              
17      29             0.0012788907516686418              
17      34             0.0012788907516686418              
13      26             0.0012788907145022885              
17      20             0.0012788907145022885              
17      36             0.0012788907145022885              
17      37             0.0012788907145022885              
46      50             0.0012788907145022885              
38      44             0.0012788907145022815              
44      48             0.0012788907145022746              
3       9              0.0012788906859901375              
3       10             0.0012788906859901375              
21      30             0.0012788906859901375              
22      30             0.0012788906859901375              
24      53             0.0012788906859901306              
6       33             0.0012788906773359351              
16      33             0.0012788906773359351              
33      35             0.0012788906773359282              
33      40             0.0012788906773359282              
7       26             0.001278890640169568               
8       26             0.001278890640169568               
17      35             0.001278890640169568               
17      40             0.001278890640169568               
44      46             0.001278890640169568               
44      50             0.001278890640169568               
9       53             0.001278890611657403               
10      53             0.001278890611657403               
11      26             0.0012788906030032077              
12      26             0.0012788906030032077              
31      33             0.0012788906030032077              
17      31             0.0012788905658368474              
19      26             0.0012788905658368474              
26      29             0.0012788905658368405              
26      34             0.0012788905658368405              
38      41             0.0012788905658368335              
38      51             0.0012788905658368335              
41      48             0.0012788905658368335              
48      51             0.0012788905658368335              
20      26             0.0012788905286704871              
26      36             0.0012788905286704871              
26      37             0.0012788905286704871              
33      45             0.0012788905286704871              
33      47             0.0012788905286704871              
17      45             0.0012788904915041269              
17      47             0.0012788904915041269              
41      46             0.0012788904915041269              
41      50             0.0012788904915041269              
46      51             0.00127889049150412                
50      51             0.00127889049150412                
5       30             0.001278890462991969               
15      30             0.001278890462991969               
3       21             0.001278890462991962               
3       22             0.001278890462991962               
6       26             0.0012788904543377666              
16      26             0.0012788904543377666              
26      35             0.0012788904543377666              
26      40             0.0012788904543377666              
33      49             0.0012788904543377666              
17      49             0.0012788904171714063              
41      44             0.0012788904171714063              
44      51             0.0012788904171713994              
2       24             0.0012788903886592415              
21      53             0.0012788903886592345              
22      53             0.0012788903886592345              
26      31             0.001278890380005046               
30      52             0.0012788903514928812              
1       30             0.001278890314326521               
2       9              0.001278890314326521               
2       10             0.001278890314326521               
26      45             0.0012788903056723255              
26      47             0.0012788903056723255              
33      38             0.0012788903056723186              
33      48             0.0012788903056723186              
17      38             0.0012788902685059583              
17      48             0.0012788902685059583              
41      51             0.0012788902685059583              
3       5              0.0012788902399937935              
3       15             0.0012788902399937935              
26      49             0.001278890231339605               
33      46             0.001278890231339605               
33      50             0.001278890231339605               
17      46             0.0012788901941732447              
17      50             0.0012788901941732447              
5       53             0.001278890165661066               
15      53             0.001278890165661066               
13      54             0.0012788901570068983              
33      44             0.0012788901570068845              
17      44             0.0012788901198405242              
1       3              0.0012788900913283455              
2       21             0.0012788900913283385              
2       22             0.0012788900913283385              
7       54             0.0012788900826741778              
8       54             0.0012788900826741778              
26      38             0.001278890082674157               
26      48             0.001278890082674157               
52      53             0.0012788900541619783              
11      54             0.0012788900455078175              
12      54             0.0012788900455078175              
1       53             0.001278890016995618               
19      54             0.0012788900083414573              
29      54             0.0012788900083414573              
34      54             0.0012788900083414573              
26      46             0.0012788900083414434              
26      50             0.0012788900083414434              
33      41             0.0012788900083414365              
33      51             0.0012788900083414365              
20      54             0.00127888997117509                
36      54             0.00127888997117509                
37      54             0.00127888997117509                
17      41             0.0012788899711750762              
17      51             0.0012788899711750762              
13      30             0.0012788899340087506              
26      44             0.0012788899340087229              
6       54             0.0012788898968423765              
16      54             0.0012788898968423765              
35      54             0.0012788898968423765              
40      54             0.0012788898968423765              
2       5              0.00127888986833017                
2       15             0.00127888986833017                
24      52             0.00127888986833017                
7       30             0.0012788898596760231              
8       30             0.0012788898596760231              
11      30             0.0012788898225096629              
12      30             0.0012788898225096629              
31      54             0.001278889822509656               
9       52             0.0012788897939974425              
10      52             0.0012788897939974425              
19      30             0.0012788897853433026              
29      30             0.0012788897853433026              
30      34             0.0012788897853432957              
26      41             0.0012788897853432749              
26      51             0.0012788897853432749              
30      36             0.0012788897481769423              
30      37             0.0012788897481769423              
20      30             0.0012788897481769354              
45      54             0.0012788897481769285              
47      54             0.0012788897481769285              
1       2              0.001278889719664722               
3       13             0.001278889711010589               
17      33             0.0012788897110105613              
6       30             0.0012788896738442218              
16      30             0.0012788896738442218              
30      35             0.0012788896738442218              
30      40             0.0012788896738442218              
49      54             0.001278889673844208               
3       7              0.0012788896366778685              
3       8              0.0012788896366778685              
13      53             0.0012788896366778685              
3       11             0.0012788895995115013              
3       12             0.0012788895995115013              
30      31             0.0012788895995114943              
21      52             0.001278889570999267               
22      52             0.001278889570999267               
7       53             0.001278889562345141               
8       53             0.001278889562345141               
3       19             0.001278889562345134               
3       29             0.001278889562345134               
3       34             0.001278889562345134               
3       20             0.0012788895251787807              
3       36             0.0012788895251787807              
3       37             0.0012788895251787807              
11      53             0.0012788895251787807              
12      53             0.0012788895251787807              
30      45             0.0012788895251787738              
30      47             0.0012788895251787738              
38      54             0.00127888952517876                
48      54             0.00127888952517876                
19      53             0.0012788894880124205              
29      53             0.0012788894880124205              
34      53             0.0012788894880124205              
17      26             0.0012788894880123927              
3       6              0.0012788894508460602              
3       16             0.0012788894508460602              
3       35             0.0012788894508460602              
3       40             0.0012788894508460602              
20      53             0.0012788894508460602              
36      53             0.0012788894508460602              
37      53             0.0012788894508460602              
30      49             0.0012788894508460533              
46      54             0.0012788894508460463              
50      54             0.0012788894508460463              
6       53             0.0012788893765133397              
16      53             0.0012788893765133397              
35      53             0.0012788893765133397              
40      53             0.0012788893765133397              
3       31             0.0012788893765133327              
44      54             0.0012788893765133189              
5       52             0.0012788893480010985              
15      52             0.0012788893480010985              
2       13             0.0012788893393470002              
3       45             0.0012788893021806122              
3       47             0.0012788893021806122              
31      53             0.0012788893021806122              
30      38             0.0012788893021805983              
30      48             0.0012788893021805983              
2       7              0.0012788892650142727              
2       8              0.0012788892650142727              
2       11             0.0012788892278479125              
2       12             0.0012788892278479125              
3       49             0.0012788892278478917              
45      53             0.0012788892278478917              
47      53             0.0012788892278478917              
30      46             0.0012788892278478847              
30      50             0.0012788892278478847              
41      54             0.0012788892278478708              
51      54             0.0012788892278478708              
1       52             0.0012788891993356435              
2       19             0.0012788891906815453              
2       29             0.0012788891906815453              
2       34             0.0012788891906815453              
2       20             0.001278889153515185               
2       36             0.001278889153515185               
2       37             0.001278889153515185               
30      44             0.0012788891535151642              
49      53             0.0012788891535151642              
2       6              0.0012788890791824645              
2       16             0.0012788890791824645              
2       35             0.0012788890791824645              
2       40             0.0012788890791824645              
3       38             0.0012788890791824367              
3       48             0.0012788890791824367              
2       31             0.001278889004849744               
3       46             0.0012788890048497231              
3       50             0.0012788890048497231              
38      53             0.0012788890048497162              
48      53             0.0012788890048497162              
30      41             0.0012788890048497092              
30      51             0.0012788890048497092              
33      54             0.001278888967683349               
2       45             0.0012788889305170165              
2       47             0.0012788889305170165              
3       44             0.0012788889305170026              
46      53             0.0012788889305170026              
50      53             0.0012788889305170026              
17      54             0.0012788889305169887              
2       49             0.001278888856184296               
44      53             0.0012788888561842751              
13      52             0.0012788888190179634              
24      38             0.0012788888190179218              
3       41             0.0012788887818515476              
3       51             0.0012788887818515476              
7       52             0.001278888744685236               
8       52             0.001278888744685236               
24      46             0.0012788887446852082              
24      50             0.0012788887446852082              
9       38             0.0012788887446852013              
10      38             0.0012788887446852013              
30      33             0.0012788887446851874              
26      54             0.0012788887446851804              
11      52             0.0012788887075188757              
12      52             0.0012788887075188757              
2       38             0.001278888707518841               
2       48             0.001278888707518841               
17      30             0.001278888707518827               
41      53             0.001278888707518827               
51      53             0.001278888707518827               
19      52             0.0012788886703525085              
29      52             0.0012788886703525085              
34      52             0.0012788886703525085              
9       46             0.0012788886703524877              
9       50             0.0012788886703524877              
10      46             0.0012788886703524877              
10      50             0.0012788886703524877              
20      52             0.0012788886331861482              
36      52             0.0012788886331861482              
37      52             0.0012788886331861482              
2       46             0.0012788886331861274              
2       50             0.0012788886331861274              
6       52             0.0012788885588534277              
16      52             0.0012788885588534277              
35      52             0.0012788885588534277              
40      52             0.0012788885588534277              
2       44             0.0012788885588534                 
21      38             0.0012788885216870396              
22      38             0.0012788885216870396              
24      41             0.0012788885216870327              
24      51             0.0012788885216870327              
31      52             0.0012788884845207002              
3       17             0.0012788884845206586              
21      46             0.0012788884473543191              
21      50             0.0012788884473543191              
22      46             0.0012788884473543191              
22      50             0.0012788884473543191              
9       41             0.0012788884473543052              
9       51             0.0012788884473543052              
10      41             0.0012788884473543052              
10      51             0.0012788884473543052              
45      52             0.0012788884101879797              
47      52             0.0012788884101879797              
2       41             0.001278888410187945               
2       51             0.001278888410187945               
17      53             0.001278888410187938               
49      52             0.0012788883358552522              
7       13             0.0012788883272009319              
8       13             0.0012788883272009319              
5       38             0.001278888298688885               
15      38             0.001278888298688885               
11      13             0.0012788882900345716              
12      13             0.0012788882900345716              
7       8              0.0012788882528682113              
13      19             0.0012788882528682044              
13      29             0.0012788882528682044              
13      34             0.0012788882528682044              
5       46             0.0012788882243561644              
5       50             0.0012788882243561644              
15      46             0.0012788882243561644              
15      50             0.0012788882243561644              
17      24             0.0012788882243561436              
21      41             0.0012788882243561436              
21      51             0.0012788882243561436              
22      41             0.0012788882243561436              
22      51             0.0012788882243561436              
13      20             0.001278888215701851               
13      36             0.001278888215701851               
13      37             0.001278888215701851               
7       11             0.0012788882157018441              
7       12             0.0012788882157018441              
8       11             0.0012788882157018441              
8       12             0.0012788882157018441              
48      52             0.0012788881871897972              
11      12             0.0012788881785354908              
7       19             0.0012788881785354839              
7       29             0.0012788881785354839              
7       34             0.0012788881785354839              
8       19             0.0012788881785354839              
8       29             0.0012788881785354839              
8       34             0.0012788881785354839              
1       38             0.001278888150023437               
6       13             0.0012788881413691375              
7       20             0.0012788881413691305              
7       36             0.0012788881413691305              
7       37             0.0012788881413691305              
8       20             0.0012788881413691305              
8       36             0.0012788881413691305              
8       37             0.0012788881413691305              
13      16             0.0012788881413691305              
13      35             0.0012788881413691305              
13      40             0.0012788881413691305              
11      19             0.0012788881413691236              
11      29             0.0012788881413691236              
11      34             0.0012788881413691236              
12      19             0.0012788881413691236              
12      29             0.0012788881413691236              
12      34             0.0012788881413691236              
2       17             0.001278888112857056               
11      20             0.0012788881042027703              
11      36             0.0012788881042027703              
11      37             0.0012788881042027703              
12      20             0.0012788881042027703              
12      36             0.0012788881042027703              
12      37             0.0012788881042027703              
19      29             0.0012788881042027633              
19      34             0.0012788881042027633              
29      34             0.0012788881042027633              
1       46             0.0012788880756907234              
1       50             0.0012788880756907234              
6       7              0.001278888067036417               
6       8              0.001278888067036417               
13      31             0.001278888067036417               
7       16             0.00127888806703641                
7       35             0.00127888806703641                
7       40             0.00127888806703641                
8       16             0.00127888806703641                
8       35             0.00127888806703641                
8       40             0.00127888806703641                
19      20             0.00127888806703641                
19      36             0.00127888806703641                
19      37             0.00127888806703641                
29      36             0.00127888806703641                
29      37             0.00127888806703641                
34      36             0.00127888806703641                
34      37             0.00127888806703641                
20      29             0.001278888067036403               
20      34             0.001278888067036403               
44      52             0.0012788880385243562              
6       11             0.0012788880298700567              
6       12             0.0012788880298700567              
11      16             0.0012788880298700497              
11      35             0.0012788880298700497              
11      40             0.0012788880298700497              
12      16             0.0012788880298700497              
12      35             0.0012788880298700497              
12      40             0.0012788880298700497              
20      36             0.0012788880298700497              
20      37             0.0012788880298700497              
36      37             0.0012788880298700497              
5       41             0.001278888001357989               
5       51             0.001278888001357989               
15      41             0.001278888001357989               
15      51             0.001278888001357989               
7       31             0.0012788879927036964              
8       31             0.0012788879927036964              
13      45             0.0012788879927036964              
13      47             0.0012788879927036964              
6       19             0.0012788879927036895              
6       29             0.0012788879927036895              
6       34             0.0012788879927036895              
16      19             0.0012788879927036895              
16      29             0.0012788879927036895              
16      34             0.0012788879927036895              
19      35             0.0012788879927036895              
19      40             0.0012788879927036895              
29      35             0.0012788879927036895              
29      40             0.0012788879927036895              
34      35             0.0012788879927036895              
34      40             0.0012788879927036895              
30      54             0.001278887964191594               
6       20             0.0012788879555373361              
6       36             0.0012788879555373361              
6       37             0.0012788879555373361              
11      31             0.0012788879555373361              
12      31             0.0012788879555373361              
16      20             0.0012788879555373361              
16      36             0.0012788879555373361              
16      37             0.0012788879555373361              
35      36             0.0012788879555373361              
35      37             0.0012788879555373361              
20      35             0.0012788879555373292              
20      40             0.0012788879555373292              
36      40             0.0012788879555373292              
37      40             0.0012788879555373292              
17      21             0.0012788879270252546              
17      22             0.0012788879270252546              
7       45             0.0012788879183709759              
7       47             0.0012788879183709759              
8       45             0.0012788879183709759              
8       47             0.0012788879183709759              
13      49             0.0012788879183709759              
19      31             0.0012788879183709759              
29      31             0.0012788879183709759              
31      34             0.001278887918370969               
6       16             0.0012788878812046156              
6       35             0.0012788878812046156              
6       40             0.0012788878812046156              
11      45             0.0012788878812046156              
11      47             0.0012788878812046156              
12      45             0.0012788878812046156              
12      47             0.0012788878812046156              
16      35             0.0012788878812046156              
16      40             0.0012788878812046156              
20      31             0.0012788878812046156              
31      36             0.0012788878812046156              
31      37             0.0012788878812046156              
35      40             0.0012788878812046156              
1       41             0.001278887852692541               
1       51             0.001278887852692541               
7       49             0.0012788878440382553              
8       49             0.0012788878440382553              
19      45             0.0012788878440382553              
19      47             0.0012788878440382553              
29      45             0.0012788878440382553              
29      47             0.0012788878440382553              
34      45             0.0012788878440382553              
34      47             0.0012788878440382553              
6       31             0.001278887806871902               
16      31             0.001278887806871902               
11      49             0.001278887806871895               
12      49             0.001278887806871895               
20      45             0.001278887806871895               
20      47             0.001278887806871895               
31      35             0.001278887806871895               
31      40             0.001278887806871895               
36      45             0.001278887806871895               
36      47             0.001278887806871895               
37      45             0.001278887806871895               
37      47             0.001278887806871895               
13      38             0.0012788877697055348              
13      48             0.0012788877697055348              
19      49             0.0012788877697055348              
29      49             0.0012788877697055348              
34      49             0.0012788877697055348              
3       54             0.0012788877411934255              
6       45             0.0012788877325391815              
6       47             0.0012788877325391815              
16      45             0.0012788877325391815              
16      47             0.0012788877325391815              
35      45             0.0012788877325391815              
35      47             0.0012788877325391815              
40      45             0.0012788877325391815              
40      47             0.0012788877325391815              
20      49             0.0012788877325391745              
36      49             0.0012788877325391745              
37      49             0.0012788877325391745              
13      46             0.0012788876953728212              
13      50             0.0012788876953728212              
7       38             0.0012788876953728143              
7       48             0.0012788876953728143              
8       38             0.0012788876953728143              
8       48             0.0012788876953728143              
53      54             0.001278887666860705               
6       49             0.001278887658206461               
16      49             0.001278887658206461               
31      45             0.001278887658206461               
31      47             0.001278887658206461               
35      49             0.001278887658206461               
40      49             0.001278887658206461               
11      38             0.001278887658206454               
11      48             0.001278887658206454               
12      38             0.001278887658206454               
12      48             0.001278887658206454               
13      44             0.0012788876210401076              
7       46             0.0012788876210401007              
7       50             0.0012788876210401007              
8       46             0.0012788876210401007              
8       50             0.0012788876210401007              
19      38             0.0012788876210400937              
19      48             0.0012788876210400937              
29      38             0.0012788876210400937              
29      48             0.0012788876210400937              
34      38             0.0012788876210400937              
34      48             0.0012788876210400937              
17      52             0.0012788875925280052              
11      46             0.0012788875838737404              
11      50             0.0012788875838737404              
12      46             0.0012788875838737404              
12      50             0.0012788875838737404              
31      49             0.0012788875838737404              
45      47             0.0012788875838737404              
20      38             0.0012788875838737335              
20      48             0.0012788875838737335              
36      38             0.0012788875838737335              
36      48             0.0012788875838737335              
37      38             0.0012788875838737335              
37      48             0.0012788875838737335              
7       44             0.001278887546707387               
8       44             0.001278887546707387               
19      46             0.0012788875467073801              
19      50             0.0012788875467073801              
29      46             0.0012788875467073801              
29      50             0.0012788875467073801              
34      46             0.0012788875467073801              
34      50             0.0012788875467073801              
3       30             0.001278887518195257               
11      44             0.0012788875095410268              
12      44             0.0012788875095410268              
6       38             0.0012788875095410199              
6       48             0.0012788875095410199              
16      38             0.0012788875095410199              
16      48             0.0012788875095410199              
20      46             0.0012788875095410199              
20      50             0.0012788875095410199              
35      38             0.0012788875095410199              
35      48             0.0012788875095410199              
36      46             0.0012788875095410199              
36      50             0.0012788875095410199              
37      46             0.0012788875095410199              
37      50             0.0012788875095410199              
38      40             0.0012788875095410199              
40      48             0.0012788875095410199              
45      49             0.0012788875095410199              
47      49             0.0012788875095410199              
24      54             0.0012788874810289036              
19      44             0.0012788874723746665              
29      44             0.0012788874723746665              
34      44             0.0012788874723746665              
13      41             0.0012788874723746596              
13      51             0.0012788874723746596              
30      53             0.0012788874438625364              
6       46             0.0012788874352083063              
6       50             0.0012788874352083063              
16      46             0.0012788874352083063              
16      50             0.0012788874352083063              
20      44             0.0012788874352083063              
35      46             0.0012788874352083063              
35      50             0.0012788874352083063              
36      44             0.0012788874352083063              
37      44             0.0012788874352083063              
40      46             0.0012788874352083063              
40      50             0.0012788874352083063              
31      38             0.0012788874352082993              
31      48             0.0012788874352082993              
9       54             0.0012788874066961761              
10      54             0.0012788874066961761              
7       41             0.001278887398041939               
7       51             0.001278887398041939               
8       41             0.001278887398041939               
8       51             0.001278887398041939               
2       54             0.0012788873695298159              
6       44             0.0012788873608755927              
16      44             0.0012788873608755927              
35      44             0.0012788873608755927              
40      44             0.0012788873608755927              
31      46             0.0012788873608755857              
31      50             0.0012788873608755857              
11      41             0.0012788873608755788              
11      51             0.0012788873608755788              
12      41             0.0012788873608755788              
12      51             0.0012788873608755788              
38      45             0.0012788873608755788              
38      47             0.0012788873608755788              
45      48             0.0012788873608755788              
47      48             0.0012788873608755788              
19      41             0.0012788873237092185              
19      51             0.0012788873237092185              
29      41             0.0012788873237092185              
29      51             0.0012788873237092185              
34      41             0.0012788873237092185              
34      51             0.0012788873237092185              
31      44             0.0012788872865428652              
45      46             0.0012788872865428652              
45      50             0.0012788872865428652              
46      47             0.0012788872865428652              
47      50             0.0012788872865428652              
20      41             0.0012788872865428583              
20      51             0.0012788872865428583              
36      41             0.0012788872865428583              
36      51             0.0012788872865428583              
37      41             0.0012788872865428583              
37      51             0.0012788872865428583              
38      49             0.0012788872865428583              
3       53             0.001278887220864361               
6       41             0.0012788872122101447              
6       51             0.0012788872122101447              
16      41             0.0012788872122101447              
16      51             0.0012788872122101447              
35      41             0.0012788872122101447              
35      51             0.0012788872122101447              
40      41             0.0012788872122101447              
40      51             0.0012788872122101447              
46      49             0.0012788872122101447              
49      50             0.0012788872122101447              
21      54             0.0012788871836980076              
22      54             0.0012788871836980076              
13      17             0.0012788871750437913              
2       30             0.0012788871465316473              
31      41             0.0012788871378774241              
31      51             0.0012788871378774241              
7       17             0.0012788871007110708              
8       17             0.0012788871007110708              
11      17             0.0012788870635447105              
12      17             0.0012788870635447105              
41      45             0.0012788870635447036              
41      47             0.0012788870635447036              
45      51             0.0012788870635447036              
47      51             0.0012788870635447036              
41      49             0.001278886989211983               
49      51             0.001278886989211983               
5       54             0.001278886960699846               
15      54             0.001278886960699846               
2       3              0.0012788869235334718              
6       17             0.0012788869148792695              
16      17             0.0012788869148792695              
52      54             0.0012788868492007582              
2       53             0.0012788868492007444              
1       54             0.001278886812034398               
26      33             0.0012788857998884545              
24      33             0.0012788845362322054              
9       33             0.001278884461899485               
10      33             0.001278884461899485               
24      26             0.00127888431323403                
21      33             0.0012788842389013164              
22      33             0.0012788842389013164              
9       26             0.0012788842389013025              
10      26             0.0012788842389013025              
5       33             0.0012788840159031617              
15      33             0.0012788840159031617              
21      26             0.0012788840159031409              
22      26             0.0012788840159031409              
1       33             0.0012788838672377137              
5       26             0.0012788837929049793              
15      26             0.0012788837929049793              
1       26             0.0012788836442395313              
9       24             0.0012788829752450048              
10      24             0.0012788829752450048              
9       10             0.0012788829009122843              
21      24             0.0012788827522468293              
22      24             0.0012788827522468293              
9       21             0.0012788826779141088              
9       22             0.0012788826779141088              
10      21             0.0012788826779141088              
10      22             0.0012788826779141088              
5       24             0.0012788825292486677              
15      24             0.0012788825292486677              
5       9              0.0012788824549159403              
5       10             0.0012788824549159403              
9       15             0.0012788824549159333              
10      15             0.0012788824549159333              
21      22             0.0012788824549159264              
1       24             0.0012788823805832128              
1       9              0.0012788823062504923              
1       10             0.0012788823062504923              
5       21             0.0012788822319177579              
5       22             0.0012788822319177579              
15      21             0.0012788822319177579              
15      22             0.0012788822319177579              
1       21             0.0012788820832523098              
1       22             0.0012788820832523098              
5       15             0.0012788820089195893              
1       5              0.0012788818602541413              
1       15             0.0012788818602541413              
39      46             -0.004685448870894202              
39      50             -0.004685448870894202              
39      41             -0.004685449034331962              
39      51             -0.004685449034331962              
4       41             -0.004685449108664679              
4       51             -0.004685449108664679              
14      38             -0.004685449411076712              
18      38             -0.004685449411076712              
14      46             -0.00468544946555596               
14      50             -0.00468544946555596               
18      46             -0.00468544946555596               
18      50             -0.00468544946555596               
6       42             -0.004685449547510389              
16      42             -0.004685449547510389              
31      42             -0.004685449601989647              
14      41             -0.004685449628993723              
14      51             -0.004685449628993723              
18      41             -0.004685449628993723              
18      51             -0.004685449628993723              
42      45             -0.004685449656468901              
42      47             -0.004685449656468901              
6       43             -0.00468544969617583               
16      43             -0.00468544969617583               
35      43             -0.00468544969617583               
40      43             -0.00468544969617583               
42      49             -0.004685449710948156              
27      38             -0.004685449745573951              
28      38             -0.004685449745573951              
31      43             -0.004685449750655088              
27      46             -0.0046854498000531986             
27      50             -0.0046854498000531986             
28      46             -0.0046854498000531986             
28      50             -0.0046854498000531986             
43      45             -0.004685449805134342              
43      47             -0.004685449805134342              
38      42             -0.004685449819906665              
43      49             -0.004685449859613597              
42      46             -0.004685449874385919              
42      50             -0.004685449874385919              
27      41             -0.004685449963490969              
27      51             -0.004685449963490969              
28      41             -0.004685449963490969              
28      51             -0.004685449963490969              
38      43             -0.004685449968572109              
32      41             -0.004685450000657329              
32      51             -0.004685450000657329              
43      46             -0.00468545002305136               
43      50             -0.00468545002305136               
41      42             -0.004685450037823682              
42      51             -0.004685450037823686              
25      41             -0.004685450074990046              
25      51             -0.004685450074990046              
39      53             -0.004685450178396264              
41      43             -0.0046854501864891235             
43      51             -0.004685450186489127              
26      32             -0.0046854503547724795             
23      38             -0.004685450377402069              
14      54             -0.004685450391703271              
18      54             -0.004685450391703271              
25      26             -0.0046854504291052                
23      46             -0.00468545043188132               
23      50             -0.00468545043188132               
23      41             -0.00468545059531909               
23      51             -0.00468545059531909               
27      54             -0.004685450726200524              
28      54             -0.004685450726200524              
23      33             -0.004685450785996477              
42      54             -0.004685450800533245              
43      54             -0.004685450949198693              
23      26             -0.004685450949434247              
33      39             -0.0046854510876544915             
32      53             -0.004685451144721669              
3       25             -0.004685451164575135              
25      53             -0.004685451219054389              
26      39             -0.004685451251092251              
2       27             -0.0046854513254723194             
2       28             -0.0046854513254723194             
23      54             -0.0046854513580286625             
2       32             -0.004685451362638683              
2       42             -0.00468545139980504               
2       25             -0.004685451436971404              
21      32             -0.004685451498836819              
22      32             -0.004685451498836819              
2       43             -0.0046854515484704914             
21      25             -0.004685451573169543              
22      25             -0.004685451573169543              
5       32             -0.004685451662274579              
15      32             -0.004685451662274579              
5       42             -0.004685451699440936              
15      42             -0.004685451699440936              
1       27             -0.004685451734066728              
1       28             -0.004685451734066728              
5       25             -0.004685451736607303              
15      25             -0.004685451736607303              
1       32             -0.0046854517712330915             
1       42             -0.004685451808399448              
1       25             -0.0046854518455658155             
5       43             -0.004685451848106391              
15      43             -0.004685451848106391              
23      24             -0.004685451875581587              
9       23             -0.0046854519300608445             
10      23             -0.0046854519300608445             
1       43             -0.0046854519570649                
21      23             -0.004685452093498611              
22      23             -0.004685452093498611              
7       39             -0.004685452133110859              
8       39             -0.004685452133110859              
11      39             -0.004685452160350486              
12      39             -0.004685452160350486              
19      39             -0.004685452187590113              
29      39             -0.004685452187590113              
34      39             -0.004685452187590113              
20      39             -0.004685452214829737              
36      39             -0.004685452214829737              
37      39             -0.004685452214829737              
4       11             -0.0046854522346832                
4       12             -0.0046854522346832                
5       23             -0.004685452256936375              
15      23             -0.004685452256936375              
6       39             -0.004685452269308988              
16      39             -0.004685452269308988              
35      39             -0.004685452269308988              
39      40             -0.004685452269308988              
4       20             -0.004685452289162451              
4       36             -0.004685452289162451              
4       37             -0.004685452289162451              
31      39             -0.004685452323788239              
23      52             -0.004685452338655263              
4       6              -0.004685452343641705              
4       16             -0.004685452343641705              
4       35             -0.004685452343641705              
4       40             -0.004685452343641705              
1       23             -0.004685452365894887              
39      45             -0.00468545237826749               
39      47             -0.00468545237826749               
21      39             -0.0046854523951565565             
22      39             -0.0046854523951565565             
4       31             -0.004685452398120956              
39      49             -0.004685452432746744              
4       45             -0.004685452452600207              
4       47             -0.004685452452600207              
4       49             -0.004685452507079461              
38      39             -0.004685452541705253              
5       39             -0.004685452558594309              
15      39             -0.004685452558594309              
4       38             -0.00468545261603797               
4       48             -0.00468545261603797               
1       39             -0.004685452667552818              
4       46             -0.004685452670517218              
4       50             -0.004685452670517218              
13      14             -0.004685452673293351              
13      18             -0.004685452673293351              
4       44             -0.004685452724996469              
7       14             -0.004685452727772606              
7       18             -0.004685452727772606              
8       14             -0.004685452727772606              
8       18             -0.004685452727772606              
11      14             -0.004685452755012233              
11      18             -0.004685452755012233              
12      14             -0.004685452755012233              
12      18             -0.004685452755012233              
14      19             -0.004685452782251864              
14      29             -0.004685452782251864              
14      34             -0.004685452782251864              
18      19             -0.004685452782251864              
18      29             -0.004685452782251864              
18      34             -0.004685452782251864              
14      20             -0.004685452809491487              
14      36             -0.004685452809491487              
14      37             -0.004685452809491487              
18      20             -0.004685452809491487              
18      36             -0.004685452809491487              
18      37             -0.004685452809491487              
6       14             -0.004685452863970738              
6       18             -0.004685452863970738              
14      16             -0.004685452863970738              
14      35             -0.004685452863970738              
14      40             -0.004685452863970738              
16      18             -0.004685452863970738              
18      35             -0.004685452863970738              
18      40             -0.004685452863970738              
14      31             -0.004685452918449993              
18      31             -0.004685452918449993              
14      45             -0.004685452972929244              
14      47             -0.004685452972929244              
18      45             -0.004685452972929244              
18      47             -0.004685452972929244              
13      27             -0.004685453007790587              
13      28             -0.004685453007790587              
4       33             -0.004685453024632358              
14      49             -0.004685453027408498              
18      49             -0.004685453027408498              
13      32             -0.004685453044956947              
4       17             -0.0046854530518719885             
7       27             -0.004685453062269841              
7       28             -0.004685453062269841              
8       27             -0.004685453062269841              
8       28             -0.004685453062269841              
13      42             -0.0046854530821233                
11      27             -0.004685453089509468              
11      28             -0.004685453089509468              
12      27             -0.004685453089509468              
12      28             -0.004685453089509468              
7       32             -0.0046854530994362015             
8       32             -0.0046854530994362015             
19      27             -0.004685453116749099              
19      28             -0.004685453116749099              
27      29             -0.004685453116749099              
27      34             -0.004685453116749099              
28      29             -0.004685453116749099              
28      34             -0.004685453116749099              
13      25             -0.004685453119289664              
11      32             -0.004685453126675829              
12      32             -0.004685453126675829              
14      48             -0.004685453136367011              
18      48             -0.004685453136367011              
7       42             -0.004685453136602555              
8       42             -0.004685453136602555              
27      36             -0.004685453143988723              
27      37             -0.004685453143988723              
28      36             -0.004685453143988723              
28      37             -0.004685453143988723              
20      27             -0.004685453143988726              
20      28             -0.004685453143988726              
19      32             -0.004685453153915456              
29      32             -0.004685453153915456              
32      34             -0.004685453153915459              
11      42             -0.0046854531638421855             
12      42             -0.0046854531638421855             
7       25             -0.0046854531737689185             
8       25             -0.0046854531737689185             
20      32             -0.004685453181155083              
32      36             -0.004685453181155083              
32      37             -0.004685453181155083              
4       26             -0.004685453188070121              
19      42             -0.004685453191081813              
29      42             -0.004685453191081813              
34      42             -0.004685453191081813              
6       27             -0.004685453198467974              
6       28             -0.004685453198467974              
16      27             -0.004685453198467974              
16      28             -0.004685453198467974              
27      35             -0.004685453198467977              
27      40             -0.004685453198467977              
28      35             -0.004685453198467977              
28      40             -0.004685453198467977              
11      25             -0.004685453201008546              
12      25             -0.004685453201008546              
20      42             -0.00468545321832144               
36      42             -0.00468545321832144               
37      42             -0.00468545321832144               
19      25             -0.0046854532282481764             
25      29             -0.0046854532282481764             
25      34             -0.0046854532282481764             
13      43             -0.004685453230788741              
6       32             -0.004685453235634334              
16      32             -0.004685453235634334              
32      35             -0.004685453235634338              
32      40             -0.004685453235634338              
14      44             -0.004685453245325509              
18      44             -0.004685453245325509              
27      31             -0.004685453252947232              
28      31             -0.004685453252947232              
25      36             -0.0046854532554878                
25      37             -0.0046854532554878                
20      25             -0.004685453255487804              
35      42             -0.0046854532728006874             
40      42             -0.0046854532728006874             
7       43             -0.004685453285267996              
8       43             -0.004685453285267996              
31      32             -0.0046854532901135885             
27      45             -0.004685453307426483              
27      47             -0.004685453307426483              
28      45             -0.004685453307426483              
28      47             -0.004685453307426483              
6       25             -0.004685453309967051              
16      25             -0.004685453309967051              
25      35             -0.004685453309967055              
25      40             -0.004685453309967055              
11      43             -0.004685453312507623              
12      43             -0.004685453312507623              
19      43             -0.00468545333974725               
29      43             -0.00468545333974725               
34      43             -0.00468545333974725               
32      45             -0.004685453344592843              
32      47             -0.004685453344592843              
27      49             -0.004685453361905737              
28      49             -0.004685453361905737              
25      31             -0.004685453364446306              
20      43             -0.004685453366986881              
36      43             -0.004685453366986881              
37      43             -0.004685453366986881              
32      49             -0.004685453399072097              
25      45             -0.00468545341892556               
25      47             -0.00468545341892556               
27      48             -0.0046854534708642495             
28      48             -0.0046854534708642495             
25      49             -0.0046854534734048145             
32      38             -0.00468545350803061               
32      48             -0.00468545350803061               
39      54             -0.004685453522331795              
14      33             -0.004685453544961405              
18      33             -0.004685453544961405              
42      48             -0.004685453545196967              
32      46             -0.004685453562509861              
32      50             -0.004685453562509861              
27      52             -0.004685453569472253              
28      52             -0.004685453569472253              
14      17             -0.004685453572201036              
17      18             -0.004685453572201036              
27      44             -0.0046854535798227515             
28      44             -0.0046854535798227515             
25      38             -0.00468545358236333               
25      48             -0.00468545358236333               
4       54             -0.0046854535966645156             
32      52             -0.0046854536066386135             
32      44             -0.004685453616989112              
25      46             -0.004685453636842578              
25      50             -0.004685453636842578              
13      23             -0.004685453639618694              
42      52             -0.004685453643804974              
42      44             -0.0046854536541554685             
25      52             -0.0046854536809713375             
30      39             -0.004685453685769551              
25      44             -0.004685453691321829              
43      48             -0.004685453693862411              
7       23             -0.004685453694097948              
8       23             -0.004685453694097948              
14      26             -0.004685453708399172              
18      26             -0.004685453708399172              
11      23             -0.004685453721337579              
12      23             -0.004685453721337579              
19      23             -0.004685453748577206              
23      29             -0.00468545374857721               
23      34             -0.00468545374857721               
4       30             -0.004685453760102272              
20      23             -0.0046854537758168335             
23      36             -0.0046854537758168335             
23      37             -0.0046854537758168335             
43      52             -0.004685453792470425              
43      44             -0.004685453802820913              
6       23             -0.0046854538302960845             
16      23             -0.0046854538302960845             
23      35             -0.004685453830296088              
23      40             -0.004685453830296088              
3       39             -0.004685453849207311              
27      33             -0.004685453879458651              
28      33             -0.004685453879458651              
23      31             -0.004685453884775342              
17      27             -0.004685453906698278              
17      28             -0.004685453906698278              
32      33             -0.004685453916625011              
3       4              -0.004685453923540028              
23      45             -0.004685453939254597              
23      47             -0.004685453939254597              
17      32             -0.004685453943864638              
33      42             -0.004685453953791368              
4       53             -0.004685453978019286              
17      42             -0.004685453981030995              
25      33             -0.004685453990957728              
23      49             -0.004685453993733851              
4       13             -0.004685454015609467              
17      25             -0.004685454018197359              
26      27             -0.004685454042896418              
26      28             -0.004685454042896418              
4       7              -0.004685454070088722              
4       8              -0.004685454070088722              
33      43             -0.0046854541024568125             
23      48             -0.004685454102692367              
4       24             -0.004685454114217412              
26      42             -0.004685454117229135              
2       39             -0.004685454121603573              
4       19             -0.0046854541245679796             
4       29             -0.0046854541245679796             
4       34             -0.0046854541245679796             
17      43             -0.00468545412969644               
4       9              -0.004685454168696663              
4       10             -0.004685454168696663              
2       4              -0.00468545419593629               
23      44             -0.0046854542116508725             
26      43             -0.004685454265894579              
14      30             -0.0046854542804313296             
18      30             -0.0046854542804313296             
4       21             -0.004685454332134426              
4       22             -0.004685454332134426              
3       14             -0.004685454443869093              
3       18             -0.004685454443869093              
32      54             -0.004685454488657186              
4       5              -0.004685454495572183              
4       15             -0.004685454495572183              
14      53             -0.004685454498348347              
18      53             -0.004685454498348347              
39      52             -0.00468545450295834               
17      23             -0.004685454538526406              
25      54             -0.004685454562989903              
4       52             -0.004685454577291064              
1       4              -0.0046854546045306845             
27      30             -0.004685454614928582              
28      30             -0.004685454614928582              
14      24             -0.0046854546345464765             
18      24             -0.0046854546345464765             
30      32             -0.004685454652094946              
9       14             -0.004685454689025734              
9       18             -0.004685454689025734              
10      14             -0.004685454689025734              
10      18             -0.004685454689025734              
30      42             -0.004685454689261303              
2       14             -0.004685454716265362              
2       18             -0.004685454716265362              
25      30             -0.004685454726427667              
3       27             -0.004685454778366349              
3       28             -0.004685454778366349              
3       32             -0.004685454815532709              
27      53             -0.004685454832845604              
28      53             -0.004685454832845604              
30      43             -0.004685454837926751              
14      21             -0.004685454852463498              
14      22             -0.004685454852463498              
18      21             -0.004685454852463498              
18      22             -0.004685454852463498              
3       42             -0.004685454852699066              
42      53             -0.004685454907178324              
24      27             -0.004685454969043736              
24      28             -0.004685454969043736              
3       43             -0.004685455001364518              
5       14             -0.004685455015901254              
5       18             -0.004685455015901254              
14      15             -0.004685455015901254              
15      18             -0.004685455015901254              
9       27             -0.004685455023522991              
9       28             -0.004685455023522991              
10      27             -0.004685455023522991              
10      28             -0.004685455023522991              
24      42             -0.004685455043376457              
43      53             -0.004685455055843776              
14      52             -0.004685455097620139              
18      52             -0.004685455097620139              
9       42             -0.004685455097855711              
10      42             -0.004685455097855711              
1       14             -0.004685455124859763              
1       18             -0.004685455124859763              
21      27             -0.0046854551869607575             
21      28             -0.0046854551869607575             
22      27             -0.0046854551869607575             
22      28             -0.0046854551869607575             
24      43             -0.004685455192041905              
9       43             -0.004685455246521159              
10      43             -0.004685455246521159              
23      30             -0.004685455246756724              
21      42             -0.0046854552612934745             
22      42             -0.0046854552612934745             
5       27             -0.004685455350398517              
5       28             -0.004685455350398517              
15      27             -0.004685455350398517              
15      28             -0.004685455350398517              
21      43             -0.004685455409958926              
22      43             -0.004685455409958926              
3       23             -0.0046854554101944945             
23      53             -0.004685455464673752              
2       23             -0.00468545568259077               
13      39             -0.004685455803921903              
24      39             -0.004685455902529841              
9       39             -0.004685455957009095              
10      39             -0.004685455957009095              
39      48             -0.004685456266995552              
39      44             -0.00468545637595405               
17      39             -0.004685456702829566              
24      32             -0.004685456868855246              
9       32             -0.004685456923334504              
10      32             -0.004685456923334504              
24      25             -0.00468545694318797               
9       25             -0.004685456997667224              
10      25             -0.004685456997667224              
