#======================================================================
# PARAMETERS USED FOR THIS COMPUTATION: 
#      Sequence type: RNA
#      Total number of sequences in alignment data: 81
#      Length of sequences in alignment data: 32
#      Effective number of sequences: 5.447605660218776
#      Value of sequence identity: 0.8
#      Value of relative pseudocount: 0.5
# The First and Second columns represent sites and the
# Third column is MFDCA Frobenius norm, average product corrected (APC) DCA score
#======================================================================
12      30             2.995879561161052                  
11      31             2.948429355285099                  
13      29             2.67356947418297                   
4       17             1.236651127606963                  
10      32             1.1160510698950232                 
6       15             1.071202919789838                  
9       10             0.9061370362201698                 
10      13             0.7301010904693125                 
9       12             0.687224630121332                  
23      24             0.6721546634389083                 
9       30             0.6388343598738015                 
1       11             0.6050193434305846                 
10      29             0.6006973017991989                 
27      28             0.5754024867869043                 
30      32             0.5679814517246716                 
21      31             0.5672790146031644                 
2       5              0.5594714290986988                 
9       13             0.5571398602480219                 
1       31             0.5436715251723365                 
11      21             0.5430521531049726                 
3       5              0.5400171068401687                 
2       3              0.5400171068401675                 
22      23             0.5380579017679975                 
23      25             0.5209469489604641                 
12      32             0.504517942617968                  
22      24             0.45257326088777555                
26      27             0.44310353017323206                
15      32             0.4368090889400622                 
25      28             0.4356651553669948                 
26      28             0.4336626495212682                 
11      32             0.418938481407066                  
2       7              0.41704074733740304                
5       7              0.41704074733740215                
25      26             0.4153001947449739                 
24      25             0.41285382643771806                
3       7              0.40185415701500105                
6       7              0.4004642119030557                 
9       29             0.38981578137409834                
2       4              0.3897423429790131                 
4       5              0.38974234297901167                
17      20             0.3878959138699816                 
31      32             0.3863661896509867                 
3       4              0.3591148924850153                 
9       32             0.33741387485124597                
10      30             0.3345287474797004                 
21      23             0.327729193807325                  
10      12             0.3253771719644124                 
15      16             0.3085979742899555                 
29      30             0.2995456296419514                 
8       27             0.297614484540502                  
13      15             0.2972709567268973                 
14      28             0.2938507388148393                 
10      11             0.2905117942343961                 
1       9              0.2812787256498964                 
8       19             0.27911269771818825                
8       18             0.27911269771818553                
1       32             0.2768585441835234                 
22      25             0.273413769770925                  
4       7              0.26226779041232645                
15      29             0.2609862155007363                 
21      24             0.2604265410476889                 
16      19             0.25114478407924                   
16      18             0.2511447840792329                 
8       16             0.25081508815613013                
18      19             0.25070680405251883                
12      13             0.23534626904063316                
4       20             0.23341843902957332                
14      25             0.22902529335485183                
8       14             0.22683902435644854                
14      18             0.22562378628890872                
14      19             0.22562378628890023                
29      32             0.2153882190030515                 
14      16             0.2125485758592714                 
12      29             0.21148814811492067                
11      12             0.20659670079761638                
13      30             0.1933504269363312                 
19      20             0.19202973348973723                
18      20             0.19202973348973712                
10      31             0.18745885514382266                
21      32             0.18265172818205844                
13      32             0.1776726632658574                 
16      20             0.1764129039362652                 
30      31             0.17282186449781                   
14      15             0.17091520503494484                
17      18             0.1706965593827619                 
17      19             0.17069655938276157                
17      21             0.16861329146062454                
8       20             0.1624027827827738                 
1       25             0.16092737596479384                
8       26             0.15942543021164413                
16      17             0.15714887928493898                
25      27             0.15618014208679148                
14      20             0.15366906157240223                
18      26             0.14685247512604221                
19      26             0.14685247512604171                
18      22             0.14592707789537634                
19      22             0.14592707789537618                
8       17             0.1453969653982784                 
6       25             0.14519644959630018                
3       18             0.1439936171462743                 
3       19             0.14399361714627357                
16      26             0.1430037019571388                 
8       22             0.14190130285102381                
16      22             0.14134486342372304                
6       27             0.13563257627689573                
14      17             0.13283459200045517                
5       19             0.13203615773059307                
2       19             0.13203615773059263                
2       18             0.13203615773059224                
5       18             0.1320361577305914                 
21      22             0.1307557210836846                 
18      27             0.12670322373632714                
19      27             0.1267032237363268                 
7       19             0.12616682123162443                
7       18             0.1261668212316242                 
1       6              0.12359675394017966                
3       16             0.12224728339838714                
5       16             0.11814097025014264                
2       16             0.11814097025014142                
16      27             0.11803445577862698                
1       29             0.11463956545684162                
7       16             0.11395350674955412                
19      28             0.11297068767949298                
18      28             0.11297068767949298                
11      23             0.11228969590632587                
6       32             0.11204183496582187                
14      22             0.10639643901488371                
20      26             0.10487448910249281                
16      28             0.09848873726486068                
3       14             0.09777881663442112                
5       8              0.0960265984229815                 
2       8              0.09602659842298                   
15      20             0.09489326577676532                
22      31             0.09250164562309465                
2       14             0.09247816314073798                
5       14             0.09247816314073731                
18      23             0.09143875250191286                
19      23             0.09143875250191258                
7       8              0.08946378306347505                
7       14             0.0893714579474682                 
2       6              0.08877154551108274                
5       6              0.08877154551108107                
8       28             0.08617807425605178                
18      24             0.0848870579296283                 
19      24             0.08488705792962814                
11      30             0.08404178573565602                
3       8              0.08342717665961247                
17      32             0.08185341999046414                
16      23             0.079702318476782                  
14      26             0.07949300571977524                
6       29             0.0754976278118753                 
1       24             0.07413764174542875                
17      26             0.07278720263543803                
20      21             0.06981251707180969                
16      24             0.06880952739343443                
9       15             0.06878529115346532                
3       6              0.06695910318943549                
8       23             0.06527613152276485                
6       9              0.06431633373681755                
3       26             0.06297837225918643                
21      25             0.0626268532506809                 
1       3              0.06256389693848796                
11      22             0.06160598265946088                
5       26             0.059081453120503113               
2       26             0.05908145312050145                
7       26             0.0560325423306694                 
14      23             0.05585371528954597                
8       24             0.055351415175191765               
1       14             0.054591985024128376               
1       2              0.053550783460421914               
1       5              0.05355078346042125                
20      27             0.05342721843477216                
14      27             0.05264014043155191                
12      21             0.04743227542978323                
12      31             0.04666872663997956                
17      22             0.046579363199469315               
14      24             0.045966354118729624               
6       13             0.043694090355856696               
3       20             0.04204619781784236                
2       20             0.04192117579581228                
5       20             0.04192117579581195                
20      28             0.04075368917036726                
3       22             0.03617415431043486                
4       21             0.03553812658921196                
2       22             0.03440945748789909                
5       22             0.034409457487898976               
20      24             0.03383128627962645                
7       22             0.03347799769350912                
20      22             0.03340313757532354                
7       20             0.03229783605370845                
10      15             0.030588138442528945               
17      27             0.02789189362806338                
4       19             0.02696724687808688                
4       18             0.026967246878085827               
20      23             0.023304223884880515               
11      24             0.02182797474661119                
17      28             0.016669826269819776               
2       27             0.016139377890192624               
5       27             0.016139377890192402               
7       24             0.014624516985171088               
3       27             0.013951536539768716               
25      31             0.011460319192354351               
1       12             0.008734326401677484               
15      21             0.008131169903234536               
5       24             0.006359673134819943               
2       24             0.006359673134819582               
1       30             0.006062060393445923               
7       27             0.005764131291593033               
7       23             0.005047404866968197               
5       23             0.0050133544096909455              
2       23             0.005013354409690807               
2       28             0.0024993451016587787              
5       28             0.0024993451016584456              
4       16             0.0010801186779246241              
3       28             0.0005024664005513213              
3       23             -0.00032008848378209387            
7       17             -0.00041497870225476463            
3       24             -0.001995734468910826              
3       17             -0.0033367119249495536             
9       11             -0.0040193212767206665             
17      24             -0.00403956823513818               
17      23             -0.004236358823132391              
15      18             -0.004432901629626285              
15      19             -0.004432901629627173              
7       28             -0.004794582875415038              
15      28             -0.004858677747956175              
2       17             -0.005473750404688615              
5       17             -0.005473750404689615              
1       7              -0.01271798072047331               
7       9              -0.012855794697849365              
18      21             -0.012942091177938875              
19      21             -0.012942091177939152              
22      27             -0.01370650732731482               
15      30             -0.01606467770612774               
21      30             -0.02006771244330241               
22      32             -0.020777950599446093              
4       14             -0.02401448957529484               
22      26             -0.025370610473040123              
23      31             -0.026548225960418226              
9       31             -0.026708086935888775              
6       12             -0.027894641816415433              
8       10             -0.029289660610945678              
16      21             -0.03129223807534032               
6       30             -0.03184329107889666               
27      29             -0.03229233235851697               
8       9              -0.03277585054475618               
4       26             -0.03671628155619511               
1       28             -0.038839519140401735              
6       26             -0.042688491908323356              
6       28             -0.0438635451763032                
22      28             -0.04437200434526059               
10      25             -0.0462953194108468                
27      31             -0.04641553242941837               
4       32             -0.04661835174009549               
12      15             -0.04721770486392296               
24      27             -0.05019045032393454               
4       8              -0.05132242428821984               
1       4              -0.05181420791158253               
14      21             -0.05330464025578707               
1       15             -0.053815363585177634              
6       20             -0.05584316236456588               
8       15             -0.058342501476948416              
24      26             -0.05950787523572365               
12      23             -0.06000492029283122               
1       21             -0.06003084006052589               
15      25             -0.06286985778837634               
4       6              -0.06685750050914513               
1       23             -0.06936804187661011               
8       21             -0.07107381134224039               
28      29             -0.07259919490184175               
24      31             -0.07313234884226494               
19      25             -0.07375616426533516               
18      25             -0.07375616426533527               
24      28             -0.07441821212518204               
6       18             -0.08018522480222909               
6       19             -0.08018522480222923               
9       19             -0.0830848168304712                
9       18             -0.08308481683047364               
4       22             -0.08773678407384711               
27      30             -0.0928015078558081                
26      29             -0.09287809332776553               
23      27             -0.09350944435163397               
10      20             -0.09634795313809069               
4       27             -0.09767121046223137               
15      26             -0.09921528414436392               
20      32             -0.09925864784139643               
4       24             -0.10137431468489488               
1       10             -0.10173542492445242               
6       16             -0.1031774359401546                
12      24             -0.105411842375634                 
16      25             -0.10620092351521654               
4       23             -0.1097910000465899                
3       21             -0.11067851371560566               
4       28             -0.11154126166067707               
5       21             -0.11196331758223865               
2       21             -0.11196331758223871               
9       14             -0.11252677198070749               
15      17             -0.11504248254396426               
6       21             -0.11768714341730424               
9       16             -0.12159382045694239               
28      30             -0.12213566554841171               
26      31             -0.12299879750544174               
28      31             -0.12313990989018103               
29      31             -0.1235553157642657                
11      25             -0.12403489484550428               
6       24             -0.1240696351480561                
21      26             -0.1265050182216549                
23      28             -0.12783881529908026               
7       21             -0.1285205042509115                
13      31             -0.12867490003860116               
10      18             -0.13037407524084355               
10      19             -0.130374075240848                 
6       14             -0.13439069345860735               
23      26             -0.1353949292449924                
9       25             -0.13627634444033496               
6       8              -0.1368203816575342                
7       25             -0.1385539462184706                
13      27             -0.13899261080906433               
26      30             -0.14178212208520402               
4       29             -0.1444657122717662                
20      25             -0.14501831550587846               
25      30             -0.145647309352888                 
5       25             -0.14627029937137087               
2       25             -0.14627029937137143               
5       15             -0.14842038414707917               
2       15             -0.14842038414707992               
21      27             -0.14855967202448                  
8       25             -0.14982696162986375               
15      24             -0.15289020043679433               
1       26             -0.15450763351514296               
3       15             -0.1548878196494755                
10      16             -0.15559679660610942               
21      28             -0.15561645984409753               
13      28             -0.15649543479350542               
1       20             -0.1571840278682167                
11      13             -0.1574127797170084                
3       25             -0.16164689509352792               
10      14             -0.16326637069629335               
7       15             -0.1645725103966659                
13      20             -0.16477863997151587               
17      25             -0.16549171236687335               
4       25             -0.1669661268825327                
15      27             -0.16752086270055416               
1       16             -0.16916189400444173               
11      29             -0.17037650900412749               
13      22             -0.17047022035723103               
9       20             -0.17049447770079437               
6       22             -0.17069535019726398               
13      25             -0.17680259315489336               
8       29             -0.17698408341626548               
25      29             -0.1781954003821                   
6       17             -0.17897643639169777               
8       13             -0.18364099361272904               
6       23             -0.18567693672325228               
4       30             -0.18674281435133844               
26      32             -0.1875278430834882                
15      23             -0.19299637291249688               
4       13             -0.19499672750787486               
12      27             -0.1953908073223401                
15      22             -0.1957930971789881                
1       27             -0.19780731091797504               
1       8              -0.1997425179510198                
12      28             -0.20035602539937297               
17      29             -0.2016292009100228                
1       22             -0.20332568940832832               
23      30             -0.20391873898744745               
10      26             -0.20683742389159857               
27      32             -0.20685918622259375               
3       13             -0.20847332665041685               
20      29             -0.20965314282503308               
7       29             -0.21143728936475406               
1       19             -0.21308865082240389               
1       18             -0.2130886508224042                
24      30             -0.21331376516536873               
4       9              -0.2148421600572152                
2       10             -0.21661038494222765               
5       10             -0.2166103849422286                
2       13             -0.21766258107511324               
5       13             -0.21766258107511346               
7       13             -0.21797374810041875               
9       26             -0.22147318995682438               
25      32             -0.22280864826232658               
3       29             -0.22316554512999073               
10      28             -0.2234926849465479                
9       21             -0.223837448583251                 
4       10             -0.22403987429795438               
28      32             -0.22407006968287158               
3       10             -0.22451328810313262               
13      16             -0.22477220583464413               
2       9              -0.22646147995447946               
5       9              -0.22646147995448046               
10      27             -0.2290184099991867                
22      30             -0.22905052079349947               
13      14             -0.2313045667867537                
13      19             -0.23198517125616294               
13      18             -0.2319851712561635                
11      19             -0.23256390441591024               
11      18             -0.23256390441591043               
10      21             -0.2332418661873022                
8       31             -0.23371012184965115               
13      17             -0.23394730656539273               
2       29             -0.2343568852178892                
5       29             -0.23435688521788936               
4       31             -0.2372116963757806                
13      26             -0.23809504886491048               
7       10             -0.23817676410137287               
1       17             -0.24050549098140675               
1       13             -0.24121803759335558               
20      31             -0.24390356758687196               
9       24             -0.24456420572098933               
9       17             -0.2456751016872432                
11      27             -0.2469466331563765                
11      28             -0.24842559115319202               
11      16             -0.24865700874567453               
4       12             -0.2487476068609121                
13      24             -0.2505845468124694                
20      30             -0.25173117725213556               
3       9              -0.2547691377755972                
12      26             -0.2569655628823118                
10      17             -0.2569771170491764                
11      15             -0.2594675941660981                
13      23             -0.26027606668201486               
17      30             -0.260880441475699                 
8       11             -0.26279934845216146               
22      29             -0.26394989819150605               
3       31             -0.26419415529241447               
24      32             -0.26561060128301656               
9       27             -0.2659763936757252                
7       11             -0.26615142079374177               
14      29             -0.26774837249241723               
11      20             -0.26955406421521644               
6       31             -0.27037753473159554               
6       10             -0.2717385544016938                
7       31             -0.2731749237510766                
4       15             -0.2736196422867368                
9       23             -0.2740112055500444                
16      29             -0.2760318660223947                
23      32             -0.2797493683230219                
11      14             -0.2819017949118432                
2       11             -0.2840887532207965                
5       11             -0.2840887532207967                
3       11             -0.28475049700459604               
8       12             -0.2848584170154872                
12      17             -0.28866224574438504               
12      19             -0.28929296913581176               
12      18             -0.2892929691358118                
12      14             -0.29099115303161577               
3       12             -0.2920383883243247                
12      20             -0.293097836510646                 
2       12             -0.29393941346914015               
5       12             -0.29393941346914043               
12      16             -0.2948207283446811                
3       30             -0.29498270191462167               
2       31             -0.29750793725224955               
5       31             -0.29750793725225                  
11      17             -0.2978539359829493                
18      29             -0.29804363219185515               
19      29             -0.29804363219185537               
11      26             -0.29855691847462257               
9       28             -0.29933420313324083               
23      29             -0.3000311988625449                
13      21             -0.30012439452523687               
18      32             -0.307502149844872                 
19      32             -0.30750214984487245               
8       32             -0.30854836747204323               
3       32             -0.3108067862618267                
2       30             -0.3153890517415593                
5       30             -0.31538905174155957               
24      29             -0.31645923006589194               
6       11             -0.32096650008798266               
7       12             -0.3212286817181548                
4       11             -0.32196342477745465               
15      31             -0.3223182905380706                
12      25             -0.3232326821165109                
17      31             -0.3233042136313441                
16      31             -0.3244141832274665                
7       30             -0.32441703017809537               
10      24             -0.32566694114996286               
18      31             -0.3275344616671855                
19      31             -0.3275344616671857                
10      23             -0.32969919881960635               
16      32             -0.33469018218897756               
10      22             -0.3348351999063101                
7       32             -0.3465548063845892                
21      29             -0.3563577865188288                
5       32             -0.3588360721211015                
2       32             -0.3588360721211016                
9       22             -0.3597743425790391                
12      22             -0.3605809380998661                
14      32             -0.3714785734585432                
14      31             -0.37198085703303185               
14      30             -0.3755636962611423                
16      30             -0.38284116825681835               
8       30             -0.3899593344595169                
18      30             -0.3917294526704904                
19      30             -0.3917294526704907                
