#======================================================================
# PARAMETERS USED FOR THIS COMPUTATION: 
#	Sequence type: RNA
#	Total number of sequences in alignment data: 9
#	Length of sequences in alignment data: 34
#	Value of sequence identity: 0.8
#	lambda_h: 6.6000000000000005
#	lambda_J: 6.6000000000000005
#	Number of gradient decent iterations: 500
# The First and Second columns represent sites and the
# Third column is PLMDCA Frobenius norm, average product corrected (APC) DCA score
#======================================================================
12      28             0.07837577689933879                
29      31             0.07140948130754714                
25      26             0.06987449785970055                
15      25             0.06987449746587324                
14      25             0.06987449735335115                
15      26             0.06987449707204593                
14      26             0.06987449695952383                
14      15             0.06987449656569653                
25      31             0.051093635602972025               
26      31             0.05109363533770546                
15      31             0.05109363507243889                
14      31             0.051093634996648436               
12      31             0.04945812589898904                
8       19             0.04372902628440268                
6       8              0.043729024675426706               
6       19             0.04372901871889523                
19      20             0.040276254042706044               
8       20             0.04027625268552868                
6       20             0.04027625258113042                
28      31             0.03581135503339551                
12      20             0.033649008555711096               
3       31             0.03345689625187561                
20      28             0.027158895734633225               
3       26             0.020117519039250395               
3       25             0.02011751198546618                
3       15             0.020117511191873404               
3       14             0.020117511078503007               
3       28             0.019331891728473154               
30      31             0.017611277656761244               
29      30             0.01640064044849214                
3       29             0.015942299931436296               
20      31             0.01513107639381054                
19      31             0.015083703051321264               
8       31             0.015083702066045424               
6       31             0.015083701990254973               
6       12             0.012794215521965802               
12      19             0.012794209367044618               
8       12             0.012794208163932307               
6       29             0.011744978434538034               
19      29             0.01174497610839094                
8       29             0.011744974809186536               
12      30             0.011706443815579531               
20      29             0.008169250469557535               
3       12             0.008090931495949347               
1       2              0.005905563115543473               
1       11             0.005905563085996442               
1       13             0.005905563085996442               
1       17             0.005905563085996442               
1       18             0.005905563085996442               
1       22             0.005905563085996442               
2       11             0.005905563085996442               
2       13             0.005905563085996442               
2       17             0.005905563085996442               
2       18             0.005905563085996442               
2       22             0.005905563085996442               
11      13             0.00590556305644941                
11      17             0.00590556305644941                
11      18             0.00590556305644941                
11      22             0.00590556305644941                
13      17             0.00590556305644941                
13      18             0.00590556305644941                
13      22             0.00590556305644941                
17      18             0.00590556305644941                
17      22             0.00590556305644941                
18      22             0.00590556305644941                
1       32             0.005905562997355347               
1       33             0.005905562997355347               
2       32             0.005905562997355347               
2       33             0.005905562997355347               
11      32             0.005905562967808316               
11      33             0.005905562967808316               
13      32             0.005905562967808316               
13      33             0.005905562967808316               
17      32             0.005905562967808316               
17      33             0.005905562967808316               
18      32             0.005905562967808316               
18      33             0.005905562967808316               
22      32             0.005905562967808316               
22      33             0.005905562967808316               
1       34             0.005905562879167242               
2       34             0.005905562879167242               
32      33             0.005905562879167228               
11      34             0.005905562849620211               
13      34             0.005905562849620211               
17      34             0.005905562849620211               
18      34             0.005905562849620211               
22      34             0.005905562849620211               
32      34             0.005905562760979123               
33      34             0.005905562760979123               
1       5              0.005905562258679636               
2       5              0.005905562258679636               
5       11             0.005905562229132619               
5       13             0.005905562229132619               
5       17             0.005905562229132619               
5       18             0.005905562229132619               
5       22             0.005905562229132619               
1       7              0.005905562140491538               
2       7              0.005905562140491538               
5       32             0.005905562140491524               
5       33             0.005905562140491524               
7       11             0.005905562110944507               
7       13             0.005905562110944507               
7       17             0.005905562110944507               
7       18             0.005905562110944507               
7       22             0.005905562110944507               
1       16             0.005905562081397475               
2       16             0.005905562081397475               
16      17             0.005905562051850451               
16      18             0.005905562051850451               
16      22             0.005905562051850451               
11      16             0.005905562051850444               
13      16             0.005905562051850444               
1       4              0.005905562022303419               
2       4              0.005905562022303419               
5       34             0.005905562022303419               
7       32             0.005905562022303412               
7       33             0.005905562022303412               
4       11             0.005905561992756388               
4       13             0.005905561992756388               
4       17             0.005905561992756388               
4       18             0.005905561992756388               
4       22             0.005905561992756388               
1       10             0.00590556196320937                
1       21             0.00590556196320937                
2       10             0.00590556196320937                
2       21             0.00590556196320937                
16      32             0.005905561963209356               
16      33             0.005905561963209356               
10      11             0.0059055619336623386              
10      13             0.0059055619336623386              
10      17             0.0059055619336623386              
10      18             0.0059055619336623386              
10      22             0.0059055619336623386              
11      21             0.0059055619336623386              
13      21             0.0059055619336623386              
17      21             0.0059055619336623386              
18      21             0.0059055619336623386              
21      22             0.0059055619336623386              
7       34             0.005905561904115307               
4       32             0.005905561904115293               
4       33             0.005905561904115293               
1       24             0.005905561845021258               
2       24             0.005905561845021258               
16      34             0.005905561845021251               
10      32             0.005905561845021244               
10      33             0.005905561845021244               
21      32             0.005905561845021244               
21      33             0.005905561845021244               
11      24             0.0059055618154742265              
13      24             0.0059055618154742265              
17      24             0.0059055618154742265              
18      24             0.0059055618154742265              
22      24             0.0059055618154742265              
4       34             0.005905561785927188               
1       23             0.0059055617563801704              
1       27             0.0059055617563801704              
2       23             0.0059055617563801704              
2       27             0.0059055617563801704              
11      23             0.005905561726833146               
11      27             0.005905561726833146               
13      23             0.005905561726833146               
13      27             0.005905561726833146               
17      23             0.005905561726833146               
17      27             0.005905561726833146               
18      23             0.005905561726833146               
18      27             0.005905561726833146               
22      23             0.005905561726833146               
22      27             0.005905561726833146               
10      34             0.005905561726833139               
21      34             0.005905561726833139               
24      32             0.005905561726833125               
24      33             0.005905561726833125               
23      32             0.0059055616381920445              
23      33             0.0059055616381920445              
27      32             0.0059055616381920445              
27      33             0.0059055616381920445              
24      34             0.00590556160864502                
23      34             0.005905561520003939               
27      34             0.005905561520003939               
1       9              0.005905561520003932               
2       9              0.005905561520003932               
9       11             0.005905561490456908               
9       13             0.005905561490456908               
9       17             0.005905561490456908               
9       18             0.005905561490456908               
9       22             0.005905561490456908               
9       32             0.005905561401815813               
9       33             0.005905561401815813               
9       34             0.005905561283627708               
5       7              0.005905561283627701               
5       16             0.005905561224533631               
4       5              0.005905561165439575               
5       10             0.005905561106345526               
5       21             0.005905561106345526               
7       16             0.005905561106345526               
4       7              0.00590556104725147                
7       10             0.005905560988157421               
7       21             0.005905560988157421               
5       24             0.005905560988157414               
4       16             0.005905560988157407               
16      21             0.005905560929063358               
10      16             0.005905560929063351               
5       23             0.005905560899516327               
5       27             0.005905560899516327               
4       10             0.005905560869969302               
4       21             0.005905560869969302               
7       24             0.005905560869969302               
10      21             0.005905560810875246               
16      24             0.005905560810875239               
7       23             0.005905560781328215               
7       27             0.005905560781328215               
4       24             0.005905560751781183               
16      23             0.0059055607222341586              
16      27             0.0059055607222341586              
10      24             0.005905560692687127               
21      24             0.005905560692687127               
4       23             0.005905560663140096               
4       27             0.005905560663140096               
5       9              0.005905560663140082               
10      23             0.0059055606040460465              
10      27             0.0059055606040460465              
21      23             0.0059055606040460465              
21      27             0.0059055606040460465              
7       9              0.00590556054495197                
23      24             0.0059055604858579275              
24      27             0.0059055604858579275              
9       16             0.005905560485857914               
4       9              0.005905560426763851               
23      27             0.005905560397216847               
9       10             0.0059055603676698085              
9       21             0.0059055603676698085              
9       24             0.0059055602494816894              
9       23             0.005905560160840602               
9       27             0.005905560160840602               
19      28             0.005580939333806781               
8       28             0.005580938182318564               
6       28             0.005580930643161945               
30      32             0.0015040707765214614              
30      33             0.0015040707765214614              
30      34             0.0015040706715958238              
1       30             0.001504063430866523               
2       30             0.001504063430866523               
11      30             0.00150406340463511                
13      30             0.00150406340463511                
17      30             0.00150406340463511                
18      30             0.00150406340463511                
22      30             0.00150406340463511                
5       30             0.0015040626701555565              
7       30             0.001504062565229912               
16      30             0.0015040625127670793              
4       30             0.0015040624603042535              
10      30             0.0015040624078414347              
21      30             0.0015040624078414347              
24      30             0.0015040623029157832              
23      30             0.0015040622242215446              
27      30             0.0015040622242215446              
9       30             0.0015040620143702416              
28      29             -0.0011800830120923186             
20      25             -0.00359383603678861               
20      26             -0.003593840127472804              
15      20             -0.0035938404928667136             
14      20             -0.0035938405972649745             
25      30             -0.0038175189669358914             
26      30             -0.0038175193341756716             
15      30             -0.0038175234267057434             
14      30             -0.003817523531631395              
1       29             -0.00426960551549202               
2       29             -0.00426960551549202               
11      29             -0.004269605540476722              
13      29             -0.004269605540476722              
17      29             -0.004269605540476722              
18      29             -0.004269605540476722              
22      29             -0.004269605540476722              
29      32             -0.004269605615430834              
29      33             -0.004269605615430834              
29      34             -0.00426960571536962               
5       29             -0.004269606240048324              
7       29             -0.004269606339987124              
16      29             -0.004269606389956528              
4       29             -0.004269606439925924              
10      29             -0.004269606489895321              
21      29             -0.004269606489895321              
24      29             -0.004269606589834128              
23      29             -0.00426960666478822               
27      29             -0.00426960666478822               
9       29             -0.004269606864665827              
1       3              -0.004280365230804148              
2       3              -0.004280365230804148              
3       11             -0.004280365259146747              
3       13             -0.004280365259146747              
3       17             -0.004280365259146747              
3       18             -0.004280365259146747              
3       22             -0.004280365259146747              
3       32             -0.004280365344174551              
3       33             -0.004280365344174551              
3       34             -0.004280365457544941              
3       7              -0.004280366166109925              
3       23             -0.0042803665345637135             
3       27             -0.0042803665345637135             
3       9              -0.00428036676130452               
3       5              -0.004280369778029834              
3       16             -0.004280369948085429              
3       4              -0.00428037000477062               
3       10             -0.004280370061455818              
3       21             -0.004280370061455818              
3       24             -0.004280370174826215              
12      29             -0.004694777304346219              
8       16             -0.005286506848964874              
8       10             -0.00528650696389172               
8       21             -0.00528650696389172               
8       24             -0.0052865070788185795             
8       23             -0.005286507165013721              
8       27             -0.005286507165013721              
8       9              -0.00528650739486744               
5       19             -0.005286508865419398              
7       19             -0.005286508980346244              
16      19             -0.005286509037809674              
4       19             -0.005286509095273104              
10      19             -0.00528650915273652               
19      21             -0.00528650915273652               
19      24             -0.005286509267663372              
19      23             -0.005286509353858507              
19      27             -0.005286509353858507              
9       19             -0.005286509583712226              
1       6              -0.005286509686833293              
2       6              -0.005286509686833293              
6       11             -0.005286509715565012              
6       13             -0.005286509715565012              
6       17             -0.005286509715565012              
6       18             -0.005286509715565012              
6       22             -0.005286509715565012              
6       32             -0.00528650980176016               
6       33             -0.00528650980176016               
6       34             -0.005286509916687006              
5       8              -0.005286510401864883              
7       8              -0.005286510516791736              
5       6              -0.005286510520053002              
4       8              -0.005286510631718595              
6       7              -0.005286510634979862              
6       16             -0.005286510692443291              
4       6              -0.005286510749906714              
6       10             -0.005286510807370137              
6       21             -0.005286510807370137              
6       24             -0.005286510922296997              
6       23             -0.005286511008492138              
6       27             -0.005286511008492138              
6       9              -0.0052865112383458646             
1       19             -0.005286511757490016              
2       19             -0.005286511757490016              
11      19             -0.005286511786221727              
13      19             -0.005286511786221727              
17      19             -0.005286511786221727              
18      19             -0.005286511786221727              
1       8              -0.00528651329393548               
2       8              -0.00528651329393548               
8       11             -0.005286513322667191              
8       13             -0.005286513322667191              
8       17             -0.005286513322667191              
8       18             -0.005286513322667191              
8       22             -0.005286513322667191              
8       32             -0.005286513408862346              
8       33             -0.005286513408862346              
8       34             -0.005286513523789192              
19      22             -0.005286515511512019              
19      32             -0.005286515597707167              
19      33             -0.005286515597707167              
19      34             -0.005286515712634013              
16      28             -0.006083747982389309              
10      28             -0.006083748070965324              
21      28             -0.006083748070965324              
24      28             -0.006083748159541338              
23      28             -0.006083748225973351              
27      28             -0.006083748225973351              
9       28             -0.006083748403125387              
1       28             -0.006083750932639458              
2       28             -0.006083750932639458              
11      28             -0.0060837509547834664             
13      28             -0.0060837509547834664             
17      28             -0.0060837509547834664             
18      28             -0.0060837509547834664             
22      28             -0.0060837509547834664             
28      32             -0.006083751021215486              
28      33             -0.006083751021215486              
28      34             -0.006083751109791494              
5       28             -0.006083751574815582              
7       28             -0.006083751663391597              
4       28             -0.0060837517519676115             
20      22             -0.00819291576881672               
20      34             -0.008192915951513675              
1       20             -0.008192919468007459              
2       20             -0.008192919468007459              
11      20             -0.008192919494107026              
13      20             -0.008192919494107026              
17      20             -0.008192919494107026              
18      20             -0.008192919494107026              
20      32             -0.00819291957240572               
20      33             -0.00819291957240572               
5       20             -0.008192920224894838              
7       20             -0.008192920329293092              
16      20             -0.008192920381492226              
4       20             -0.008192920433691353              
20      21             -0.008192920485890473              
10      20             -0.00819292048589048               
20      24             -0.008192920590288734              
20      23             -0.008192920668587428              
20      27             -0.008192920668587428              
9       20             -0.00819292087738395               
12      23             -0.008306290668572497              
12      27             -0.008306290668572497              
9       12             -0.008306290853666708              
1       12             -0.008306293329571134              
2       12             -0.008306293329571134              
11      12             -0.00830629335270791               
12      13             -0.00830629335270791               
12      17             -0.00830629335270791               
12      18             -0.00830629335270791               
12      22             -0.00830629335270791               
12      32             -0.00830629342211825               
12      33             -0.00830629342211825               
12      34             -0.008306293514665337              
5       12             -0.008306294000537624              
7       12             -0.00830629409308472               
12      16             -0.008306294139358274              
4       12             -0.008306294185631821              
10      12             -0.008306294231905369              
12      21             -0.008306294231905369              
12      24             -0.00830629432445247               
3       30             -0.009544579853673234              
4       26             -0.010013867293807495              
14      16             -0.010013867769392976              
9       26             -0.010013867772026376              
14      24             -0.010013867994437146              
5       15             -0.010013871207712015              
7       15             -0.010013871320234104              
5       14             -0.010013871325900127              
15      16             -0.010013871376495155              
4       15             -0.010013871432756193              
7       14             -0.010013871438422216              
15      21             -0.01001387148901723               
10      15             -0.010013871489017237              
4       14             -0.010013871550944312              
15      24             -0.010013871601539326              
14      21             -0.010013871607205349              
10      14             -0.010013871607205356              
15      23             -0.010013871685930889              
15      27             -0.010013871685930889              
14      23             -0.010013871804119015              
14      27             -0.010013871804119015              
9       15             -0.01001387191097508               
9       14             -0.0100138720291632                
5       25             -0.010013874105685515              
7       25             -0.010013874218207604              
4       25             -0.010013874330729693              
10      25             -0.01001387438699073               
21      25             -0.01001387438699073               
24      25             -0.010013874499512826              
5       26             -0.010013874519343914              
25      27             -0.010013874583904382              
23      25             -0.010013874583904389              
7       26             -0.010013874631865996              
10      26             -0.01001387480064913               
21      26             -0.01001387480064913               
9       25             -0.010013874808948574              
24      26             -0.010013874913171225              
23      26             -0.010013874997562788              
26      27             -0.010013874997562788              
1       25             -0.010013877015190666              
2       25             -0.010013877015190666              
11      25             -0.010013877043321184              
13      25             -0.010013877043321184              
17      25             -0.010013877043321184              
18      25             -0.010013877043321184              
22      25             -0.010013877043321184              
25      32             -0.010013877127712761              
25      33             -0.010013877127712761              
25      34             -0.010013877240234836              
1       26             -0.010013877428849051              
2       26             -0.010013877428849051              
11      26             -0.010013877456979577              
13      26             -0.010013877456979577              
17      26             -0.010013877456979577              
18      26             -0.010013877456979577              
22      26             -0.010013877456979577              
26      32             -0.010013877541371154              
26      33             -0.010013877541371154              
26      34             -0.010013877653893236              
1       15             -0.01001387784250745               
2       15             -0.01001387784250745               
11      15             -0.010013877870637969              
13      15             -0.010013877870637969              
15      17             -0.010013877870637969              
15      18             -0.010013877870637969              
15      22             -0.010013877870637969              
15      32             -0.010013877955029546              
15      33             -0.010013877955029546              
1       14             -0.010013877960695562              
2       14             -0.010013877960695562              
11      14             -0.010013877988826088              
13      14             -0.010013877988826088              
14      17             -0.010013877988826088              
14      18             -0.010013877988826088              
14      22             -0.010013877988826088              
16      25             -0.010013877999758947              
15      34             -0.010013878067551628              
14      32             -0.010013878073217665              
14      33             -0.010013878073217665              
14      34             -0.010013878185739747              
16      26             -0.010013878413417346              
28      30             -0.010043994343010385              
8       25             -0.01024003152290856               
6       25             -0.010240031635430656              
8       15             -0.010240032327396544              
19      25             -0.010240033785411697              
19      26             -0.010240034187655678              
15      19             -0.010240034589899659              
14      19             -0.010240034704826512              
8       26             -0.010240035650442847              
6       26             -0.010240035762964943              
8       14             -0.010240036167613702              
6       15             -0.010240039890499236              
6       14             -0.010240040005426089              
19      30             -0.010380564510579199              
6       30             -0.010380565979538306              
8       30             -0.010380569599902953              
20      30             -0.013106529141548112              
25      28             -0.013261666985433317              
26      28             -0.013261667295449371              
15      28             -0.013261667605465426              
14      28             -0.013261667694041447              
12      25             -0.014073643929933224              
12      26             -0.01407364425384807               
12      14             -0.014073644670310026              
12      15             -0.014073646440408073              
3       19             -0.014939383795036239              
3       6              -0.014939385382221795              
3       8              -0.014939388994141697              
26      29             -0.015253169188369602              
15      29             -0.0152531695381554                
25      29             -0.015253170701228953              
14      29             -0.015253171500739349              
3       20             -0.01710530287949502               
16      31             -0.024181725090205414              
10      31             -0.024181725165995857              
21      31             -0.024181725165995857              
24      31             -0.024181725241786307              
23      31             -0.024181726229951718              
27      31             -0.024181726229951718              
11      31             -0.024181726308631746              
13      31             -0.024181726308631746              
17      31             -0.024181726308631746              
18      31             -0.024181726308631746              
22      31             -0.024181726308631746              
9       31             -0.02418172638153262               
5       31             -0.02418172683916489               
7       31             -0.024181726914955334              
4       31             -0.024181726990745785              
1       31             -0.024181727221006706              
2       31             -0.024181727221006706              
31      32             -0.024181727296797163              
31      33             -0.024181727296797163              
31      34             -0.024181727372587607              
