#======================================================================
# PARAMETERS USED FOR THIS COMPUTATION: 
#	Sequence type: RNA
#	Total number of sequences in alignment data: 911
#	Length of sequences in alignment data: 48
#	Value of sequence identity: 0.8
#	lambda_h: 9.4
#	lambda_J: 9.4
#	Number of gradient decent iterations: 500
# The First and Second columns represent sites and the
# Third column is PLMDCA Frobenius norm, average product corrected (APC) DCA score
#======================================================================
17      48             0.14496356413964434                
42      44             0.13528076150358498                
28      37             0.11548419386360645                
6       13             0.11321043755211398                
18      47             0.10006209430365898                
22      43             0.09970167240221711                
26      39             0.0974847833812576                 
19      46             0.09574422722437553                
43      45             0.0877181766119285                 
27      38             0.08745889410721219                
20      22             0.08531963597730605                
7       8              0.08419802396860637                
5       14             0.08397768797758356                
10      11             0.0808653462400556                 
18      19             0.080493258491666                  
15      48             0.07930341675853828                
10      12             0.07883132682231667                
34      35             0.07875126950520367                
4       15             0.07860722933358415                
11      12             0.07814530551908586                
21      22             0.07787763462621333                
3       26             0.0765528663270423                 
17      18             0.07544923731734844                
23      41             0.07285651419907833                
37      38             0.07225779183266928                
35      40             0.07170043081748449                
34      40             0.07167785847529333                
30      32             0.06762375735132056                
39      45             0.06710074788972643                
2       36             0.06665153686125874                
31      46             0.06613361499628022                
4       33             0.06525070609536981                
22      45             0.06417972496795554                
3       27             0.062019945956887104               
6       21             0.06154385359579202                
41      42             0.06109207182564376                
7       13             0.059533233934707844               
8       13             0.059328422474366246               
27      37             0.05908721575220141                
20      43             0.05894302120795271                
21      45             0.05881801747092977                
3       45             0.05830126134082397                
25      32             0.05775266494666785                
46      47             0.0573723892648981                 
18      48             0.057255134073237415               
16      47             0.05709969270340021                
29      30             0.0569962153282884                 
3       39             0.0568594359729158                 
5       7              0.05656291228307963                
18      23             0.056166448193137694               
5       8              0.05593856347004139                
1       2              0.055560418708767656               
33      43             0.05529663586843342                
36      47             0.055181815810469284               
5       28             0.054383855833454495               
26      45             0.054287126042727785               
6       7              0.05426676120332673                
39      40             0.05424341793509514                
4       22             0.054242439695408776               
3       16             0.05384956244283928                
6       8              0.053490311111019574               
2       30             0.05302335393562361                
14      28             0.0529973303691566                 
9       27             0.05221258763442192                
7       14             0.05214741614464061                
20      21             0.05213264861183506                
8       14             0.05209955159552428                
16      26             0.0520165356723446                 
3       21             0.05145041151506681                
23      31             0.050858733153619884               
18      31             0.05062869591927527                
3       38             0.05059427856377165                
21      44             0.050535164428065216               
15      17             0.0498367499821247                 
19      31             0.04968571445593255                
40      43             0.049216784721306306               
2       7              0.049188256102103194               
4       42             0.04904062039807906                
2       8              0.04893656261635993                
2       13             0.0481871889779272                 
1       24             0.046147983991239844               
9       21             0.045731580174181025               
31      44             0.04550565523243652                
19      23             0.04495963648670205                
44      45             0.04494202622711589                
18      46             0.0448617908487208                 
31      47             0.044185655569926555               
31      41             0.04396140899506194                
4       25             0.04393250401438831                
4       20             0.04387046375335828                
23      25             0.04379379039544955                
29      34             0.04347199554067071                
34      43             0.043470638165631674               
13      14             0.04346609073710214                
29      35             0.04337645584123785                
21      43             0.04328442369371341                
16      41             0.04309623715316363                
16      39             0.04300898922123146                
20      45             0.0429361218109387                 
15      20             0.04283996631832533                
35      43             0.04273030980621869                
16      45             0.042490450174047525               
13      44             0.0424061101110484                 
30      36             0.04203003207492345                
9       37             0.0420183930278832                 
14      23             0.041859982278637145               
19      25             0.041818786884686224               
10      20             0.041133546887944766               
11      20             0.041126592836774244               
10      28             0.040867016667872166               
11      28             0.04084449661408861                
34      39             0.03992714520689525                
12      20             0.039859296250165245               
9       38             0.039570215798740024               
12      28             0.03947616236842603                
9       10             0.03906988768513309                
35      39             0.03892285401739323                
40      46             0.03883545775214549                
16      21             0.03873757612183018                
29      32             0.038675210171097416               
44      47             0.038577883669868585               
13      16             0.03833842165826483                
9       11             0.03823225677320004                
3       22             0.038190392945426324               
2       6              0.037942610962163115               
2       15             0.03751831814286795                
26      40             0.03737735685275288                
3       9              0.036610828387499364               
29      46             0.036576512542405376               
23      42             0.03652770023692532                
5       25             0.036471308605201536               
38      45             0.03634585321577717                
30      31             0.036306777151599176               
21      27             0.03585737461731239                
14      42             0.03574772895052744                
28      46             0.0356323503004639                 
17      25             0.0355850875850173                 
25      26             0.03527435995536955                
35      36             0.03521493828716321                
14      25             0.03516721770564428                
13      21             0.035042203996023716               
1       10             0.03481275106575111                
1       11             0.03480110169036387                
19      26             0.03472488906167234                
32      33             0.03464820292099989                
20      24             0.034442605118431106               
21      26             0.03434549048397595                
38      44             0.034343470073413956               
23      26             0.03424881007374536                
14      31             0.034220309185900466               
34      36             0.034104613461748826               
31      42             0.034091197112207317               
4       43             0.03405411520242055                
1       12             0.033975506766337                  
22      33             0.033974956622551206               
6       16             0.03372364478416508                
19      47             0.03366416661662952                
9       12             0.03355242071646476                
38      39             0.03333563979445214                
1       3              0.03322326967682923                
29      40             0.03294126805005862                
47      48             0.03286934363348969                
5       10             0.03256794042748979                
4       44             0.032474011711613154               
25      29             0.032326077026304204               
5       11             0.032237130694267965               
33      44             0.03195883035907808                
33      48             0.03166106385515517                
6       47             0.03155276292560129                
34      46             0.03144241299372444                
32      34             0.03123789743871664                
36      40             0.031049959607059543               
16      37             0.03097846646754955                
35      46             0.030947977499628194               
14      37             0.030940678088364454               
17      43             0.03092169734641889                
19      29             0.030563048172323026               
20      33             0.03051444001801827                
22      40             0.030493929516262716               
32      35             0.030303990328787986               
5       37             0.030278295621181825               
25      28             0.03015618890347775                
1       7              0.030136719458328                  
21      42             0.030131138955007047               
5       12             0.030040776951790145               
23      29             0.03001285519913835                
9       42             0.02969828077735366                
36      48             0.0295407030519914                 
1       8              0.029458257531781593               
15      33             0.029269200374574242               
30      34             0.02898681311778012                
30      35             0.028213585055886357               
13      42             0.028133093034386797               
26      27             0.02798859596874309                
24      29             0.027771482589559596               
17      23             0.027209400794363278               
3       37             0.027080315808697297               
2       32             0.027059025074749388               
2       24             0.026946864620336852               
27      39             0.02694311415800467                
25      48             0.0265632918940783                 
5       6              0.026492351165501707               
27      45             0.026260306749560244               
36      41             0.026223629974188187               
13      31             0.025522933459622518               
17      21             0.02547657374246791                
16      28             0.025460819293552372               
39      46             0.02542844266618932                
19      40             0.02529101755862151                
14      41             0.025201443188493933               
1       5              0.02516331149008892                
21      38             0.025067166840681346               
9       16             0.025053747742535187               
15      22             0.025050035584607194               
21      33             0.02485349869670833                
27      44             0.024773036541505575               
7       31             0.0245015612148118                 
1       20             0.024476861516531292               
29      41             0.024386146467649625               
1       29             0.024261234732048796               
25      40             0.024258738456737997               
8       31             0.024148880514107796               
38      48             0.024013052105673602               
3       43             0.023611051892240137               
14      33             0.023372568310114528               
24      30             0.02324338360639064                
3       40             0.023149158229726935               
37      46             0.022895001969354623               
16      18             0.022889735674145414               
28      32             0.022872337577374252               
36      37             0.02277206754200853                
25      46             0.022758383334628193               
23      40             0.022363419008053498               
23      46             0.02225738378681595                
41      46             0.02211937527866084                
38      42             0.02204720331915884                
33      45             0.022009442917324387               
11      24             0.02169893762237865                
10      24             0.02165108450561902                
10      14             0.021542612235884988               
6       14             0.02152461683598203                
12      24             0.021519266102050266               
11      14             0.02147334177580912                
40      41             0.021375161439993448               
14      17             0.02128867704869393                
5       13             0.020878760144880618               
30      46             0.0208514425401113                 
7       28             0.02080498811340921                
8       28             0.02072202056085866                
33      42             0.020713662591853976               
3       13             0.02070817245253312                
22      34             0.020655003413298796               
10      15             0.02063893388308831                
20      44             0.020628821483640217               
11      15             0.020608265118594496               
13      41             0.020429584209601254               
22      35             0.0202227226239                    
13      22             0.02012101637760469                
24      27             0.020073422084910975               
9       44             0.020039848410945763               
13      47             0.019991190965868363               
30      40             0.019889225210299906               
26      41             0.019735162941275544               
15      31             0.0197336084015306                 
12      14             0.019671556203757122               
13      23             0.01923043171907028                
29      39             0.019173464891617406               
32      36             0.018963639829151405               
41      44             0.018834922482825284               
19      28             0.01868418340330122                
39      41             0.018574620324720598               
2       21             0.018536074127967567               
15      16             0.018423711625718403               
27      29             0.0184190249491513                 
16      46             0.018243098429363613               
21      37             0.018220362956583955               
12      15             0.018133082522300184               
16      32             0.017943900291387538               
18      26             0.01785532370041225                
24      35             0.017777586491187852               
15      45             0.017683105724106044               
24      34             0.01747785045381972                
2       12             0.017451713694948807               
7       10             0.01730283655626251                
2       9              0.017271543494347882               
7       11             0.01723355228558269                
8       10             0.017181850651347648               
10      22             0.017129538359791648               
11      22             0.017082632583959416               
8       24             0.01702771648673266                
7       24             0.017027579809951246               
23      24             0.01695428030424316                
8       11             0.016921806210840114               
28      47             0.016637146007116133               
15      36             0.016598314264727743               
15      43             0.016543350811569046               
1       30             0.016343978545175143               
25      30             0.01632940266598093                
16      31             0.01631340433982255                
26      34             0.016283749133633896               
21      41             0.016235751454928976               
19      39             0.016221323065383667               
37      47             0.016174858348818266               
24      38             0.01611508426943041                
2       44             0.016040693052003466               
6       44             0.016035000885452746               
14      18             0.015918366611294532               
13      43             0.0159136314188124                 
17      22             0.015650076218879427               
1       27             0.015580589102319839               
26      35             0.015578230733357151               
32      40             0.015489967785635557               
12      22             0.015453433658983294               
16      19             0.015425522263102245               
19      41             0.015354393523407173               
7       32             0.015312742518545482               
8       32             0.015032981084241927               
26      29             0.01500971530655816                
43      44             0.014955440957950011               
9       41             0.014920531396583142               
37      48             0.014793791921596106               
27      42             0.01473421337303249                
25      39             0.014596680385937685               
22      26             0.014337704955132313               
11      25             0.014215001753349735               
10      25             0.01419452683237779                
41      48             0.013994872380840434               
24      25             0.013970444892226444               
32      46             0.0139259897766804                 
26      46             0.013907607405939867               
22      24             0.013863137688313487               
23      48             0.013847650814864929               
8       12             0.01382602817445016                
23      30             0.013813190366909187               
29      36             0.013568263665532869               
7       12             0.013435829837384311               
8       16             0.013341466545845865               
12      25             0.013302249169866415               
28      31             0.013191023771215588               
7       16             0.013129966195283477               
4       40             0.01311157059928203                
19      30             0.013052568968328584               
27      48             0.01288777238439677                
23      39             0.012805852498095016               
3       6              0.012671530524335325               
32      48             0.012550493662861928               
13      33             0.012512111488820046               
7       44             0.012360072800980046               
10      37             0.012316250735764867               
8       44             0.012309219028201507               
21      39             0.012286124082322936               
26      38             0.012269698037960464               
11      37             0.012223171555187734               
17      47             0.012204872679139153               
33      41             0.012115369646615026               
17      33             0.011990457005570762               
1       17             0.011909482839648614               
15      18             0.011819896101008531               
1       38             0.01172509402381399                
24      32             0.01163886789652252                
7       9              0.011465362977416294               
8       9              0.011410947454783882               
40      45             0.011316793557846427               
13      40             0.011278075793950057               
28      29             0.011257201857618929               
7       30             0.0112454870455121                 
1       41             0.011173914966224066               
5       33             0.010967729212055702               
25      41             0.010868528205976516               
5       17             0.010776107844667066               
8       30             0.010719714497835035               
5       42             0.010435157739158249               
2       47             0.010353419892370291               
1       35             0.010319974424043067               
1       34             0.010316768905158952               
2       42             0.01031413654847814                
6       22             0.010234808241812068               
6       17             0.010179387009707788               
10      19             0.010177486825404466               
11      19             0.010144359702633277               
34      38             0.010112539889326783               
29      38             0.010041938980891646               
35      38             0.010039875484340106               
18      43             0.009828952726342405               
35      41             0.009648479801931016               
18      41             0.009639765446941936               
5       24             0.009566660635542741               
31      33             0.009500091079248513               
21      48             0.009438940832749862               
2       16             0.009433236651072277               
12      37             0.009235122451351302               
12      19             0.009161632947988108               
3       33             0.008921782368349368               
25      35             0.008884423822565532               
25      34             0.008778058835260727               
16      33             0.00866027702390365                
18      27             0.008446602310543061               
39      43             0.008354693556293702               
18      28             0.00835390614483407                
3       17             0.008353638568035102               
23      34             0.008069384634981816               
23      35             0.008059778678500051               
3       34             0.008040353435419527               
32      38             0.007882626262425259               
29      31             0.007810253970826367               
3       35             0.00776309553449929                
33      34             0.007606534708708965               
42      45             0.007565652569083356               
37      44             0.007409642534698738               
17      41             0.007388730377003633               
23      47             0.007350886531625689               
25      37             0.007150030510400585               
42      47             0.007061240871050423               
20      29             0.007035308781314961               
27      30             0.006980914349420095               
23      44             0.006958927055573952               
14      48             0.00694060430046986                
43      48             0.006936236514966124               
34      41             0.006827070400688501               
12      18             0.0067960800639795815              
18      37             0.006736758234554482               
19      34             0.006588954685611159               
1       36             0.0065739187358951                 
19      35             0.006430088448806326               
14      16             0.006377010242529346               
15      47             0.006336077029023432               
37      45             0.00612319324264185                
1       9              0.006072780839170594               
9       20             0.005941629067572729               
13      15             0.005909800126238471               
33      35             0.005806596107632948               
17      27             0.005718455700445282               
2       17             0.005611272756623653               
27      28             0.0054355171482230735              
1       15             0.005373762186698855               
16      27             0.005327547111662001               
15      21             0.005295108757973496               
2       48             0.005187869409701798               
4       23             0.005006743714650305               
19      24             0.004999266844870759               
4       21             0.004988597091573815               
18      36             0.00485654549156643                
3       24             0.004538069718800886               
22      48             0.004511043889628252               
19      42             0.0044742982238652335              
25      33             0.004428120397563087               
30      39             0.004419722090862874               
13      36             0.004359307793596251               
9       15             0.004327022927202717               
11      29             0.004221412800613944               
15      39             0.004086783263564903               
10      29             0.004063186119196899               
36      43             0.0039735404986088185              
1       6              0.0037208510962338376              
37      42             0.0037089499701598583              
32      39             0.003628143451202867               
6       41             0.0035785180416453705              
12      29             0.003494149576189133               
4       10             0.003291234241381308               
10      43             0.003286065876822779               
28      36             0.0032511587671783526              
11      18             0.003213466160898265               
11      43             0.0032044373017944966              
14      44             0.0031685065326687023              
4       45             0.0031544873893361997              
4       11             0.0030770114438968543              
24      28             0.003071758111019507               
7       23             0.0030461634376873353              
8       23             0.0030224481413007875              
15      19             0.0029703720197303413              
10      18             0.002941753160234928               
32      37             0.0028767608448722892              
30      38             0.0028074522037978902              
12      43             0.0025804843927608664              
21      47             0.0025240349465555645              
24      26             0.002487503277218042               
37      39             0.002470793425452353               
4       34             0.002423650525229429               
22      44             0.0023596860644282402              
4       5              0.0022852167694387415              
41      47             0.0021190981000660247              
4       13             0.0021037276986627107              
5       23             0.002077336055295975               
17      24             0.0019617484949299435              
17      36             0.0011891238176048174              
23      33             0.0011384173893806276              
4       26             0.0011165010117299423              
2       20             0.0010973834005931077              
4       35             0.0010010918710172956              
28      30             0.000875957668268465               
5       48             0.0007164600324012366              
4       38             0.0007154606926258328              
17      38             0.0006648920741793019              
2       29             0.0006595323621282484              
30      41             0.0006238566342106067              
1       14             0.0005405828913043753              
34      45             0.000525895116645192               
14      24             0.0003792227093097067              
2       10             0.0002998528901284117              
17      20             0.00029111187781967474             
22      39             0.00028582460133762255             
2       11             0.00010080977685985454             
9       40             2.511408559506545e-05              
9       28             -1.4936723620628811e-05            
4       17             -6.714673620292211e-05             
26      30             -0.00011795333388754659            
14      32             -0.00015136972115941533            
4       12             -0.00015501084529480347            
6       43             -0.0003651445693899774             
29      48             -0.0004307969674455375             
36      39             -0.0004702908573191861             
20      42             -0.0004790378731208411             
1       32             -0.0005159358029591249             
13      45             -0.0005684310991468516             
4       47             -0.0006277743236200034             
1       22             -0.0006691862536928883             
35      45             -0.0007700669778786667             
42      43             -0.0009522021900811584             
20      30             -0.0010141231479476737             
28      42             -0.0010964978876114584             
40      42             -0.0011936422138847935             
1       23             -0.001350081976086201              
30      44             -0.0016453184561286693             
30      33             -0.001687914544677302              
6       12             -0.0017788314386809057             
31      32             -0.0017877993288913652             
6       10             -0.0017931551114037728             
6       11             -0.0017951452556138683             
36      45             -0.0018323042384923993             
5       16             -0.0018518666798379019             
13      17             -0.0018812791695422826             
27      35             -0.0019789659533158838             
36      44             -0.0019906412973979687             
12      46             -0.00213261696968519               
10      32             -0.002137133261291349              
11      32             -0.002298464920058016              
21      36             -0.002415211818299859              
15      46             -0.0026662714965755008             
28      35             -0.0027192185045623457             
27      34             -0.0027372329110566945             
36      46             -0.0027695827091014924             
10      46             -0.002892756176392841              
2       3              -0.002946107387101604              
11      46             -0.0029716373816022074             
31      37             -0.0030033994255353885             
28      34             -0.00310401476072307               
5       32             -0.0033027443579352195             
13      39             -0.0034464870448590035             
35      42             -0.0036066724639911563             
9       24             -0.0036778939906872907             
16      25             -0.0038396559154283555             
8       15             -0.004101468112530024              
12      45             -0.004168624699964027              
36      38             -0.004250423621726035              
15      26             -0.004258307769191574              
13      30             -0.004326638949296732              
20      27             -0.004351665157196913              
40      48             -0.0044474568248467905             
4       48             -0.0045668523691544255             
25      42             -0.004613520671715832              
1       19             -0.004650225600917282              
4       14             -0.004719891139523938              
6       36             -0.004752431918959479              
28      38             -0.004844517770400014              
7       15             -0.0050160567272928835             
5       31             -0.005071250756800844              
19      37             -0.005082562266649077              
6       40             -0.0051055197098056615             
11      45             -0.005266836702218419              
7       19             -0.005314208356706915              
10      45             -0.005316322337904245              
34      42             -0.00532229351103361               
35      48             -0.0053526607977282675             
8       19             -0.005361830590674868              
5       19             -0.00537917382736125               
34      48             -0.005533433257293677              
12      32             -0.0057052684026684675             
3       4              -0.005807716270458466              
9       32             -0.005988508046140761              
1       25             -0.005999363180105438              
39      48             -0.006021046464625215              
6       24             -0.006123853836358856              
27      32             -0.006298971823379296              
6       28             -0.006336464255349769              
1       28             -0.006425429379092948              
13      32             -0.006449664844131994              
5       18             -0.006460861855127675              
38      47             -0.006522573992990166              
6       48             -0.006557098425988284              
20      35             -0.0065726808317102675             
6       33             -0.00658682447937585               
18      38             -0.006706108005541639              
20      34             -0.006872563663349936              
1       4              -0.0069005278880250875             
14      47             -0.0069118894407146775             
6       18             -0.0070435460331817745             
24      43             -0.007124869223422453              
11      27             -0.0074333889472294815             
10      27             -0.007464647297812842              
2       5              -0.007550987286593522              
7       25             -0.0075958285474476                
8       25             -0.00761517114772052               
12      27             -0.0076519000677869875             
2       27             -0.007819313917071496              
16      38             -0.007894603578443932              
17      19             -0.008007038044240244              
41      45             -0.008019968119222981              
15      30             -0.00810454540141993               
22      36             -0.00814739977182781               
33      36             -0.008260722784645139              
5       41             -0.008281019466090417              
18      21             -0.00837829019637329               
13      18             -0.008487882457352727              
3       44             -0.008589357177131232              
23      32             -0.008710154792952271              
20      38             -0.008873024530862528              
17      26             -0.008895725607751398              
46      48             -0.008970646331426635              
8       45             -0.008974268437505359              
26      36             -0.009026764699341258              
16      22             -0.00905962587293846               
42      46             -0.00906485899364047               
8       47             -0.009088291278394403              
13      26             -0.009091360306712176              
24      36             -0.00911428499445701               
26      37             -0.009156503785122741              
38      43             -0.0091753652553032                
17      40             -0.00922353240026609               
24      40             -0.009244988500742304              
26      32             -0.009376378392677853              
11      17             -0.009376667122072024              
16      43             -0.009434543201345041              
7       45             -0.009607611706150987              
7       47             -0.009624242279228978              
43      47             -0.00974691134911193               
15      24             -0.009756398000468541              
9       13             -0.009783345628541773              
26      43             -0.00983265234138593               
10      17             -0.009906110300313728              
9       33             -0.010012924263669731              
15      42             -0.010138660098452906              
4       31             -0.010186255761523655              
9       30             -0.010277532587217676              
17      29             -0.010284033105778051              
24      48             -0.0104095089266701                
31      34             -0.010444447376937789              
3       36             -0.010476477648620072              
7       33             -0.010570267397742847              
7       29             -0.010617390406292525              
30      42             -0.010691723946258627              
8       33             -0.010705462716115596              
27      36             -0.010744112911098766              
1       48             -0.01078336488274921               
2       4              -0.010845729290258205              
8       29             -0.010898032287237028              
20      48             -0.010947178050653816              
13      48             -0.011020200657381088              
5       29             -0.011040928465594485              
3       18             -0.011162341140615234              
19      32             -0.011252233790355462              
19      20             -0.011369536228299698              
9       14             -0.011490092865863943              
31      35             -0.011542944877565485              
12      17             -0.011582767698683022              
31      48             -0.011595464894456634              
18      25             -0.011764152237790773              
9       45             -0.011829890933588369              
8       20             -0.01188864871732686               
7       20             -0.011931747395183455              
9       26             -0.0119419027052836                
4       37             -0.011943372547203152              
20      47             -0.012161437387029364              
6       31             -0.012548120727989262              
12      21             -0.012548380413060237              
29      43             -0.012814525846384817              
5       9              -0.012836954733273717              
32      44             -0.012837163313688643              
38      46             -0.012901708860341893              
11      38             -0.012973691728434184              
10      38             -0.01297493466539553               
11      21             -0.013059269042304714              
7       37             -0.013154391000191668              
10      21             -0.013159946553601129              
2       38             -0.013260214357717057              
8       37             -0.013328093771603974              
7       42             -0.013350395789198014              
32      41             -0.013358383895150844              
8       42             -0.013380754408117201              
7       18             -0.013383855305548156              
1       26             -0.013396124463795622              
30      48             -0.013414470447876317              
12      38             -0.013441790545423264              
24      46             -0.013448199076229989              
13      34             -0.013529105493235508              
5       47             -0.01355001911800248               
8       18             -0.013580898076008083              
18      24             -0.013686227999662653              
23      36             -0.013729942236453449              
22      42             -0.013785908857321338              
40      47             -0.013823159439854099              
13      35             -0.013935427421388681              
10      30             -0.013936471869307299              
42      48             -0.013990696772067684              
38      40             -0.013999866129685762              
4       9              -0.014034578376397572              
17      31             -0.014037532472145425              
17      46             -0.014060711478933202              
12      30             -0.014084532729952921              
6       23             -0.01410383681471511               
4       27             -0.01433486358306997               
33      40             -0.014368987017728402              
18      29             -0.014503415716608833              
9       31             -0.014517321013949758              
27      47             -0.014523880885989923              
4       46             -0.014555874661232981              
3       42             -0.014569622239609462              
11      30             -0.014585525956029952              
15      44             -0.014764292289640255              
6       38             -0.014822679494355062              
18      39             -0.014875684693208283              
20      23             -0.014891615679543335              
7       27             -0.01493943663723863               
8       27             -0.014972312426504257              
18      33             -0.015037040127847928              
14      19             -0.015053509955706146              
20      32             -0.015068384701891438              
33      47             -0.015136498641102641              
4       19             -0.015341308755878025              
12      47             -0.0154417496664212                
25      36             -0.01546225518788237               
45      47             -0.01548725489227988               
12      44             -0.015566589695288666              
4       39             -0.015614910875967544              
9       22             -0.015639298844270788              
6       20             -0.015640111568731463              
9       18             -0.01569249255211487               
5       20             -0.015865253469775978              
37      41             -0.015944545801313506              
40      44             -0.015945233166282075              
29      33             -0.015983600745880053              
9       35             -0.015986864311060826              
1       40             -0.0161908372094242                
10      34             -0.016262281438384346              
5       46             -0.01634420367338703               
11      34             -0.016411937114959765              
19      36             -0.016486387898044463              
17      30             -0.016631354742591406              
4       41             -0.016634229658143596              
12      16             -0.01670500712726808               
11      35             -0.01676575971230683               
20      28             -0.016782597992776663              
36      42             -0.016864262642726544              
22      29             -0.016931875518308367              
20      25             -0.016950039906935374              
4       36             -0.016971022144442974              
8       39             -0.01697157838719837               
10      35             -0.01708435188195638               
2       28             -0.017104872316141537              
11      16             -0.01714685384477664               
9       43             -0.017160404247167846              
10      16             -0.017276954290470395              
21      40             -0.01730896797670886               
17      37             -0.01747744396988833               
27      33             -0.017487243023791413              
7       39             -0.017507673543928834              
12      48             -0.01751081073341286               
20      36             -0.017544025618525874              
5       27             -0.017558630966492655              
2       35             -0.01755906092852682               
4       6              -0.01764489477681694               
6       46             -0.01774896246756559               
6       37             -0.01774945759517832               
11      47             -0.01785029920975935               
8       41             -0.01785929212495352               
16      36             -0.017920155848920538              
4       16             -0.017924027750513577              
10      47             -0.01802922039057897               
33      38             -0.01804212952365783               
7       41             -0.018107818427370928              
3       31             -0.018126981786464866              
9       36             -0.01817176861386452               
2       34             -0.018244477197239678              
6       19             -0.018348686065474143              
2       31             -0.018454026964690645              
4       24             -0.018535838971391508              
12      34             -0.018712337291441693              
9       34             -0.01879480225334966               
3       48             -0.018969298356998593              
7       46             -0.018993952331021594              
19      33             -0.019005800899778033              
31      39             -0.01904918015174907               
8       46             -0.01906773888693171               
5       36             -0.019197482535306176              
11      44             -0.01922783277858303               
12      35             -0.019229692889617497              
22      47             -0.019396923645266184              
19      44             -0.019405071001201646              
29      47             -0.019411442409472623              
4       29             -0.019430359795845592              
8       17             -0.019458467217430372              
10      44             -0.019540728701526233              
6       30             -0.01956532631210668               
24      42             -0.019793795932018063              
18      40             -0.020008285851189855              
6       32             -0.02001206142660407               
16      40             -0.02006742309495131               
26      31             -0.020085533829803395              
21      24             -0.0201018685703771                
3       20             -0.020196208917957398              
6       25             -0.020284347165751337              
12      31             -0.02031715772865174               
7       17             -0.020322595994838016              
24      31             -0.02036397936507818               
6       27             -0.020508318039529974              
28      41             -0.0205324349041916                
3       10             -0.020542951451943688              
3       11             -0.020583674190275403              
17      35             -0.020588263956739808              
28      44             -0.02062408429791908               
18      42             -0.020777935749194995              
7       38             -0.021251459283416797              
9       25             -0.021254207328169794              
8       38             -0.02129683881910767               
27      43             -0.021356662735284998              
1       43             -0.02135720775527644               
14      29             -0.021414614727981104              
24      45             -0.021636809986381886              
31      45             -0.02168943943248998               
11      48             -0.02170903319307843               
11      31             -0.021757130572381808              
32      43             -0.021763973335594877              
9       39             -0.02186723430214041               
10      31             -0.021882619714650532              
9       17             -0.021914946160800503              
6       15             -0.021952580653112327              
3       12             -0.02195431163716835               
24      39             -0.021959173016062608              
6       29             -0.02199476641996278               
1       13             -0.022045500901380966              
10      48             -0.022046638078513328              
16      23             -0.022095201057434358              
5       38             -0.022122541597882406              
25      44             -0.02218084995520453               
31      40             -0.022187987421937547              
3       15             -0.022219630960315623              
24      37             -0.02222057771311066               
31      36             -0.022274563215731943              
17      34             -0.02236266008429355               
17      32             -0.022464086466707972              
16      30             -0.022480322741728523              
33      37             -0.02252173184797121               
28      48             -0.02263689229726136               
6       34             -0.022693642311205964              
30      43             -0.022728795844233603              
1       46             -0.02278526525149077               
6       9              -0.022839158133418094              
28      33             -0.022874222951546674              
39      44             -0.022911581560164998              
32      45             -0.023130023495240584              
27      40             -0.023158792330221376              
12      39             -0.023179028137881905              
9       19             -0.023461817017644146              
14      20             -0.023544411891433706              
2       37             -0.023590138903302887              
15      25             -0.02359441975668637               
1       18             -0.02360402273730411               
9       23             -0.023738187884544057              
3       5              -0.023750440994240785              
5       44             -0.02376112389697274               
29      42             -0.023799248129639017              
3       47             -0.02385038645830581               
3       29             -0.023952960285409858              
26      44             -0.02396075425506701               
18      22             -0.024112558396230263              
5       15             -0.0241408470656172                
2       18             -0.024215156412157282              
15      41             -0.024271601502635687              
6       35             -0.024328271854158555              
1       47             -0.024379834170253814              
21      46             -0.024433319525485636              
29      37             -0.02457313440296849               
5       34             -0.02463100965958285               
35      44             -0.02471123284892636               
5       35             -0.024814302713824746              
18      20             -0.024855750955310923              
4       32             -0.024868793344110907              
10      36             -0.024985387709694967              
32      47             -0.025061464940113562              
35      47             -0.025113260098266435              
17      39             -0.02527609641363751               
14      15             -0.02528074685508641               
26      48             -0.025352934348517014              
22      27             -0.025380009543771134              
19      48             -0.025415228714876822              
34      47             -0.025445139297060326              
25      47             -0.02550528651606386               
11      36             -0.02572393128290961               
21      30             -0.025810840981778355              
20      26             -0.025836171510179307              
5       30             -0.02585085023088461               
2       22             -0.02585888418821937               
9       29             -0.0259167412269143                
12      26             -0.02605751044873693               
28      43             -0.026091626131883927              
5       45             -0.026121345183518066              
27      46             -0.026149882052382847              
8       43             -0.026265545582019656              
1       39             -0.02629991252829217               
3       28             -0.02632599121366161               
39      47             -0.02634328046707421               
24      44             -0.026456950399715295              
14      46             -0.026458876311754087              
30      37             -0.026461699285232967              
34      44             -0.02673571487041554               
8       26             -0.026785625446384173              
7       43             -0.02680888827058231               
14      36             -0.02682460531304022               
29      45             -0.026842475190800977              
35      37             -0.026881646382047653              
33      46             -0.02695062718336433               
34      37             -0.02703264357024837               
7       26             -0.027159015062318576              
3       7              -0.027278046864158398              
5       21             -0.027318030544831604              
1       42             -0.027399985657910075              
2       41             -0.027561491388302495              
3       8              -0.02762538783443287               
22      30             -0.027670335420522232              
25      27             -0.027743530509720754              
14      27             -0.027759005323579486              
28      40             -0.027799832651963244              
31      38             -0.0278634945207097                
4       8              -0.028048169675930712              
4       7              -0.028052236353245955              
2       23             -0.028099991752890796              
13      24             -0.028200551717284916              
2       14             -0.028234213601096445              
30      45             -0.028485286379180588              
11      39             -0.028604107092855297              
18      32             -0.028663566859599476              
15      29             -0.02870171337181887               
6       42             -0.028817359209724572              
2       45             -0.028892082197476007              
10      39             -0.028965493447435764              
10      33             -0.028977919046082837              
11      33             -0.02907080321024312               
23      27             -0.029130233295108124              
24      47             -0.02929640250045938               
11      26             -0.029297712005424553              
22      38             -0.029323987683763028              
15      34             -0.02934744970855363               
8       40             -0.029385872166291453              
1       37             -0.02943040011761769               
22      28             -0.02945907867586621               
7       40             -0.02947045373778691               
10      26             -0.02952940850776116               
15      27             -0.029570753546208597              
22      37             -0.029742332424305087              
23      37             -0.029746811710284538              
12      33             -0.029817271705395394              
14      45             -0.02988003379254961               
3       32             -0.029989197014298294              
44      46             -0.02999303317208976               
2       19             -0.03004176676092618               
15      35             -0.030127815786216927              
38      41             -0.03023784306773268               
6       39             -0.030376366471684582              
6       26             -0.030388964045753253              
16      42             -0.03039894149948358               
32      42             -0.0304803807851754                
20      40             -0.0304869819924284                
2       39             -0.030494822532569257              
27      31             -0.030512292294397073              
6       45             -0.030535762643794706              
25      31             -0.03078381823755655               
8       22             -0.03080755860518529               
12      40             -0.030851424003576683              
23      28             -0.03085288094751988               
15      38             -0.0309544930162617                
7       22             -0.031002017669471887              
12      36             -0.031013435436823347              
12      23             -0.031016805500191966              
24      41             -0.031020060785624096              
14      38             -0.031050545166713323              
19      27             -0.03105073789739514               
8       36             -0.03149095048929326               
2       25             -0.031505408704163615              
7       36             -0.03159951043279261               
9       46             -0.03160630207342502               
1       33             -0.03161924373236538               
15      23             -0.03169555552093259               
17      42             -0.03204740038338999               
5       39             -0.03219091240190017               
11      23             -0.03221347734925502               
2       33             -0.03227844866307833               
1       45             -0.032313927942942425              
10      23             -0.03234450909943268               
11      40             -0.032431257598227015              
9       48             -0.03247685473575321               
10      40             -0.03249841813530272               
5       22             -0.03252591274620545               
21      28             -0.03295091666621054               
2       26             -0.032980830222817586              
16      44             -0.032985930611563935              
14      21             -0.03301218580132799               
25      38             -0.03304792113395687               
7       34             -0.03313045123851389               
17      45             -0.033279770389076244              
14      35             -0.03328012862498214               
8       34             -0.03331816627030063               
3       30             -0.03340491155301318               
14      34             -0.03344123468601417               
13      20             -0.033516734381821775              
26      42             -0.03353759263652238               
22      31             -0.033737107125720686              
30      47             -0.033818480019345565              
23      38             -0.03384464299623911               
8       35             -0.03400598244432268               
20      37             -0.03413393370317215               
5       43             -0.03420696027209193               
1       31             -0.03421944527873966               
24      33             -0.03424098501804619               
7       35             -0.03426417646069454               
2       40             -0.03434626507235737               
15      28             -0.03436055987009133               
13      28             -0.034361896636000755              
14      30             -0.034398199341324286              
19      45             -0.034403787038070566              
29      44             -0.03440502970908274               
20      39             -0.03447566498959399               
14      39             -0.034701478495324595              
27      41             -0.0348087023736333                
20      46             -0.03491529389484534               
9       47             -0.034957619077457716              
5       26             -0.035143593893189315              
15      37             -0.03525279155195775               
28      45             -0.03528616280686141               
43      46             -0.03543605479193873               
8       48             -0.03553342997562453               
23      45             -0.035535528961830876              
2       43             -0.03553911141604313               
26      33             -0.035541418226709115              
13      38             -0.035569974563393                 
7       48             -0.03561477072880517               
37      40             -0.03562423115863847               
28      39             -0.03567468201243719               
19      38             -0.035750214709376754              
19      22             -0.035773206573956606              
3       41             -0.03582705040658697               
12      41             -0.035897145067549444              
12      42             -0.03614692763693711               
1       44             -0.036183527266112306              
26      28             -0.03627753054304776               
5       40             -0.0362980238475271                
18      30             -0.03638558206500794               
16      20             -0.03659576979916064               
22      32             -0.03672603673939025               
45      46             -0.03680292639872114               
18      35             -0.03687579343608842               
3       46             -0.036946383139649416              
33      39             -0.03701744616459228               
20      31             -0.03716810354754632               
45      48             -0.037656368820355446              
21      31             -0.03769044088196209               
18      34             -0.03776610208059679               
15      32             -0.03782456229631484               
15      40             -0.03794291211482241               
39      42             -0.03799326606518111               
26      47             -0.038083270480929826              
22      23             -0.038138093707916376              
2       46             -0.038412295307459016              
11      42             -0.03846667279252537               
4       28             -0.03890641058727223               
10      42             -0.03891185623858773               
4       30             -0.039068349812140274              
4       18             -0.03910337763602839               
22      41             -0.039267901025104704              
1       21             -0.03941931464032618               
25      45             -0.03950904805670202               
44      48             -0.03970721902736543               
14      22             -0.039838369653674835              
37      43             -0.03990222474102015               
3       14             -0.03997137391165459               
14      43             -0.040278665040831566              
14      26             -0.040391854333569774              
22      25             -0.04059055328491207               
11      41             -0.04084592949177947               
13      46             -0.04093401641520768               
20      41             -0.04096452812249378               
21      34             -0.04122936712276243               
31      43             -0.04151402051457005               
14      40             -0.04157689654143583               
21      35             -0.04176465187671044               
10      41             -0.04198764764626267               
19      43             -0.042800301758277495              
13      27             -0.04291067691166406               
17      28             -0.04298272120824077               
3       19             -0.044423887478059934              
16      17             -0.04460424989405955               
3       23             -0.044876103673160445              
16      35             -0.044916595463679765              
13      19             -0.04495176801192252               
10      13             -0.04546197282481558               
16      24             -0.04546835496115241               
11      13             -0.04565736064150597               
22      46             -0.045680186722714955              
3       25             -0.04608679563657417               
16      34             -0.04618071894098584               
25      43             -0.04638943672998726               
18      45             -0.046439627345944715              
23      43             -0.046500948363719166              
41      43             -0.046739735130866655              
13      25             -0.047177250377234636              
12      13             -0.04810302905523341               
7       21             -0.04850699290998954               
8       21             -0.0486708457560827                
13      37             -0.050077974411684004              
21      32             -0.050139771523624935              
18      44             -0.05213386604303365               
1       16             -0.05357139559097841               
16      29             -0.054899855844051854              
21      23             -0.055296024055284776              
16      48             -0.05535579809914032               
21      25             -0.05566539209509355               
21      29             -0.055889645893245826              
19      21             -0.05617538941291965               
13      29             -0.062003002047481603              
17      44             -0.06992224252722193               
