#======================================================================
# PARAMETERS USED FOR THIS COMPUTATION: 
#	Sequence type: RNA
#	Total number of sequences in alignment data: 31
#	Length of sequences in alignment data: 36
#	Value of sequence identity: 0.8
#	lambda_h: 7.0
#	lambda_J: 7.0
#	Number of gradient decent iterations: 500
# The First and Second columns represent sites and the
# Third column is PLMDCA Frobenius norm, average product corrected (APC) DCA score
#======================================================================
3       34             0.09738409221339928                
1       3              0.08068091044851991                
1       34             0.07553933787739762                
1       36             0.06471399299149566                
13      24             0.06318948280977343                
34      35             0.05568961954744621                
8       24             0.055350177023119215               
8       13             0.05535017382685607                
3       35             0.05290062070675974                
20      21             0.05122367008580069                
2       4              0.046482240155106554               
3       26             0.04552816226736106                
4       33             0.04308701507873116                
1       26             0.04210114325416805                
26      34             0.0418670275675361                 
1       8              0.04103064748410796                
17      20             0.04009717140309368                
3       36             0.03986312550913356                
17      21             0.03902680994124398                
1       35             0.0368361134416717                 
2       33             0.03324834775616514                
1       29             0.03272437855247345                
17      19             0.03251620946700826                
34      36             0.03249379928154282                
1       24             0.0319091684380654                 
1       13             0.03190916637560068                
5       32             0.03125634222384237                
2       35             0.028477268049586807               
18      19             0.028164550059195534               
19      20             0.027125700006793804               
17      18             0.026583498143695265               
19      21             0.024078729429901136               
26      36             0.023917717399863495               
8       36             0.02300096013938932                
18      20             0.02062615597882902                
8       18             0.020360642098600987               
2       9              0.02029880967656887                
9       33             0.019827670786905324               
4       9              0.01858746948468335                
4       35             0.017759493795515974               
35      36             0.017344436529381363               
18      21             0.017127577755636406               
6       31             0.016658289113439556               
33      35             0.01659861335846221                
5       31             0.015173975556090985               
31      32             0.015173968281682652               
6       32             0.0151739615806901                 
5       6              0.015173953953937211               
1       20             0.014835476220130768               
26      27             0.014533427428797027               
1       17             0.012950739714974565               
17      26             0.01276359989430912                
17      24             0.012592298262156479               
13      17             0.012592295396817312               
3       20             0.01153926633929353                
17      29             0.011520040267867314               
29      36             0.011419769229065                  
8       20             0.011316341259019716               
13      21             0.011203996943338415               
21      24             0.011203995780856867               
8       21             0.010890854054113316               
20      24             0.010706150071171407               
13      20             0.010706143599463445               
21      29             0.010398426564298208               
20      26             0.010305819605395193               
21      26             0.010295386609990978               
1       21             0.010283334959683983               
31      33             0.01018725513649718                
6       33             0.010187249192261293               
13      19             0.009944341109201463               
19      24             0.00994433951712996                
20      29             0.00973508720772951                
3       17             0.009672513367748332               
25      27             0.00945672424971497                
12      27             0.009456724022304658               
16      27             0.009456723567484018               
10      27             0.009456723453778862               
14      27             0.009456723425352573               
7       27             0.009456722942105644               
27      30             0.009456721321807138               
22      27             0.00945672061114991                
27      28             0.009456720412165873               
15      27             0.009456718220448843               
11      27             0.009456717595070468               
23      27             0.009456717140249843               
2       36             0.009291283520612773               
19      29             0.009185733946967735               
4       6              0.009119657330972808               
4       31             0.009119648396748073               
3       24             0.00897295589776332                
3       13             0.008972949672885415               
15      22             0.008700297290528944               
15      28             0.00870029707962712                
11      22             0.008700296627694615               
11      28             0.008700296416792791               
25      28             0.008700295573185468               
15      30             0.008700290593169097               
11      30             0.008700289930334781               
25      30             0.008700289086727472               
12      30             0.008700288845696805               
16      30             0.008700288363635483               
10      30             0.00870028824312015                
14      30             0.00870028821299132                
12      22             0.008700288092476027               
12      28             0.008700287881574204               
7       30             0.008700287700801168               
16      22             0.008700287610414706               
10      22             0.008700287489899372               
14      22             0.008700287459770542               
16      28             0.008700287399512868               
10      28             0.008700287278997534               
14      28             0.008700287248868704               
11      15             0.008700287089465297               
7       22             0.008700286947580377               
7       28             0.00870028673667854                
15      23             0.008700286607404004               
15      25             0.008700286245858044               
12      15             0.00870028600482739                
11      23             0.00870028594456973                
11      25             0.008700285583023756               
15      16             0.00870028552276611                
10      15             0.008700285402250776               
14      15             0.00870028537212196                
11      12             0.008700285341993103               
22      30             0.008700285230236901               
23      25             0.008700285100962463               
28      30             0.008700285019335063               
7       15             0.008700284859931837               
11      16             0.008700284859931823               
10      11             0.008700284739416489               
11      14             0.008700284709287673               
12      25             0.008700284498385835               
22      28             0.008700284266114244               
7       11             0.008700284197097535               
16      25             0.008700284016324542               
10      25             0.008700283895809208               
14      25             0.008700283865680378               
12      16             0.008700283775293888               
7       23             0.008700283715036228               
10      12             0.008700283654778554               
12      14             0.008700283624649724               
7       25             0.008700283353490254               
10      16             0.00870028317271726                
14      16             0.00870028314258843                
7       12             0.008700283112459586               
10      14             0.008700283022073096               
7       16             0.008700282630398293               
7       10             0.008700282509882959               
7       14             0.008700282479754129               
23      30             0.008700281997692863               
22      23             0.0087002812444721                 
23      28             0.008700281033570276               
22      25             0.008700280882926098               
12      23             0.008700277409351212               
16      23             0.008700276927289918               
10      23             0.008700276806774584               
14      23             0.008700276776645768               
24      34             0.008414162680930148               
13      34             0.00841416010271058                
6       27             0.007464613299869846               
27      31             0.007464612586319856               
3       21             0.007300043265576657               
19      26             0.007125632810806505               
6       12             0.007067730224344093               
6       16             0.007067729754551347               
6       10             0.007067729637103157               
6       14             0.007067729607741116               
6       7              0.007067729108586329               
6       30             0.007067727434949669               
6       22             0.007067726700898516               
6       28             0.007067726495364177               
6       15             0.007067724476762183               
15      31             0.0070677241667144175              
6       11             0.007067723830797165               
11      31             0.007067723520749469               
6       23             0.007067723361004419               
23      31             0.0070677230509567784              
6       25             0.0070677230086598625              
12      31             0.007067722463715911               
16      31             0.0070677219939232205              
10      31             0.007067721876475044               
14      31             0.007067721847113004               
30      31             0.007067719674321807               
22      31             0.007067718940270723               
28      31             0.007067718734736425               
25      31             0.007067715248031667               
7       31             0.007067713897377675               
20      34             0.0069882260066281635              
32      33             0.006850611727460404               
5       33             0.006850611576973413               
2       31             0.006805851327254246               
2       6              0.00680584592483225                
9       11             0.0062946115889307985              
9       23             0.0062946111524048234              
9       25             0.00629461082501033                
9       12             0.006294610606747339               
9       16             0.006294610170221357               
9       10             0.0062946100610898476              
9       14             0.006294610033806984               
7       9              0.006294609569998118               
9       22             0.006294607332802446               
9       15             0.006294604738573434               
9       28             0.0062945996912417215              
9       30             0.0062945931137131025              
18      29             0.00611335658571821                
18      24             0.006035394602010094               
13      18             0.006035388929508521               
15      32             0.005935346558087189               
5       15             0.005935346377314195               
11      32             0.005935345936054125               
5       11             0.005935345755281124               
23      32             0.005935345483666449               
5       23             0.005935345302893448               
25      32             0.00593534514437568                
5       25             0.005935344963602686               
7       32             0.005935343843761091               
5       12             0.005935337286828241               
16      32             0.0059353370152135584              
14      32             0.0059353368738424075              
5       16             0.005935336834440565               
5       10             0.00593533672134363                
5       14             0.005935336693069407               
5       7              0.005935336212407494               
5       30             0.005935334600776367               
5       22             0.005935333893920619               
28      32             0.0059353338767740085              
5       28             0.005935333696000994               
12      32             0.005935330017020644               
10      32             0.005935329451536041               
30      32             0.005935327330968777               
22      32             0.005935326624113023               
27      32             0.005871519445548069               
5       27             0.005871511824409724               
9       27             0.005866176623259216               
4       32             0.005748029511397211               
4       5              0.00574802936033552                
20      36             0.005334797753589686               
17      34             0.005101971507318559               
2       34             0.0045315900898987085              
8       34             0.004355112511670027               
1       18             0.004153937558562856               
7       33             0.0034293036560881507              
30      33             0.003429302226461796               
22      33             0.0034293015994326936              
28      33             0.0034293014238645433              
12      33             0.0034293008838820888              
16      33             0.0034293004825834555              
10      33             0.003429300382258804               
14      33             0.003429300357177638               
23      33             0.003429297660215075               
25      33             0.0034292973592411                 
11      33             0.0034292943362233957              
15      33             0.0034292911627187075              
9       35             0.0034168281392341765              
18      26             0.003412524607288858               
3       8              0.003173115223631097               
24      36             0.0029795856647396035              
13      36             0.0029795826890322355              
21      36             0.002885686834196481               
6       9              0.0027772581185679726              
9       31             0.0027772571340285435              
21      34             0.002463388869335066               
4       22             0.002405767526371949               
4       23             0.0024057673258542286              
4       25             0.0024057670237308676              
4       16             0.0024057664194841386              
4       10             0.0024057663187763423              
4       14             0.0024057662935994054              
4       15             0.002405764557287915               
4       30             0.0024057644305053166              
4       11             0.0024057640033950806              
4       28             0.002405763624843009               
4       12             0.0024057630970249905              
4       7              0.0024057621403010057              
2       32             0.0023329935870941773              
2       5              0.0023329897250337003              
23      29             0.002277637741083957               
29      30             0.002277634451722771               
15      29             0.0022776313774227064              
11      29             0.0022776307481536112              
25      29             0.002277629947265672               
12      29             0.0022776297184405464              
16      29             0.0022776292607902815              
10      29             0.0022776291463777187              
14      29             0.002277629117774585               
7       29             0.0022776286315211863              
22      29             0.00227762628606365                
28      29             0.002277626085841658               
17      36             0.002109005417145114               
27      29             0.0019117831058651294              
27      33             0.0018151453487943725              
2       7              0.001679989155212759               
2       25             0.0016799864784938223              
2       30             0.0016799841306057786              
2       15             0.0016799838929549907              
2       22             0.0016799835607300487              
2       28             0.0016799834011648335              
2       11             0.001679983391464343               
2       23             0.001679983026743874               
2       12             0.0016799825708432858              
2       16             0.0016799822061228167              
2       10             0.0016799821149426908              
2       14             0.001679982092147668               
1       19             0.0016701631408670044              
9       19             0.0009898041295151802              
4       27             0.000783900104802053               
9       32             0.0007225352136989022              
5       9              0.000722535050001645               
5       35             0.0007191896655912924              
32      35             0.000719186078832694               
2       3              0.0005744158262428051              
5       18             4.261089121433692e-05              
18      32             4.2607263284609453e-05             
29      31             -6.700075777348047e-05             
6       29             -6.701871258874698e-05             
3       18             -0.0002702429570154083             
8       32             -0.0004948434874392643             
5       8              -0.0004948473725427324             
20      35             -0.0007417595488681608             
4       34             -0.0010020144838150183             
9       36             -0.001097390372231298              
33      36             -0.0011582775532793174             
3       19             -0.0011716080778892968             
2       27             -0.0011989481770899313             
8       17             -0.001252275315955842              
17      35             -0.0014682142745485113             
18      36             -0.0015965537031897188             
4       36             -0.0019069551204708018             
5       29             -0.001957332091246655              
29      32             -0.0019573356449180956             
19      36             -0.0020670139813396132             
33      34             -0.002095720178136376              
9       29             -0.002493538882989775              
19      23             -0.0031108744648550846             
12      19             -0.003110874820391553              
16      19             -0.0031108751048207275             
10      19             -0.003110875175928021              
14      19             -0.003110875193704843              
7       19             -0.0031108754959108392             
19      22             -0.003110876953610342              
15      19             -0.0031108775146261036             
11      19             -0.0031108779057162153             
19      25             -0.003110878403467264              
19      30             -0.0031108802344800637             
19      28             -0.003110880803338413              
29      34             -0.003578021511986995              
23      26             -0.003675505356032227              
26      30             -0.0036755085472635757             
22      26             -0.0036755092410095114             
26      28             -0.0036755094352583853             
12      26             -0.0036755096363192824             
16      26             -0.0036755100803166907             
10      26             -0.0036755101913160393             
14      26             -0.0036755102190658764             
7       26             -0.003675510690813122              
25      26             -0.003675516864901175              
15      26             -0.0036755229279898938             
11      26             -0.003675523538486318              
3       29             -0.003812187138752296              
3       4              -0.003990827176154163              
2       8              -0.004061484399998587              
18      34             -0.004571834826554905              
21      25             -0.004659236614449225              
12      21             -0.004659240510593438              
16      21             -0.004659240852301273              
10      21             -0.00465924093772823               
14      21             -0.004659240959084966              
7       21             -0.004659241322149545              
21      30             -0.004659242539483695              
15      21             -0.004659242997192843              
21      22             -0.004659243073402174              
21      28             -0.004659243222899359              
11      21             -0.0046592434670411145             
21      23             -0.004659243808748943              
18      30             -0.0048218603727050655             
12      18             -0.00482186069380796               
18      22             -0.004821860778374071              
18      28             -0.004821860891961405              
16      18             -0.004821860953436126              
10      18             -0.004821861018343171              
14      18             -0.004821861034569927              
7       18             -0.004821861310424863              
18      23             -0.004821862231917898              
18      25             -0.004821862426639019              
15      18             -0.004821865340591293              
11      18             -0.004821865697580023              
3       33             -0.005080367432430698              
10      17             -0.005382802748793304              
14      17             -0.0053828027726711344             
7       17             -0.00538280317859418               
17      30             -0.005382804539630283              
11      17             -0.00538280513692533               
17      28             -0.005382805303720727              
17      23             -0.0053828055189705515             
17      25             -0.005382805805504466              
12      17             -0.005382805996527074              
16      17             -0.005382806378572302              
15      17             -0.0053828083369034455             
17      22             -0.005382808861866234              
21      35             -0.005697590259372547              
13      22             -0.005921553622845424              
13      30             -0.005921556600022637              
23      24             -0.005921556993823296              
13      28             -0.005921557557607399              
10      13             -0.0059215580809736795             
11      13             -0.005921560130490652              
13      23             -0.005921560609283033              
13      25             -0.005921560968377315              
12      13             -0.005921561207773499              
13      16             -0.005921561686565879              
13      14             -0.005921561836188485              
10      24             -0.005921561916094484              
7       13             -0.005921562344905401              
13      15             -0.005921563197441443              
24      30             -0.005921564160433629              
22      24             -0.005921564908546659              
24      28             -0.005921565118018321              
16      24             -0.005921565521686684              
14      24             -0.00592156567130929               
7       24             -0.005921566180026164              
15      24             -0.005921567032562358              
11      24             -0.005921567690901852              
24      25             -0.0059215685287884595             
12      24             -0.005921568768184629              
6       35             -0.006012756052664041              
31      35             -0.006012761756532939              
20      30             -0.006137542147053733              
15      20             -0.006137542370661511              
11      20             -0.006137542874171412              
20      23             -0.006137543240360435              
20      25             -0.006137543515002196              
12      20             -0.006137543698096708              
16      20             -0.006137544064285731              
10      20             -0.006137544155832987              
14      20             -0.0061375441787198046             
7       20             -0.006137544567795639              
20      22             -0.00613754644451437               
20      28             -0.006137546604722072              
24      27             -0.0064247151278826325             
13      27             -0.00642471853903738               
6       26             -0.006461524650077981              
26      31             -0.006461525523947027              
19      34             -0.0065978778187590625             
29      33             -0.00688641018054207               
8       12             -0.007223943538106473              
8       16             -0.007223943964274886              
8       10             -0.007223944070817001              
8       14             -0.007223944097452521              
8       23             -0.0072239467306862495             
8       22             -0.007223946734369609              
8       28             -0.0072239469208182985             
7       8              -0.007223948275546767              
8       30             -0.007223949793771757              
8       25             -0.0072239507756028595             
8       15             -0.007223953169116858              
8       11             -0.007223953755098433              
19      35             -0.007629642984431129              
4       29             -0.007894577983062305              
24      31             -0.007988388733949331              
6       13             -0.007988395624216299              
6       24             -0.00798839582606102               
13      31             -0.007988395982684818              
19      27             -0.008521288122539702              
8       27             -0.008639221640958601              
26      32             -0.008844327218603329              
5       26             -0.00884433483568297               
9       18             -0.00889453934333731               
19      31             -0.009021081646216254              
6       19             -0.009021087721968524              
21      27             -0.009040254077063214              
17      27             -0.009044055464472692              
9       24             -0.009395640399670793              
9       13             -0.009395647398905992              
17      31             -0.009508686406670665              
6       17             -0.009508692065715509              
21      31             -0.009565094989397609              
6       21             -0.009565096325654582              
7       35             -0.009593551554625039              
30      35             -0.009593552870676147              
22      35             -0.009593553447891541              
28      35             -0.009593553609511862              
23      35             -0.009593553940775601              
25      35             -0.009593554217838994              
12      35             -0.009593554402547923              
16      35             -0.00959355477196578               
10      35             -0.009593554864320245              
14      35             -0.009593554887408859              
15      35             -0.009593560513988797              
11      35             -0.009593561021938347              
18      35             -0.009718488291165124              
9       26             -0.009763927773310303              
1       4              -0.009931942588084573              
8       19             -0.009987105778203886              
20      27             -0.010091628476698235              
5       13             -0.010101521595271883              
13      32             -0.010101525141015033              
5       24             -0.010101525652944844              
24      32             -0.010101529198688002              
4       19             -0.010335750563711582              
2       18             -0.01034885683945391               
18      27             -0.01037326395983447               
8       31             -0.010403891720488362              
6       8              -0.010403894307817761              
2       29             -0.010548164719810856              
31      36             -0.010595761622610077              
6       36             -0.010595763774341821              
26      35             -0.010740028625106472              
20      31             -0.010749404217139429              
6       20             -0.01074940591602401               
1       2              -0.010816894791506493              
9       34             -0.011134579191671906              
18      31             -0.011347664204531704              
6       18             -0.011347664324983665              
1       33             -0.011870090601894555              
4       18             -0.012319194356428784              
18      33             -0.012355688199263325              
2       19             -0.012877782662649218              
24      33             -0.012914960573226303              
13      33             -0.012914963582965996              
27      35             -0.012924692921130972              
32      34             -0.012932565794634199              
5       34             -0.012932565923545178              
3       9              -0.013139501761348114              
32      36             -0.013171272753562752              
5       36             -0.013171276627638423              
8       9              -0.013564742153415826              
4       24             -0.01383983116447287               
4       13             -0.013839841636287112              
8       26             -0.013854389002387418              
8       35             -0.013900480109864596              
17      32             -0.014123271499084586              
5       17             -0.014123271642351547              
23      36             -0.014238360679608326              
12      36             -0.014238361175559558              
16      36             -0.014238361572320543              
10      36             -0.01423836167151079               
14      36             -0.01423836169630835               
7       36             -0.014238362117866894              
15      36             -0.014238363462591302              
30      36             -0.014238363531327888              
11      36             -0.014238364008137654              
22      36             -0.014238364151266919              
28      36             -0.014238364324849852              
25      36             -0.014238364702469364              
26      29             -0.014420588903292925              
21      32             -0.014759724391058465              
5       21             -0.014759730107134356              
26      33             -0.014816520398364688              
24      35             -0.014876112237986752              
13      35             -0.014876115008620683              
3       32             -0.014889047234828125              
3       5              -0.014889049222452655              
8       29             -0.014917296538666545              
19      32             -0.015065608145014939              
5       19             -0.015065610114321032              
2       24             -0.015072614875517816              
2       13             -0.015072617610921359              
27      36             -0.015395159312243396              
9       17             -0.015435936558694165              
24      29             -0.01544777377686285               
13      29             -0.015447777209239746              
20      32             -0.015558707678722333              
5       20             -0.015558707816043224              
4       26             -0.015675718164069617              
29      35             -0.016678520540792767              
9       21             -0.016814111661163866              
9       20             -0.017460591484401912              
19      33             -0.017523959382174104              
31      34             -0.017628554809705675              
6       34             -0.017628556176399024              
8       33             -0.017812738475545244              
2       26             -0.017869850701290477              
4       8              -0.018302245447374868              
13      26             -0.018839585405623055              
24      26             -0.018839585800932826              
3       31             -0.01921701919266229               
3       6              -0.019217020404057518              
1       32             -0.019676766440035937              
1       5              -0.019676766543159176              
23      34             -0.020074050540912408              
12      34             -0.020074054695905966              
16      34             -0.02007405503966858               
10      34             -0.02007405512560923               
14      34             -0.020074055147094393              
15      34             -0.02007405531241166               
22      34             -0.020074055411480385              
7       34             -0.020074055512342162              
11      34             -0.020074055785085247              
25      34             -0.020074056386669814              
30      34             -0.020074056736996457              
28      34             -0.020074057424521674              
27      34             -0.020294403794991624              
1       27             -0.021008363879263317              
3       23             -0.02148090878872031               
3       7              -0.02148091185949947               
3       12             -0.021480912930608546              
3       30             -0.021480913046803586              
3       16             -0.02148091326388689               
3       10             -0.021480913347206483              
3       14             -0.021480913368036376              
3       22             -0.021480913567550997              
3       28             -0.021480913713360278              
3       11             -0.021480914043377417              
3       25             -0.02148091462661452               
3       15             -0.021480915447764835              
1       9              -0.021588758049044234              
3       27             -0.021909073004259615              
17      33             -0.02420814863520126               
4       17             -0.025104961904520405              
1       31             -0.025713217306947513              
1       6              -0.025713218586347612              
21      33             -0.0263726311262042                
20      33             -0.02659354879888897               
4       21             -0.026632619632225053              
4       20             -0.0271626147065955                
1       14             -0.02726442426606937               
1       12             -0.02726442483646062               
1       16             -0.027264425111455916              
1       10             -0.027264425180204742              
1       7              -0.027264425489574445              
1       15             -0.027264425702247824              
1       11             -0.027264426080366354              
1       23             -0.027264426355361644              
1       25             -0.027264426561608116              
1       30             -0.027264427400567767              
1       28             -0.027264427950558355              
1       22             -0.027264428761570488              
2       21             -0.02745931541381213               
2       20             -0.028447077647637938              
2       17             -0.0339196927909905                
