#======================================================================
# PARAMETERS USED FOR THIS COMPUTATION: 
#      Sequence type: RNA
#      Total number of sequences in alignment data: 19
#      Length of sequences in alignment data: 47
#      Effective number of sequences: 16.0
#      Value of sequence identity: 0.8
#      Value of relative pseudocount: 0.5
# The First and Second columns represent sites and the
# Third column is MFDCA Frobenius norm, average product corrected (APC) DCA score
#======================================================================
4       28             1.883137918201483                  
7       25             1.4678323575756822                 
3       29             1.3530648026904664                 
5       27             1.2933024593057232                 
30      31             1.1628255242468415                 
9       23             1.1466397977414338                 
11      22             1.007859405618153                  
8       24             0.8145514789122223                 
13      16             0.7761032227855623                 
22      37             0.7654986914130475                 
2       31             0.7578569780479837                 
12      21             0.7549984891936904                 
2       30             0.7363461356767487                 
1       35             0.7326279320610987                 
6       21             0.6733104514479581                 
5       25             0.653840091364048                  
13      20             0.6440691151480887                 
37      39             0.6191499510988382                 
8       10             0.6067273663128312                 
36      43             0.6030091017175858                 
10      43             0.6003772232047742                 
2       35             0.5999475930418419                 
29      30             0.5974908494286537                 
11      37             0.596092008688332                  
31      33             0.5817832088736009                 
33      38             0.576005150219614                  
17      36             0.5753566533737331                 
31      35             0.5744336665722054                 
12      40             0.5614485556924796                 
17      19             0.5576285014759735                 
29      31             0.5567697979837579                 
8       43             0.5514446897972873                 
28      45             0.5374207244703005                 
10      17             0.5354535532591564                 
38      40             0.5350817740735057                 
10      36             0.5257827865180836                 
34      40             0.5257122117050309                 
46      47             0.5242270859194527                 
36      42             0.5206135198181884                 
14      19             0.5096849409977269                 
3       38             0.5084781839089904                 
12      34             0.5073461969239488                 
2       42             0.5046928540001899                 
13      14             0.4943036178701603                 
35      39             0.48852692357381033                
26      38             0.477172592548718                  
6       12             0.4747887524561331                 
13      39             0.4692629760697916                 
1       45             0.46153920584136576                
4       24             0.4595109458423614                 
9       40             0.4562808533273844                 
23      25             0.45603210454389653                
11      20             0.45276132234209365                
32      33             0.4522748452896129                 
14      39             0.4403986260142569                 
42      45             0.43343305713423397                
21      43             0.4306781417744052                 
6       27             0.4283476109998825                 
39      47             0.4217812934975591                 
31      38             0.4202376627487855                 
11      42             0.4198884154338377                 
5       7              0.4089969707934207                 
24      44             0.404387174016571                  
34      45             0.40403356545606595                
7       39             0.4034121847804868                 
30      33             0.40338620440644407                
26      39             0.39336539569837187                
13      33             0.39086584856136514                
1       15             0.3887034517596888                 
5       23             0.386609477016712                  
6       24             0.38490385612765365                
1       39             0.38454183553803123                
35      47             0.38310348246157                   
17      43             0.38044592963925444                
6       42             0.3659774947121536                 
21      46             0.36496889235370134                
33      47             0.36448745012826006                
4       45             0.36219828342365945                
9       15             0.34764341426008954                
17      18             0.3472752210793757                 
20      35             0.34711672802901683                
8       25             0.34699857746944807                
10      19             0.3453990401669017                 
6       34             0.3434943023060312                 
13      23             0.3420995307110374                 
2       45             0.33691538582275316                
19      36             0.3341128734735309                 
15      27             0.3281719711388586                 
3       35             0.32599400638029175                
16      21             0.32549701944371406                
10      22             0.3239040539469792                 
19      40             0.32373358125816176                
23      40             0.3169087274142159                 
2       20             0.31630917980026646                
20      44             0.3160706930058784                 
34      44             0.3141816375163119                 
25      34             0.3040388033935876                 
1       13             0.3028841251385128                 
30      35             0.3020999602352442                 
15      33             0.29995796352009735                
21      24             0.29947616870450483                
20      30             0.2967120195613958                 
12      43             0.29456694728625776                
18      40             0.2945405326818451                 
3       31             0.2944068571886149                 
30      38             0.2943153006674859                 
22      36             0.2921154661451415                 
29      47             0.2892688198568114                 
12      18             0.2867305237866903                 
3       33             0.28623139196749714                
25      40             0.2855494399248201                 
4       26             0.28478902945084966                
1       20             0.283789798022998                  
41      44             0.28064115811663526                
34      36             0.27956193370953997                
9       12             0.27656231452118185                
14      18             0.27288486417251134                
17      29             0.2723083190623035                 
27      46             0.27184915264164167                
7       8              0.27051025989159183                
12      19             0.2694508185450233                 
26      37             0.26892600002196765                
18      19             0.2637094685827551                 
6       37             0.26340710352168933                
15      20             0.26276348160836405                
40      41             0.26222760376340304                
2       46             0.2616537823078339                 
29      35             0.2612210666692345                 
5       9              0.26056555404157056                
6       43             0.2596436565753929                 
7       23             0.2595097851789151                 
5       15             0.25900000439802207                
8       44             0.2556782303351345                 
1       27             0.25391372772367304                
28      44             0.252078030872943                  
25      27             0.2519917743811134                 
32      41             0.25095784660879666                
11      19             0.25058323363621615                
9       13             0.25051008959464005                
20      42             0.2493320892467905                 
4       16             0.24802979659090219                
3       30             0.24780324330070258                
18      38             0.2468154387040526                 
26      41             0.24582982473109752                
3       47             0.24580441130793407                
7       29             0.24541635528623396                
20      46             0.24429779829027143                
1       32             0.24372448827663795                
29      38             0.24233371467118647                
12      38             0.24143751646705358                
12      16             0.23722637262515056                
1       5              0.23592460712033014                
35      42             0.2358616022720006                 
12      46             0.23441322473705145                
19      34             0.23376794162729553                
3       27             0.23264648064242366                
4       37             0.23129216817225973                
16      23             0.23004438334933153                
22      45             0.22998537545367748                
44      45             0.22979644160372037                
12      24             0.22977650128898108                
34      42             0.22882291489821882                
4       36             0.22726113181833207                
43      46             0.22720570731682677                
26      29             0.22571483525529884                
14      16             0.22455287095496756                
1       47             0.22433688951027542                
14      33             0.22424402416509914                
9       38             0.22262582394401953                
6       8              0.2220853885520574                 
11      26             0.2219553469589602                 
1       2              0.22161098803015467                
4       8              0.21791582647482433                
19      43             0.21608336318898685                
38      47             0.21441293729624888                
30      42             0.21435675373211838                
16      24             0.21387505321085587                
36      41             0.21371840752575022                
5       6              0.2131281873139116                 
5       46             0.21249639460741865                
30      46             0.21140488101137622                
1       22             0.20975055855041447                
14      32             0.2085101257502187                 
9       32             0.20791259836644096                
20      47             0.202102426312059                  
16      33             0.2011786865606668                 
7       27             0.20092592514833907                
13      44             0.1984813853524482                 
6       46             0.1980221209201775                 
30      45             0.19696386125191945                
17      22             0.195937506755738                  
28      36             0.19546188322081326                
1       42             0.193564691391797                  
11      44             0.1928737872390242                 
15      23             0.18960017731364898                
32      35             0.1874307436085635                 
40      44             0.18620799808857225                
24      28             0.18283881797150447                
20      39             0.18207664418742942                
36      37             0.1816412520929473                 
19      22             0.18114446083383207                
3       46             0.17856266671126553                
6       45             0.17759132510403375                
19      42             0.17723681818016612                
34      38             0.1760858826334104                 
14      37             0.17539615587104768                
22      43             0.17495874218188356                
31      42             0.1722123460332825                 
31      47             0.1718332646519577                 
2       3              0.1704421404275478                 
26      28             0.16958696173847404                
10      41             0.16856187626978233                
22      42             0.16776923626651363                
13      15             0.16646113695268605                
10      11             0.16506147810359667                
2       41             0.1635592220812753                 
25      35             0.16336767765911786                
24      43             0.16304267756106133                
11      39             0.16153221853696664                
8       22             0.16138547825562366                
10      23             0.16092250824054893                
11      45             0.16015621674519998                
9       10             0.1601255158416422                 
11      36             0.1599274332334315                 
15      16             0.15881926277462444                
15      18             0.15804302323711603                
9       42             0.15529830848331572                
29      39             0.15518866267150166                
3       26             0.15481198949008879                
36      45             0.15429914992577975                
5       8              0.14961121492193452                
6       10             0.14843177031859095                
9       34             0.14745849609128925                
3       17             0.1473330819574027                 
23      42             0.14602863589534376                
26      27             0.14554691031892797                
21      28             0.14520286235704505                
16      47             0.14466502492204447                
20      22             0.14372217954988864                
1       44             0.14291260110247211                
6       36             0.1405841383122673                 
16      32             0.1397621000778272                 
33      41             0.13924614120711487                
19      38             0.1389781845703677                 
16      46             0.1388930860835932                 
18      41             0.1372255163257352                 
6       16             0.13645775508283142                
7       13             0.13482333742171804                
15      44             0.13449606949000487                
18      34             0.13443819679939795                
14      42             0.13414073663456216                
28      37             0.1337809848826157                 
14      21             0.1330465230423315                 
43      47             0.13109155191898414                
15      32             0.13100161630468923                
8       36             0.13015873890537794                
41      43             0.12669742261402112                
21      41             0.124064942822487                  
2       28             0.12083866067294036                
32      34             0.12076981805967546                
16      27             0.11971568770907892                
13      31             0.11870360498657984                
18      21             0.11848627140954837                
12      23             0.1180563472933931                 
1       9              0.11752522251304909                
8       17             0.11745607469236696                
19      29             0.11471543858074706                
42      46             0.11431304398133357                
21      47             0.11177069925290889                
32      40             0.10913169677799275                
16      43             0.10878922321225609                
11      28             0.10799637547668972                
24      42             0.10711982865589331                
4       19             0.10478570495638329                
13      47             0.10372576406030376                
9       18             0.10233402266773575                
13      19             0.10161274977644197                
13      35             0.10137644654092914                
3       16             0.1012376333830114                 
35      45             0.10095177936489708                
22      44             0.10037946266327796                
31      41             0.09958452251031846                
41      46             0.09934341416848894                
7       34             0.09861592031316924                
24      46             0.09810874367707506                
26      32             0.09758899946006513                
5       36             0.0957597271838192                 
6       9              0.09503081282273712                
26      47             0.09421658026709018                
37      46             0.09382046495016627                
3       42             0.09285568367745411                
14      47             0.09140536806920091                
16      39             0.089445031885102                  
5       12             0.08883031871655334                
11      43             0.08864680109738776                
7       33             0.08844132214679207                
15      37             0.08793471747658105                
28      34             0.08777974456007964                
10      24             0.08752059156928016                
19      39             0.08740781668213393                
3       5              0.08576506758095725                
30      41             0.08569421854497444                
10      34             0.08514876747322886                
15      39             0.08485456041475287                
2       11             0.08360305997597517                
26      44             0.08333963551566664                
8       11             0.08221122678066295                
1       14             0.08219028256211475                
4       23             0.08086791053840026                
23      39             0.0806301086446426                 
7       40             0.07942467064022796                
2       29             0.07918503566482005                
14      15             0.07896268140849655                
15      34             0.07801508331000734                
4       11             0.07798204132206599                
22      26             0.07763286021764004                
9       39             0.07711756910449491                
38      39             0.07695237132819555                
28      46             0.07592729947034338                
32      44             0.07549767526413392                
26      40             0.07390154581771485                
37      41             0.07343047992339302                
15      28             0.07274769485286936                
27      34             0.07261255391403532                
23      34             0.07247216600687312                
32      39             0.07150440481816828                
23      32             0.07003281659136784                
4       44             0.06966775827955268                
8       21             0.06904727387721438                
2       4              0.06870225375409444                
14      41             0.06809155445688483                
9       19             0.06802741159140685                
3       7              0.06605279318926705                
6       25             0.06438502899889609                
15      17             0.06420689242839878                
7       45             0.06300779114023614                
3       13             0.06256932132866977                
11      14             0.06127769206412209                
11      30             0.060963888582987624               
14      17             0.06035713322278197                
22      34             0.060306088857582596               
3       21             0.0597195098073493                 
23      27             0.058270629050437894               
9       27             0.05738106110898211                
23      38             0.05737898652056339                
21      27             0.05654652572615437                
18      47             0.05647546646103546                
11      46             0.05642997987311582                
24      41             0.0563502833303505                 
4       38             0.055760642649535175               
7       35             0.05565280878129464                
34      37             0.05561814202560367                
32      45             0.055055705971384705               
41      47             0.054939865532635024               
17      40             0.05345979023612146                
20      33             0.05214043646900535                
12      25             0.051482712562055055               
9       41             0.05004329308888558                
20      31             0.049498784504026505               
37      45             0.04855942897762611                
22      46             0.04769404185801018                
32      43             0.04672707993129166                
31      45             0.04620018414009641                
14      35             0.0421620003658591                 
4       21             0.04173189584354464                
10      32             0.04150615520822479                
6       41             0.04133631036005159                
4       46             0.04073987837086501                
9       24             0.040620532050130054               
11      47             0.03964852735581337                
18      20             0.03948991651159062                
16      29             0.03903560768856096                
1       23             0.03760892879355937                
26      36             0.03726737900219146                
26      46             0.036265363500795456               
18      33             0.036088541883630976               
19      28             0.035414988036445494               
39      41             0.03473406435175491                
13      38             0.0336076545047308                 
19      32             0.03359165832623717                
13      25             0.033378322270259164               
8       18             0.03269401402136529                
9       14             0.03192982737664135                
7       30             0.0316377662664693                 
25      38             0.030815722393378375               
29      43             0.030794725038715387               
2       27             0.02995764660594058                
1       17             0.028413586430941995               
16      40             0.028137483535718877               
18      31             0.0274532569760067                 
9       33             0.02732694562286242                
7       20             0.027068417838293946               
20      24             0.02621979435790206                
14      23             0.02619896548313566                
4       25             0.02541355308940696                
11      17             0.025256504898980514               
25      45             0.025161787903283717               
21      36             0.02441939450437547                
22      27             0.023685736594946216               
37      38             0.023569052514107347               
17      41             0.022606438662268996               
2       16             0.021359531032772716               
6       7              0.020869927138099653               
6       23             0.020201445778927796               
13      22             0.020075343916247435               
1       34             0.01961927650961215                
4       6              0.019287438394707257               
14      22             0.018497944010070155               
27      32             0.01705059229316347                
7       31             0.016384094366067803               
25      42             0.01597955192791145                
19      33             0.015824108560458516               
7       18             0.014784691398586847               
13      29             0.014733892075837307               
18      26             0.014670902065947539               
24      45             0.01442637732853047                
2       37             0.01346987979555414                
10      26             0.013109178629451823               
20      28             0.012512259428297923               
8       41             0.01065080989598316                
20      45             0.010599166582856645               
45      46             0.00946685703304484                
32      36             0.009192129491870593               
23      41             0.008636344119443862               
8       27             0.0071209086178439795              
6       28             0.006226113941640188               
25      43             0.004409718327091694               
17      38             0.0032023951587717425              
15      42             0.0028781173426196682              
10      37             0.0015139762122174938              
6       47             0.001450700193361687               
35      38             0.0012489979019136843              
8       39             -0.00019223308452298582            
32      37             -0.00035989695509641706            
31      46             -0.0004058794441190172             
22      24             -0.0004364639861154096             
5       45             -0.0006200551425999956             
15      41             -0.0006719199498593231             
10      29             -0.000832474305447084              
21      32             -0.001365021935698263              
3       43             -0.0016334624291587385             
5       21             -0.0021624406682217434             
13      18             -0.002438631984280959              
38      41             -0.002476135191116946              
25      28             -0.0031093711954893744             
15      25             -0.0036565607335690697             
30      47             -0.003866778241269686              
2       40             -0.004449433883491782              
1       24             -0.004969545380133278              
27      29             -0.005111793520038765              
12      47             -0.0052362359239767065             
1       36             -0.005274054180946619              
25      44             -0.005309520146164759              
1       33             -0.00692455291199412               
5       24             -0.007721197458464113              
19      37             -0.007866195864434933              
5       32             -0.007957465389473173              
12      17             -0.008169988273576567              
36      44             -0.008610508161662866              
7       42             -0.008803747020856956              
6       18             -0.009080605717047108              
5       43             -0.009815015986387898              
22      39             -0.009863560417404216              
33      44             -0.010345943408098968              
22      25             -0.010795355872676105              
6       32             -0.010984706150056422              
6       14             -0.012331606122866212              
29      34             -0.012740320827945184              
20      27             -0.013105791476177853              
2       44             -0.014429083929499764              
36      40             -0.015833996680867768              
10      44             -0.015905191536242813              
12      41             -0.01675526635510538               
27      42             -0.017250957788385146              
18      30             -0.017288864186144448              
1       46             -0.017786975655609938              
17      37             -0.01979535390984577               
8       9              -0.02038905433039645               
8       16             -0.02087148980518866               
15      31             -0.021296415683178582              
8       19             -0.0221937330323998                
29      33             -0.022339275823916538              
37      44             -0.022464415696429763              
17      45             -0.02256352768418568               
24      27             -0.022925456416471923              
5       16             -0.02303076937340387               
19      27             -0.023299524231910507              
5       10             -0.023418593279018518              
16      26             -0.02344673614426851               
4       22             -0.023697159129782652              
30      37             -0.024236858909203685              
31      44             -0.02432963336856353               
16      31             -0.0253902685907762                
8       35             -0.0257036443195231                
18      44             -0.026512851706991775              
16      38             -0.026547478165228067              
15      35             -0.027545777278435823              
11      25             -0.028112905635579555              
18      25             -0.028421484337867897              
23      47             -0.028513063727490018              
27      45             -0.028536328019628687              
35      37             -0.028539751863840446              
1       3              -0.02901565530782102               
37      43             -0.02905594374028142               
18      23             -0.029330844637444203              
20      37             -0.030110427581214017              
2       5              -0.03065975427904366               
20      41             -0.030722023819203026              
9       17             -0.030761454093511553              
26      33             -0.030803373466699868              
18      32             -0.03115835135656106               
10      40             -0.03129584688431769               
21      26             -0.03189251616169314               
19      23             -0.032025937799460946              
13      30             -0.03297624250798514               
17      33             -0.03350647373532528               
3       19             -0.03361533705344433               
42      47             -0.03408774923582114               
3       12             -0.034133072038763146              
10      21             -0.034879344562242065              
14      25             -0.03644571757583209               
21      44             -0.036448520862378875              
3       20             -0.036627023266016745              
17      24             -0.03796765294092597               
35      41             -0.038009836728185864              
18      36             -0.03815595211131692               
5       20             -0.038490376002754956              
27      30             -0.038661257265581894              
5       40             -0.039019875356958                 
4       29             -0.03939453769827084               
2       26             -0.039589965606073196              
10      45             -0.04040377982345039               
8       14             -0.04175208852790768               
5       38             -0.04178565572509296               
22      47             -0.04187942987868343               
2       22             -0.04256917218508738               
33      35             -0.04357324675068425               
21      29             -0.044333011371902376              
8       28             -0.0447709441744073                
12      15             -0.04491007078168818               
4       14             -0.045129187086292044              
28      29             -0.04547530889456064               
13      24             -0.045752527852834124              
1       30             -0.046132274581681454              
13      28             -0.04622602116054353               
16      28             -0.04626257292003677               
29      36             -0.046330476038864976              
4       17             -0.046854694673608144              
7       43             -0.04698329685638747               
17      42             -0.04699462485341749               
24      25             -0.0470677819404588                
8       26             -0.04770346962055416               
33      40             -0.04801168702301073               
1       41             -0.048192818553199346              
16      18             -0.04843395402691583               
1       28             -0.04903278975089875               
21      40             -0.04906606662855892               
12      28             -0.050976123643826976              
24      40             -0.05141407928898434               
15      40             -0.052873593393770235              
30      44             -0.05395670526586377               
17      21             -0.05415537756515365               
28      39             -0.054715235402509                 
4       39             -0.05510552779205469               
12      14             -0.055263495064082235              
32      42             -0.05702445804115047               
22      29             -0.05752562765142133               
16      45             -0.05782155673183609               
28      30             -0.057985046191219025              
29      40             -0.05816700704742195               
18      37             -0.058185738419727434              
24      47             -0.05991727845715905               
35      36             -0.06000486193687388               
42      43             -0.060368256042087065              
11      38             -0.06040465587572519               
4       27             -0.06063774691994428               
12      27             -0.061365082860131204              
38      44             -0.061570482114386926              
24      32             -0.06330853849893373               
32      46             -0.06360880335715385               
25      41             -0.06388712670889088               
9       37             -0.06616231821138968               
4       34             -0.06671455653028302               
22      30             -0.06769337717109847               
23      24             -0.06784903962477773               
5       26             -0.06837002104719647               
2       6              -0.06850720827623147               
24      26             -0.06940188413127099               
7       22             -0.06957677858241251               
14      26             -0.07006069000016549               
27      36             -0.07023862562230387               
17      28             -0.07047862862802817               
7       47             -0.07068545066423226               
10      18             -0.07093347890048221               
24      37             -0.07101442643291783               
19      25             -0.07251412727275841               
8       12             -0.07299356168727533               
9       26             -0.07357008484592728               
5       30             -0.07365501875634783               
25      26             -0.07456259378541502               
14      28             -0.07506078770180652               
11      13             -0.07517354162292122               
17      31             -0.07527364317957763               
7       17             -0.07592306214011263               
9       44             -0.07673067266743927               
29      37             -0.0767516416665599                
34      41             -0.07749689408329777               
7       11             -0.07769388448615144               
32      47             -0.07867765914021732               
4       7              -0.07917780422536269               
30      39             -0.08009424866333414               
2       32             -0.08013008345432449               
41      42             -0.08050335993661611               
7       28             -0.08137888819310335               
2       21             -0.08145221776699502               
37      40             -0.08161532182227949               
15      38             -0.082868407514893                 
40      46             -0.08301212921081058               
4       12             -0.08312759350427046               
14      31             -0.08364056615489585               
18      39             -0.08426197534967578               
31      32             -0.08464281250653719               
20      21             -0.08485198088517798               
26      45             -0.08528879405871043               
31      39             -0.08579396421439939               
44      46             -0.08606242858108426               
15      19             -0.08613847830920068               
33      34             -0.08621748361470333               
9       21             -0.08648078745019333               
27      43             -0.0865397101109468                
11      32             -0.0867207758705818                
18      29             -0.08698395640641637               
8       32             -0.08729458694732511               
16      19             -0.08837542804497894               
20      34             -0.08910066844286035               
20      38             -0.08935804751469167               
9       36             -0.08964637356992516               
26      43             -0.09040957278004991               
18      24             -0.09049276515464708               
28      42             -0.09112099036754873               
40      43             -0.09178136967199357               
3       37             -0.09241277820063765               
35      46             -0.09241452099840824               
23      29             -0.09328470310101544               
2       10             -0.09559518809738043               
9       25             -0.09559767086114479               
16      22             -0.09599386205748056               
10      12             -0.09659091435197692               
10      42             -0.09696941929810354               
5       34             -0.09700768165078255               
21      42             -0.09709767146712217               
15      21             -0.09740929362622994               
28      47             -0.09831321845671126               
10      33             -0.09849684883306303               
1       19             -0.0990911697939526                
26      31             -0.0991687456536216                
17      25             -0.09982917997468027               
18      35             -0.09986438822128485               
3       6              -0.10017973042548656               
8       46             -0.101058630726443                 
13      41             -0.10125891330408437               
24      36             -0.10143464140388986               
33      43             -0.10146895253574872               
27      38             -0.10156598704079334               
29      32             -0.10164283472730651               
5       33             -0.10188896836839556               
11      27             -0.10216149209671632               
43      44             -0.10270532428336931               
17      46             -0.10364838414888222               
4       42             -0.10379662444144133               
31      40             -0.10392445973526471               
7       41             -0.1049597820723791                
7       32             -0.10499466400311713               
25      32             -0.10510501305895459               
15      47             -0.10551210183586401               
10      14             -0.10625675064141749               
3       18             -0.10678564182792338               
23      33             -0.1071026970805381                
7       26             -0.10733811012992761               
1       18             -0.10760992149716339               
10      15             -0.10773516043874423               
8       23             -0.10774774414923466               
28      38             -0.10808036988358005               
9       47             -0.10815848812981477               
2       18             -0.10821674354685348               
14      44             -0.10885799969666476               
16      35             -0.11034477335072174               
8       45             -0.11192176877779242               
11      15             -0.11196619973465577               
33      39             -0.11199463984815883               
5       14             -0.11282907086159327               
41      45             -0.11331313602559329               
11      34             -0.11366869260577994               
34      47             -0.11456382606979942               
30      40             -0.11498958298734824               
6       29             -0.11512955115578138               
3       22             -0.11552329827867358               
11      29             -0.11555385866308654               
9       29             -0.11576973263657098               
7       24             -0.11719616709956343               
28      43             -0.11729276755585955               
27      33             -0.1184684727293977                
13      46             -0.11940704067534635               
14      20             -0.11948088517074185               
26      30             -0.11983081439749499               
17      26             -0.12109273462717454               
1       31             -0.12144276454152719               
17      39             -0.12169737626319327               
15      26             -0.12264147710969794               
4       47             -0.12318128343363333               
14      40             -0.12369596516330986               
14      45             -0.12388372970047118               
5       22             -0.12395148173325854               
3       39             -0.12409379800246889               
21      33             -0.12416292360664963               
5       13             -0.1244706084050804                
12      33             -0.12451642746032657               
11      21             -0.12513686936048707               
31      37             -0.1254223854898433                
2       8              -0.125456201585196                 
3       10             -0.12584150230080632               
15      24             -0.12588014162613115               
12      13             -0.126443859475938                 
4       18             -0.12681219873258143               
10      25             -0.1275187932468939                
4       43             -0.12857973879567175               
15      46             -0.12885489711860232               
14      36             -0.1292197068162471                
3       40             -0.12928117449926713               
5       29             -0.12929746473611747               
17      32             -0.12935741961106453               
11      24             -0.1295846375429292                
3       34             -0.1299031468468883                
4       20             -0.13045231098490462               
8       40             -0.1305256100896613                
4       30             -0.13223985960320767               
42      44             -0.1333111849922562                
27      28             -0.13359436946407532               
12      32             -0.13386288751200504               
5       19             -0.13392732502492244               
4       15             -0.13444597664037333               
18      45             -0.13458011220041338               
21      23             -0.13476054926257933               
7       19             -0.13501123697674378               
30      32             -0.13613443622605467               
31      36             -0.1369834122994983                
22      32             -0.13713532553844393               
14      27             -0.13736120997060158               
3       45             -0.13747312300589365               
16      41             -0.13865953791934252               
43      45             -0.13888183575724233               
8       37             -0.13933500982731883               
2       36             -0.1393676668032358                
27      35             -0.1394604861302362                
13      32             -0.1400865975531259                
5       35             -0.14179186617959527               
7       44             -0.14188385474748466               
16      17             -0.14233066622600243               
6       15             -0.14334925110514785               
21      37             -0.14340118594567225               
23      45             -0.14348804616265104               
3       15             -0.14366288864938215               
12      44             -0.14435088671534396               
21      31             -0.1443813872809794                
33      45             -0.14507649274270995               
15      45             -0.14530028847967436               
33      36             -0.14579561389671028               
20      29             -0.145798313926356                 
7       16             -0.1459380089819452                
7       37             -0.14620735450796735               
21      34             -0.14631953563852557               
1       10             -0.14653589107199977               
32      38             -0.14692753716749654               
17      34             -0.147174583612261                 
1       25             -0.14745687600808488               
17      44             -0.14753341381796187               
25      37             -0.1478658342790481                
13      21             -0.14790413104011368               
27      40             -0.1481423004518364                
3       32             -0.1484439334034422                
19      45             -0.1484945849969866                
3       4              -0.14856842511522317               
3       11             -0.14901994918488815               
25      47             -0.1493828681729109                
33      37             -0.1504431232328392                
14      30             -0.15114306774064343               
29      46             -0.1512109424726597                
17      35             -0.15122121048161324               
18      43             -0.1514888314058202                
3       28             -0.15162630283643064               
17      23             -0.15187097039106448               
3       24             -0.15195977472679006               
14      43             -0.1540674896138915                
22      28             -0.15506852456400744               
34      39             -0.15564493204874463               
11      18             -0.15575743645262968               
2       25             -0.15580812980402486               
29      44             -0.15694578856526947               
8       31             -0.1575806070135254                
14      34             -0.15785862041835258               
38      42             -0.1603794326726813                
23      36             -0.1604941291072875                
21      30             -0.1608264867219665                
2       9              -0.16095567192947743               
25      31             -0.16104821297906108               
10      16             -0.16117131520315242               
10      46             -0.16147832860439723               
12      26             -0.16262517257673686               
39      44             -0.16279253729225568               
28      35             -0.16359533630036904               
6       26             -0.1636725105664154                
7       38             -0.16433992943928122               
23      44             -0.16469716782560204               
2       24             -0.16579585563642482               
18      42             -0.16584400056675103               
7       10             -0.16596749214799494               
40      47             -0.166014294412559                 
23      26             -0.16603238882970123               
23      46             -0.1675526741809129                
19      41             -0.16762890402422714               
19      46             -0.16779427806644154               
4       40             -0.16787046174680986               
10      31             -0.16829045685852795               
18      28             -0.16837503665286838               
26      35             -0.17006448234604546               
8       20             -0.17033004716939448               
21      38             -0.1715741716128844                
37      47             -0.1717202402748083                
16      20             -0.1718457948447642                
11      31             -0.17365996010846735               
5       39             -0.1740667339180778                
2       15             -0.17419295938971677               
3       44             -0.17518967345246722               
16      44             -0.17549776672818676               
7       14             -0.1756138968505766                
2       7              -0.1756344966761067                
22      38             -0.17684646726779601               
18      46             -0.17772412400889137               
14      46             -0.17782072419004422               
15      30             -0.17851662691737677               
24      35             -0.17896882652076462               
12      35             -0.1792293014565206                
8       15             -0.1796545649890054                
2       33             -0.18061749339203628               
30      36             -0.18076797333709943               
12      31             -0.18159567871268395               
13      26             -0.18241800759721835               
16      30             -0.18244995592268387               
1       29             -0.18245817679617937               
6       40             -0.1828045081129697                
17      20             -0.1833262374245591                
8       47             -0.18352850491225076               
6       17             -0.18365207656948987               
1       4              -0.1838324983631917                
6       44             -0.18398257644003344               
20      26             -0.18537591989680732               
9       46             -0.18573064036556133               
21      22             -0.18648896113059032               
7       15             -0.18703966700941427               
11      16             -0.18722228380558686               
20      32             -0.18722509766771628               
12      29             -0.18724495895843674               
44      47             -0.18761315696457773               
14      24             -0.1877997427068968                
27      39             -0.18796988947744991               
26      42             -0.18902214285440616               
39      40             -0.18911965450403984               
12      20             -0.18960423242266766               
7       9              -0.18963238961183865               
14      38             -0.18969605502781023               
10      27             -0.18980174360717733               
5       18             -0.18988252349572232               
1       7              -0.19011232539702705               
10      39             -0.190267098258843                 
19      24             -0.1911455472845477                
17      47             -0.19150938883898735               
36      46             -0.1924933043518901                
18      27             -0.19299337314434797               
16      25             -0.19308746738460347               
2       14             -0.19378624453691193               
19      21             -0.19383424128804394               
10      30             -0.19477996113824245               
28      31             -0.1952195588449535                
25      33             -0.1955313194643732                
25      30             -0.19559025974895405               
18      22             -0.1958830321019591                
7       21             -0.19675528549203675               
1       26             -0.19688183551995211               
27      41             -0.19696052097489375               
23      37             -0.19713803087235016               
21      25             -0.19841671291185903               
35      44             -0.19934301184019934               
24      39             -0.2008019316069657                
29      41             -0.2008600370304486                
35      40             -0.20185181897223523               
21      45             -0.20251873919623586               
17      27             -0.20254578688495234               
5       42             -0.20334866380055627               
2       47             -0.20479799153525335               
17      30             -0.20486330414017476               
15      36             -0.2050673954825673                
15      43             -0.20532475563512392               
7       12             -0.20601980121516905               
12      30             -0.20607020156590117               
2       17             -0.20661629498740766               
28      41             -0.20711801059744464               
13      37             -0.20756107921638922               
5       11             -0.20780450645099158               
27      44             -0.2080289286242724                
28      40             -0.20853788724799366               
25      39             -0.2085877965571326                
20      43             -0.20866574456347808               
10      20             -0.20910879726418874               
4       5              -0.2092367780815938                
1       37             -0.20925780265417132               
8       30             -0.2092868895714292                
9       43             -0.20943712924134206               
8       13             -0.20998752047491337               
6       20             -0.21086035034169714               
24      33             -0.21149556263681146               
13      40             -0.2121499072802214                
12      39             -0.21237281825954474               
6       33             -0.2128497817593577                
4       10             -0.21421813899028014               
10      28             -0.21503014875391846               
12      22             -0.2156413280225844                
34      35             -0.21664076485344652               
3       23             -0.21746977410189045               
45      47             -0.21773406636984882               
24      29             -0.21821045120115906               
12      36             -0.21823887840080208               
10      47             -0.21824796587352613               
2       39             -0.21861264328352364               
2       23             -0.21936640215559802               
20      40             -0.21973889244233308               
5       47             -0.21991117507190633               
19      35             -0.22008590154491553               
31      43             -0.2203449422762273                
8       29             -0.22070861392552188               
2       12             -0.22254694471473288               
33      46             -0.2226713986185443                
8       38             -0.2228406645084729                
1       43             -0.22356995240190053               
9       31             -0.2237048291500263                
22      23             -0.22374952649917534               
24      34             -0.22415578057958568               
13      45             -0.22499538682429715               
34      43             -0.22584104847706454               
1       40             -0.22611937433854043               
5       17             -0.2269149670031827                
9       30             -0.22700863651054826               
23      28             -0.22706039859094673               
24      31             -0.2277339691217322                
19      44             -0.2280830593507929                
13      34             -0.22833757887237977               
5       28             -0.22857023959676204               
27      37             -0.22886996056483394               
9       35             -0.22920840792048341               
10      13             -0.22998964295285573               
39      45             -0.23056931315627222               
19      31             -0.2319971457200573                
22      40             -0.2332493209183207                
13      17             -0.23345640343546017               
9       11             -0.2337075653982424                
11      12             -0.23565839457354298               
2       43             -0.2366496932954463                
11      23             -0.23742093538586084               
1       12             -0.2380671941559439                
22      41             -0.23842944821907935               
31      34             -0.2384933306877337                
9       20             -0.23928040957061594               
9       16             -0.24047875356340456               
6       11             -0.2408666795277712                
6       31             -0.24091796049402908               
30      34             -0.24097986050827835               
4       35             -0.2426805963179019                
40      45             -0.24279033056705956               
16      36             -0.24293236296184395               
8       33             -0.2429773189734474                
26      34             -0.24301108037575248               
9       28             -0.24350193481467963               
25      46             -0.24435952955417067               
39      46             -0.24513435227893687               
2       13             -0.2459341153587894                
40      42             -0.24647700020428406               
16      37             -0.24684050101442237               
23      43             -0.24794315445691298               
20      36             -0.2494987441245827                
11      33             -0.25017606635545697               
24      30             -0.25036797880536105               
10      35             -0.2510846663551062                
28      32             -0.2520977755221582                
25      29             -0.25235840888008837               
5       44             -0.25315898665319725               
2       19             -0.25388133220090714               
21      35             -0.25426710941369496               
35      43             -0.25452831033446227               
1       16             -0.2562588702106057                
4       41             -0.2568311994003059                
9       22             -0.25742026814806546               
9       45             -0.2585919080360647                
10      38             -0.2592126930851685                
4       13             -0.26047396467004574               
36      39             -0.2607071689796294                
6       22             -0.2613510217887929                
22      33             -0.2613986546143692                
3       9              -0.26193482119484485               
13      43             -0.26216581172971637               
33      42             -0.2630748903768628                
15      22             -0.2640351121846079                
20      23             -0.26569151815828174               
1       38             -0.2657898070680865                
3       8              -0.26613503433035735               
3       41             -0.26843161831796386               
8       34             -0.2707362788868544                
4       31             -0.2725538959295452                
39      43             -0.2728302863632212                
4       33             -0.27613884240314257               
23      30             -0.27618833400682985               
5       37             -0.27677041179947154               
19      26             -0.2771163350046477                
5       41             -0.2785889461620241                
11      35             -0.27868322884279695               
6       35             -0.2790284693105186                
36      47             -0.27942029211634767               
13      42             -0.28091708091872025               
23      31             -0.2830616523405931                
7       46             -0.2835778313582006                
12      37             -0.283628444763944                 
30      43             -0.28401012276401527               
6       30             -0.28474612965321733               
28      33             -0.28636853604733725               
15      29             -0.2886469927925477                
6       38             -0.2899111905383831                
22      35             -0.29275675121397216               
38      46             -0.2945029809656596                
21      39             -0.29542874477101727               
1       21             -0.29789779069709194               
6       13             -0.29794412943496607               
27      31             -0.29930929881769336               
38      43             -0.3010095301905676                
8       42             -0.3039286812815502                
22      31             -0.3054079779922199                
16      34             -0.306265871791162                 
11      41             -0.3069652221491355                
24      38             -0.31007196893784206               
4       32             -0.31168392832496167               
13      36             -0.3127858736591069                
34      46             -0.3154884806361689                
20      25             -0.3169251183015272                
36      38             -0.31704988189424266               
3       14             -0.3187398751731868                
23      35             -0.32205729416278345               
1       11             -0.3243611836331479                
11      40             -0.32600367446933637               
12      42             -0.32651835144689206               
2       34             -0.3293431121377382                
38      45             -0.32978015695769874               
29      45             -0.3307828440948411                
16      42             -0.3311725292968981                
19      20             -0.3328119891577789                
12      45             -0.33331435631019                  
1       8              -0.3336172226089223                
5       31             -0.3391518009642029                
13      27             -0.33982634675175727               
2       38             -0.3465698754229617                
25      36             -0.3475426189874543                
27      47             -0.350535278651944                 
6       39             -0.3607045613740417                
7       36             -0.36240942193580283               
37      42             -0.3644400373941138                
14      29             -0.37239187308419236               
6       19             -0.3726145271969137                
3       25             -0.37821055284734517               
39      42             -0.3805723143701415                
19      30             -0.3992519725720635                
3       36             -0.4067268100292602                
19      47             -0.41016941549709074               
29      42             -0.42251475628379165               
4       9              -0.43318607229187395               
1       6              -0.4655803535333905                
