#======================================================================
# PARAMETERS USED FOR THIS COMPUTATION: 
#      Sequence type: RNA
#      Total number of sequences in alignment data: 1
#      Length of sequences in alignment data: 48
#      Effective number of sequences: 1.0
#      Value of sequence identity: 0.8
#      Value of relative pseudocount: 0.5
# The First and Second columns represent sites and the
# Third column is MFDCA Frobenius norm, average product corrected (APC) DCA score
#======================================================================
7       14             5.051514762044462e-15              
1       3              4.6629367034256575e-15             
7       13             4.579669976578771e-15              
10      14             4.524158825347513e-15              
10      13             4.218847493575595e-15              
7       25             3.885780586188048e-15              
7       33             3.802513859341161e-15              
7       31             3.774758283725532e-15              
7       34             3.774758283725532e-15              
7       26             3.747002708109903e-15              
7       28             3.635980405647388e-15              
7       30             3.635980405647388e-15              
7       32             3.58046925441613e-15               
9       14             3.4416913763379853e-15             
7       35             3.4139358007223564e-15             
7       29             3.4139358007223564e-15             
6       13             3.3306690738754696e-15             
6       14             3.219646771412954e-15              
9       13             3.164135620181696e-15              
8       14             3.1086244689504383e-15             
18      26             3.0531133177191805e-15             
8       13             3.0531133177191805e-15             
18      25             3.0253577421035516e-15             
18      33             2.9976021664879227e-15             
18      31             2.9976021664879227e-15             
18      28             2.886579864025407e-15              
18      30             2.886579864025407e-15              
18      34             2.886579864025407e-15              
18      32             2.858824288409778e-15              
4       14             2.7755575615628914e-15             
10      25             2.7478019859472624e-15             
10      26             2.7200464103316335e-15             
18      29             2.6367796834847468e-15             
10      28             2.609024107869118e-15              
1       4              2.609024107869118e-15              
10      34             2.581268532253489e-15              
18      35             2.581268532253489e-15              
10      33             2.55351295663786e-15               
10      31             2.55351295663786e-15               
4       13             2.55351295663786e-15               
10      30             2.4980018054066022e-15             
3       11             2.3037127760972e-15                
8       33             2.275957200481571e-15              
10      32             2.220446049250313e-15              
5       13             2.220446049250313e-15              
8       34             2.220446049250313e-15              
10      35             2.1649348980190553e-15             
9       31             2.1649348980190553e-15             
8       31             2.1649348980190553e-15             
8       28             2.1371793224034263e-15             
8       32             2.1371793224034263e-15             
5       14             2.1094237467877974e-15             
2       3              2.1094237467877974e-15             
10      29             2.0816681711721685e-15             
9       25             2.0816681711721685e-15             
8       30             2.0816681711721685e-15             
9       26             2.0539125955565396e-15             
17      26             2.0539125955565396e-15             
8       26             2.0539125955565396e-15             
8       35             2.0261570199409107e-15             
8       29             2.0261570199409107e-15             
17      25             2.0261570199409107e-15             
9       30             1.9984014443252818e-15             
9       33             1.9984014443252818e-15             
9       34             1.9984014443252818e-15             
19      33             1.9984014443252818e-15             
9       12             1.9984014443252818e-15             
8       25             1.9984014443252818e-15             
1       11             1.9984014443252818e-15             
9       28             1.970645868709653e-15              
2       12             1.970645868709653e-15              
19      31             1.942890293094024e-15              
17      30             1.942890293094024e-15              
17      33             1.942890293094024e-15              
2       13             1.942890293094024e-15              
9       10             1.942890293094024e-15              
19      32             1.915134717478395e-15              
17      28             1.915134717478395e-15              
17      31             1.915134717478395e-15              
17      34             1.915134717478395e-15              
19      34             1.887379141862766e-15              
5       11             1.8596235662471372e-15             
3       10             1.8596235662471372e-15             
19      30             1.8318679906315083e-15             
9       11             1.8318679906315083e-15             
5       12             1.8318679906315083e-15             
1       12             1.8318679906315083e-15             
9       29             1.8041124150158794e-15             
19      25             1.8041124150158794e-15             
19      26             1.8041124150158794e-15             
19      28             1.7763568394002505e-15             
17      29             1.7486012637846216e-15             
6       31             1.7486012637846216e-15             
19      35             1.7208456881689926e-15             
17      32             1.7208456881689926e-15             
9       32             1.6930901125533637e-15             
2       11             1.6930901125533637e-15             
3       9              1.6930901125533637e-15             
17      35             1.6653345369377348e-15             
21      32             1.6653345369377348e-15             
21      31             1.6653345369377348e-15             
3       4              1.6653345369377348e-15             
8       9              1.6653345369377348e-15             
7       8              1.6653345369377348e-15             
4       32             1.6375789613221059e-15             
6       30             1.6375789613221059e-15             
6       26             1.6375789613221059e-15             
9       35             1.609823385706477e-15              
19      29             1.609823385706477e-15              
21      33             1.5543122344752192e-15             
6       34             1.5543122344752192e-15             
16      25             1.5543122344752192e-15             
21      29             1.5265566588595902e-15             
4       33             1.5265566588595902e-15             
21      30             1.5265566588595902e-15             
6       32             1.5265566588595902e-15             
6       33             1.5265566588595902e-15             
6       25             1.5265566588595902e-15             
16      31             1.5265566588595902e-15             
16      26             1.5265566588595902e-15             
4       35             1.4988010832439613e-15             
4       28             1.4988010832439613e-15             
21      34             1.4988010832439613e-15             
21      28             1.4710455076283324e-15             
4       30             1.4710455076283324e-15             
4       31             1.4710455076283324e-15             
16      33             1.4710455076283324e-15             
16      34             1.4710455076283324e-15             
1       13             1.4710455076283324e-15             
4       34             1.4432899320127035e-15             
6       28             1.4432899320127035e-15             
16      28             1.4432899320127035e-15             
4       29             1.4155343563970746e-15             
4       26             1.4155343563970746e-15             
16      30             1.4155343563970746e-15             
27      39             1.4155343563970746e-15             
3       5              1.3877787807814457e-15             
1       10             1.3877787807814457e-15             
27      46             1.3877787807814457e-15             
6       29             1.3600232051658168e-15             
27      40             1.3600232051658168e-15             
27      47             1.3600232051658168e-15             
21      35             1.3322676295501878e-15             
27      37             1.3322676295501878e-15             
27      45             1.3322676295501878e-15             
27      43             1.3322676295501878e-15             
21      26             1.304512053934559e-15              
20      33             1.304512053934559e-15              
27      42             1.304512053934559e-15              
27      44             1.304512053934559e-15              
16      20             1.304512053934559e-15              
6       35             1.27675647831893e-15               
4       25             1.27675647831893e-15               
20      32             1.27675647831893e-15               
1       9              1.27675647831893e-15               
2       4              1.27675647831893e-15               
27      38             1.27675647831893e-15               
27      48             1.27675647831893e-15               
27      36             1.27675647831893e-15               
27      41             1.27675647831893e-15               
3       13             1.2490009027033011e-15             
21      25             1.2490009027033011e-15             
16      32             1.2490009027033011e-15             
1       14             1.2490009027033011e-15             
40      48             1.2490009027033011e-15             
41      46             1.2490009027033011e-15             
41      45             1.2490009027033011e-15             
39      47             1.2490009027033011e-15             
3       14             1.2212453270876722e-15             
41      48             1.2212453270876722e-15             
39      46             1.2212453270876722e-15             
40      46             1.2212453270876722e-15             
16      35             1.1934897514720433e-15             
20      30             1.1934897514720433e-15             
20      31             1.1934897514720433e-15             
36      37             1.1934897514720433e-15             
38      46             1.1934897514720433e-15             
39      45             1.1934897514720433e-15             
40      44             1.1934897514720433e-15             
36      43             1.1934897514720433e-15             
36      47             1.1934897514720433e-15             
40      47             1.1934897514720433e-15             
41      43             1.1934897514720433e-15             
38      48             1.1657341758564144e-15             
37      46             1.1657341758564144e-15             
36      42             1.1657341758564144e-15             
36      46             1.1657341758564144e-15             
38      45             1.1657341758564144e-15             
39      42             1.1657341758564144e-15             
40      42             1.1657341758564144e-15             
41      42             1.1657341758564144e-15             
40      45             1.1657341758564144e-15             
41      44             1.1657341758564144e-15             
38      43             1.1657341758564144e-15             
39      43             1.1657341758564144e-15             
41      47             1.1657341758564144e-15             
16      23             1.1657341758564144e-15             
2       14             1.1379786002407855e-15             
20      34             1.1379786002407855e-15             
37      39             1.1379786002407855e-15             
38      40             1.1379786002407855e-15             
39      48             1.1379786002407855e-15             
36      39             1.1379786002407855e-15             
36      40             1.1379786002407855e-15             
37      45             1.1379786002407855e-15             
38      44             1.1379786002407855e-15             
39      44             1.1379786002407855e-15             
37      47             1.1379786002407855e-15             
38      47             1.1379786002407855e-15             
40      43             1.1379786002407855e-15             
20      29             1.1102230246251565e-15             
16      29             1.1102230246251565e-15             
20      26             1.1102230246251565e-15             
2       10             1.1102230246251565e-15             
37      38             1.1102230246251565e-15             
37      48             1.1102230246251565e-15             
36      38             1.1102230246251565e-15             
37      40             1.1102230246251565e-15             
37      42             1.1102230246251565e-15             
38      42             1.1102230246251565e-15             
39      40             1.1102230246251565e-15             
36      44             1.1102230246251565e-15             
36      45             1.1102230246251565e-15             
47      48             1.1102230246251565e-15             
38      39             1.0824674490095276e-15             
37      44             1.0824674490095276e-15             
37      43             1.0824674490095276e-15             
20      35             1.0547118733938987e-15             
36      48             1.0547118733938987e-15             
37      41             1.0547118733938987e-15             
40      41             1.0547118733938987e-15             
43      47             1.0547118733938987e-15             
5       10             1.0269562977782698e-15             
36      41             1.0269562977782698e-15             
39      41             1.0269562977782698e-15             
43      45             1.0269562977782698e-15             
45      47             1.0269562977782698e-15             
38      41             9.992007221626409e-16              
7       9              9.992007221626409e-16              
42      43             9.992007221626409e-16              
46      47             9.992007221626409e-16              
4       6              9.992007221626409e-16              
20      23             9.992007221626409e-16              
20      28             9.71445146547012e-16               
20      25             9.71445146547012e-16               
5       9              9.71445146547012e-16               
44      47             9.71445146547012e-16               
6       12             9.43689570931383e-16               
42      48             9.43689570931383e-16               
42      47             9.43689570931383e-16               
43      46             9.43689570931383e-16               
43      44             9.43689570931383e-16               
16      18             9.43689570931383e-16               
2       9              9.159339953157541e-16              
42      45             9.159339953157541e-16              
45      46             9.159339953157541e-16              
44      45             9.159339953157541e-16              
24      41             8.881784197001252e-16              
7       10             8.881784197001252e-16              
24      43             8.881784197001252e-16              
42      46             8.881784197001252e-16              
42      44             8.881784197001252e-16              
43      48             8.881784197001252e-16              
16      21             8.881784197001252e-16              
16      22             8.881784197001252e-16              
24      37             8.604228440844963e-16              
24      45             8.604228440844963e-16              
45      48             8.604228440844963e-16              
44      46             8.604228440844963e-16              
16      19             8.604228440844963e-16              
24      48             8.326672684688674e-16              
24      46             8.326672684688674e-16              
46      48             8.326672684688674e-16              
5       32             8.049116928532385e-16              
24      39             8.049116928532385e-16              
11      13             7.771561172376096e-16              
6       11             7.771561172376096e-16              
24      40             7.771561172376096e-16              
24      42             7.771561172376096e-16              
24      44             7.771561172376096e-16              
24      47             7.771561172376096e-16              
44      48             7.771561172376096e-16              
15      47             7.771561172376096e-16              
2       6              7.771561172376096e-16              
5       29             7.494005416219807e-16              
1       29             7.494005416219807e-16              
24      38             7.494005416219807e-16              
24      36             7.494005416219807e-16              
22      45             7.494005416219807e-16              
16      17             7.494005416219807e-16              
1       2              7.494005416219807e-16              
18      23             7.494005416219807e-16              
5       35             7.216449660063518e-16              
5       33             7.216449660063518e-16              
1       32             7.216449660063518e-16              
15      37             7.216449660063518e-16              
15      38             7.216449660063518e-16              
15      42             7.216449660063518e-16              
15      45             7.216449660063518e-16              
5       28             6.938893903907228e-16              
1       35             6.938893903907228e-16              
22      46             6.938893903907228e-16              
15      40             6.938893903907228e-16              
15      46             6.938893903907228e-16              
22      43             6.938893903907228e-16              
22      47             6.938893903907228e-16              
16      24             6.938893903907228e-16              
5       31             6.661338147750939e-16              
4       12             6.661338147750939e-16              
15      48             6.661338147750939e-16              
15      39             6.661338147750939e-16              
15      44             6.661338147750939e-16              
15      43             6.661338147750939e-16              
20      22             6.661338147750939e-16              
5       30             6.38378239159465e-16               
22      37             6.38378239159465e-16               
22      39             6.38378239159465e-16               
15      36             6.38378239159465e-16               
24      27             6.38378239159465e-16               
5       34             6.106226635438361e-16              
22      36             6.106226635438361e-16              
22      40             6.106226635438361e-16              
22      41             6.106226635438361e-16              
22      42             6.106226635438361e-16              
15      41             6.106226635438361e-16              
22      44             6.106226635438361e-16              
22      38             5.828670879282072e-16              
22      48             5.828670879282072e-16              
20      21             5.828670879282072e-16              
11      14             5.551115123125783e-16              
15      30             5.551115123125783e-16              
15      31             5.551115123125783e-16              
15      34             5.551115123125783e-16              
2       32             5.551115123125783e-16              
8       10             5.551115123125783e-16              
12      23             5.551115123125783e-16              
15      33             5.273559366969494e-16              
15      27             5.273559366969494e-16              
18      20             5.273559366969494e-16              
15      28             4.996003610813204e-16              
15      32             4.996003610813204e-16              
15      25             4.996003610813204e-16              
20      24             4.996003610813204e-16              
6       8              4.996003610813204e-16              
12      14             4.718447854656915e-16              
15      29             4.440892098500626e-16              
5       26             4.440892098500626e-16              
1       33             4.440892098500626e-16              
3       12             4.440892098500626e-16              
22      23             4.440892098500626e-16              
12      13             4.163336342344337e-16              
15      35             4.163336342344337e-16              
1       28             4.163336342344337e-16              
18      24             4.163336342344337e-16              
17      20             4.163336342344337e-16              
17      23             4.163336342344337e-16              
5       25             3.885780586188048e-16              
15      26             3.885780586188048e-16              
4       11             3.885780586188048e-16              
18      21             3.885780586188048e-16              
22      33             3.608224830031759e-16              
22      31             3.608224830031759e-16              
11      23             3.608224830031759e-16              
5       6              3.608224830031759e-16              
18      22             3.608224830031759e-16              
17      18             3.608224830031759e-16              
22      30             3.3306690738754696e-16             
11      12             3.3306690738754696e-16             
12      20             3.3306690738754696e-16             
15      23             3.3306690738754696e-16             
23      27             3.3306690738754696e-16             
22      29             3.0531133177191805e-16             
2       29             3.0531133177191805e-16             
22      28             3.0531133177191805e-16             
22      34             3.0531133177191805e-16             
27      31             3.0531133177191805e-16             
22      27             3.0531133177191805e-16             
2       35             2.7755575615628914e-16             
24      34             2.7755575615628914e-16             
4       5              2.7755575615628914e-16             
12      18             2.7755575615628914e-16             
21      23             2.7755575615628914e-16             
24      25             2.498001805406602e-16              
27      30             2.498001805406602e-16              
1       34             2.498001805406602e-16              
4       16             2.498001805406602e-16              
15      20             2.498001805406602e-16              
23      24             2.498001805406602e-16              
27      29             2.220446049250313e-16              
22      32             2.220446049250313e-16              
25      37             2.220446049250313e-16              
1       31             2.220446049250313e-16              
1       5              2.220446049250313e-16              
22      35             1.942890293094024e-16              
24      32             1.942890293094024e-16              
24      30             1.942890293094024e-16              
33      37             1.942890293094024e-16              
33      48             1.942890293094024e-16              
31      46             1.942890293094024e-16              
1       30             1.942890293094024e-16              
23      31             1.942890293094024e-16              
23      26             1.942890293094024e-16              
4       10             1.942890293094024e-16              
12      22             1.942890293094024e-16              
24      33             1.6653345369377348e-16             
34      37             1.6653345369377348e-16             
26      37             1.6653345369377348e-16             
25      39             1.6653345369377348e-16             
30      47             1.6653345369377348e-16             
25      43             1.6653345369377348e-16             
25      47             1.6653345369377348e-16             
26      47             1.6653345369377348e-16             
27      33             1.6653345369377348e-16             
11      20             1.6653345369377348e-16             
6       10             1.6653345369377348e-16             
8       11             1.6653345369377348e-16             
6       9              1.6653345369377348e-16             
17      21             1.6653345369377348e-16             
18      19             1.6653345369377348e-16             
28      41             1.3877787807814457e-16             
30      39             1.3877787807814457e-16             
33      42             1.3877787807814457e-16             
31      39             1.3877787807814457e-16             
34      39             1.3877787807814457e-16             
34      42             1.3877787807814457e-16             
22      25             1.3877787807814457e-16             
22      26             1.3877787807814457e-16             
25      40             1.3877787807814457e-16             
25      46             1.3877787807814457e-16             
26      39             1.3877787807814457e-16             
26      42             1.3877787807814457e-16             
26      46             1.3877787807814457e-16             
31      47             1.3877787807814457e-16             
34      43             1.3877787807814457e-16             
34      47             1.3877787807814457e-16             
27      32             1.3877787807814457e-16             
27      34             1.3877787807814457e-16             
12      21             1.3877787807814457e-16             
21      22             1.3877787807814457e-16             
15      18             1.3877787807814457e-16             
15      16             1.3877787807814457e-16             
23      36             1.3877787807814457e-16             
24      28             1.1102230246251565e-16             
24      31             1.1102230246251565e-16             
31      37             1.1102230246251565e-16             
26      38             1.1102230246251565e-16             
31      40             1.1102230246251565e-16             
31      42             1.1102230246251565e-16             
33      44             1.1102230246251565e-16             
33      45             1.1102230246251565e-16             
34      40             1.1102230246251565e-16             
34      46             1.1102230246251565e-16             
25      41             1.1102230246251565e-16             
25      42             1.1102230246251565e-16             
26      40             1.1102230246251565e-16             
31      44             1.1102230246251565e-16             
31      45             1.1102230246251565e-16             
25      44             1.1102230246251565e-16             
25      45             1.1102230246251565e-16             
26      44             1.1102230246251565e-16             
26      45             1.1102230246251565e-16             
33      43             1.1102230246251565e-16             
33      47             1.1102230246251565e-16             
31      43             1.1102230246251565e-16             
26      43             1.1102230246251565e-16             
2       31             1.1102230246251565e-16             
14      23             1.1102230246251565e-16             
12      47             1.1102230246251565e-16             
12      16             1.1102230246251565e-16             
23      45             1.1102230246251565e-16             
23      47             1.1102230246251565e-16             
1       23             1.1102230246251565e-16             
27      35             8.326672684688674e-17              
24      26             8.326672684688674e-17              
30      37             8.326672684688674e-17              
30      48             8.326672684688674e-17              
33      38             8.326672684688674e-17              
30      40             8.326672684688674e-17              
30      42             8.326672684688674e-17              
30      46             8.326672684688674e-17              
31      38             8.326672684688674e-17              
31      48             8.326672684688674e-17              
33      40             8.326672684688674e-17              
33      41             8.326672684688674e-17              
33      46             8.326672684688674e-17              
34      38             8.326672684688674e-17              
34      48             8.326672684688674e-17              
25      38             8.326672684688674e-17              
30      44             8.326672684688674e-17              
30      45             8.326672684688674e-17              
25      36             8.326672684688674e-17              
34      44             8.326672684688674e-17              
34      45             8.326672684688674e-17              
27      28             8.326672684688674e-17              
2       33             8.326672684688674e-17              
23      30             8.326672684688674e-17              
23      34             8.326672684688674e-17              
23      25             8.326672684688674e-17              
12      17             8.326672684688674e-17              
15      21             8.326672684688674e-17              
17      22             8.326672684688674e-17              
23      43             8.326672684688674e-17              
2       23             8.326672684688674e-17              
24      29             5.551115123125783e-17              
28      39             5.551115123125783e-17              
32      39             5.551115123125783e-17              
3       31             5.551115123125783e-17              
33      36             5.551115123125783e-17              
33      39             5.551115123125783e-17              
25      48             5.551115123125783e-17              
26      48             5.551115123125783e-17              
31      36             5.551115123125783e-17              
31      41             5.551115123125783e-17              
26      41             5.551115123125783e-17              
2       30             5.551115123125783e-17              
23      33             5.551115123125783e-17              
12      40             5.551115123125783e-17              
11      18             5.551115123125783e-17              
8       12             5.551115123125783e-17              
17      24             5.551115123125783e-17              
23      48             5.551115123125783e-17              
23      41             5.551115123125783e-17              
23      42             5.551115123125783e-17              
1       20             5.551115123125783e-17              
24      35             2.7755575615628914e-17             
3       35             2.7755575615628914e-17             
3       29             2.7755575615628914e-17             
3       32             2.7755575615628914e-17             
32      37             2.7755575615628914e-17             
32      48             2.7755575615628914e-17             
32      42             2.7755575615628914e-17             
32      46             2.7755575615628914e-17             
28      47             2.7755575615628914e-17             
30      38             2.7755575615628914e-17             
32      44             2.7755575615628914e-17             
30      41             2.7755575615628914e-17             
32      43             2.7755575615628914e-17             
32      47             2.7755575615628914e-17             
26      36             2.7755575615628914e-17             
30      43             2.7755575615628914e-17             
2       34             2.7755575615628914e-17             
13      23             2.7755575615628914e-17             
12      19             2.7755575615628914e-17             
11      21             2.7755575615628914e-17             
12      38             2.7755575615628914e-17             
12      48             2.7755575615628914e-17             
12      39             2.7755575615628914e-17             
12      45             2.7755575615628914e-17             
12      43             2.7755575615628914e-17             
23      37             2.7755575615628914e-17             
23      40             2.7755575615628914e-17             
23      44             2.7755575615628914e-17             
28      37             0.0                                
28      48             0.0                                
28      40             0.0                                
28      42             0.0                                
28      46             0.0                                
28      44             0.0                                
28      45             0.0                                
3       33             0.0                                
32      36             0.0                                
32      40             0.0                                
32      45             0.0                                
34      36             0.0                                
34      41             0.0                                
11      22             0.0                                
12      41             0.0                                
12      42             0.0                                
12      46             0.0                                
17      19             0.0                                
23      38             0.0                                
23      39             0.0                                
23      46             0.0                                
28      36             -2.7755575615628914e-17            
32      38             -2.7755575615628914e-17            
3       30             -2.7755575615628914e-17            
32      41             -2.7755575615628914e-17            
28      43             -2.7755575615628914e-17            
30      36             -2.7755575615628914e-17            
11      24             -2.7755575615628914e-17            
12      24             -2.7755575615628914e-17            
12      37             -2.7755575615628914e-17            
12      36             -2.7755575615628914e-17            
12      44             -2.7755575615628914e-17            
22      24             -2.7755575615628914e-17            
29      39             -5.551115123125783e-17             
28      38             -5.551115123125783e-17             
15      22             -5.551115123125783e-17             
1       22             -5.551115123125783e-17             
3       28             -8.326672684688674e-17             
3       34             -8.326672684688674e-17             
14      43             -8.326672684688674e-17             
23      28             -8.326672684688674e-17             
14      20             -8.326672684688674e-17             
25      27             -8.326672684688674e-17             
11      46             -8.326672684688674e-17             
4       15             -8.326672684688674e-17             
15      24             -8.326672684688674e-17             
29      42             -1.1102230246251565e-16            
29      46             -1.1102230246251565e-16            
29      47             -1.1102230246251565e-16            
2       28             -1.1102230246251565e-16            
14      46             -1.1102230246251565e-16            
14      45             -1.1102230246251565e-16            
13      20             -1.1102230246251565e-16            
14      16             -1.1102230246251565e-16            
11      48             -1.1102230246251565e-16            
12      15             -1.1102230246251565e-16            
15      19             -1.1102230246251565e-16            
15      17             -1.1102230246251565e-16            
1       6              -1.1102230246251565e-16            
1       16             -1.1102230246251565e-16            
29      37             -1.3877787807814457e-16            
29      48             -1.3877787807814457e-16            
29      44             -1.3877787807814457e-16            
29      45             -1.3877787807814457e-16            
29      43             -1.3877787807814457e-16            
14      40             -1.3877787807814457e-16            
1       26             -1.3877787807814457e-16            
4       9              -1.3877787807814457e-16            
11      43             -1.3877787807814457e-16            
3       20             -1.3877787807814457e-16            
5       23             -1.3877787807814457e-16            
1       24             -1.3877787807814457e-16            
3       23             -1.3877787807814457e-16            
6       16             -1.3877787807814457e-16            
1       18             -1.3877787807814457e-16            
3       25             -1.6653345369377348e-16            
14      37             -1.6653345369377348e-16            
14      38             -1.6653345369377348e-16            
14      39             -1.6653345369377348e-16            
14      42             -1.6653345369377348e-16            
14      44             -1.6653345369377348e-16            
14      47             -1.6653345369377348e-16            
13      18             -1.6653345369377348e-16            
14      18             -1.6653345369377348e-16            
13      16             -1.6653345369377348e-16            
23      32             -1.6653345369377348e-16            
11      40             -1.6653345369377348e-16            
11      41             -1.6653345369377348e-16            
11      42             -1.6653345369377348e-16            
11      44             -1.6653345369377348e-16            
11      45             -1.6653345369377348e-16            
19      43             -1.6653345369377348e-16            
5       20             -1.6653345369377348e-16            
2       22             -1.6653345369377348e-16            
19      23             -1.6653345369377348e-16            
1       21             -1.6653345369377348e-16            
35      37             -1.942890293094024e-16             
35      48             -1.942890293094024e-16             
29      38             -1.942890293094024e-16             
29      40             -1.942890293094024e-16             
14      36             -1.942890293094024e-16             
26      27             -1.942890293094024e-16             
1       25             -1.942890293094024e-16             
11      19             -1.942890293094024e-16             
11      39             -1.942890293094024e-16             
11      47             -1.942890293094024e-16             
11      16             -1.942890293094024e-16             
21      24             -1.942890293094024e-16             
1       42             -1.942890293094024e-16             
35      40             -2.220446049250313e-16             
35      41             -2.220446049250313e-16             
35      42             -2.220446049250313e-16             
35      46             -2.220446049250313e-16             
35      44             -2.220446049250313e-16             
29      41             -2.220446049250313e-16             
35      43             -2.220446049250313e-16             
35      47             -2.220446049250313e-16             
23      35             -2.220446049250313e-16             
14      48             -2.220446049250313e-16             
23      29             -2.220446049250313e-16             
11      37             -2.220446049250313e-16             
11      38             -2.220446049250313e-16             
19      37             -2.220446049250313e-16             
3       18             -2.220446049250313e-16             
17      27             -2.220446049250313e-16             
2       20             -2.220446049250313e-16             
4       7              -2.220446049250313e-16             
1       48             -2.220446049250313e-16             
1       46             -2.220446049250313e-16             
1       45             -2.220446049250313e-16             
1       43             -2.220446049250313e-16             
1       47             -2.220446049250313e-16             
35      38             -2.498001805406602e-16             
35      45             -2.498001805406602e-16             
29      36             -2.498001805406602e-16             
14      21             -2.498001805406602e-16             
14      41             -2.498001805406602e-16             
11      36             -2.498001805406602e-16             
11      15             -2.498001805406602e-16             
19      41             -2.498001805406602e-16             
19      46             -2.498001805406602e-16             
1       19             -2.498001805406602e-16             
1       36             -2.498001805406602e-16             
13      21             -2.7755575615628914e-16            
3       26             -2.7755575615628914e-16            
19      38             -2.7755575615628914e-16            
19      45             -2.7755575615628914e-16            
2       18             -2.7755575615628914e-16            
1       37             -2.7755575615628914e-16            
1       38             -2.7755575615628914e-16            
1       40             -2.7755575615628914e-16            
1       44             -2.7755575615628914e-16            
1       17             -2.7755575615628914e-16            
8       16             -2.7755575615628914e-16            
13      14             -3.0531133177191805e-16            
35      36             -3.0531133177191805e-16            
35      39             -3.0531133177191805e-16            
11      27             -3.0531133177191805e-16            
19      48             -3.0531133177191805e-16            
19      39             -3.0531133177191805e-16            
19      42             -3.0531133177191805e-16            
19      44             -3.0531133177191805e-16            
19      47             -3.0531133177191805e-16            
2       21             -3.0531133177191805e-16            
2       41             -3.0531133177191805e-16            
2       43             -3.0531133177191805e-16            
1       39             -3.0531133177191805e-16            
1       15             -3.0531133177191805e-16            
14      17             -3.3306690738754696e-16            
14      27             -3.3306690738754696e-16            
11      17             -3.3306690738754696e-16            
19      36             -3.3306690738754696e-16            
19      40             -3.3306690738754696e-16            
21      43             -3.3306690738754696e-16            
21      47             -3.3306690738754696e-16            
19      20             -3.3306690738754696e-16            
2       37             -3.3306690738754696e-16            
2       48             -3.3306690738754696e-16            
13      22             -3.608224830031759e-16             
14      22             -3.608224830031759e-16             
2       26             -3.608224830031759e-16             
12      27             -3.608224830031759e-16             
2       38             -3.608224830031759e-16             
2       39             -3.608224830031759e-16             
2       42             -3.608224830031759e-16             
20      39             -3.608224830031759e-16             
20      46             -3.608224830031759e-16             
2       47             -3.608224830031759e-16             
1       41             -3.608224830031759e-16             
14      15             -3.885780586188048e-16             
2       25             -3.885780586188048e-16             
21      45             -3.885780586188048e-16             
5       18             -3.885780586188048e-16             
2       44             -3.885780586188048e-16             
14      24             -4.163336342344337e-16             
13      38             -4.163336342344337e-16             
13      40             -4.163336342344337e-16             
13      17             -4.163336342344337e-16             
21      46             -4.163336342344337e-16             
2       40             -4.163336342344337e-16             
2       46             -4.163336342344337e-16             
3       6              -4.163336342344337e-16             
20      40             -4.163336342344337e-16             
20      41             -4.163336342344337e-16             
20      44             -4.163336342344337e-16             
20      45             -4.163336342344337e-16             
20      43             -4.163336342344337e-16             
20      47             -4.163336342344337e-16             
14      19             -4.440892098500626e-16             
13      43             -4.440892098500626e-16             
21      37             -4.440892098500626e-16             
21      48             -4.440892098500626e-16             
21      39             -4.440892098500626e-16             
2       36             -4.440892098500626e-16             
2       45             -4.440892098500626e-16             
20      37             -4.440892098500626e-16             
20      38             -4.440892098500626e-16             
20      42             -4.440892098500626e-16             
16      27             -4.440892098500626e-16             
6       23             -4.440892098500626e-16             
8       23             -4.440892098500626e-16             
13      39             -4.718447854656915e-16             
13      46             -4.718447854656915e-16             
5       22             -4.718447854656915e-16             
19      21             -4.718447854656915e-16             
21      40             -4.718447854656915e-16             
21      42             -4.718447854656915e-16             
21      44             -4.718447854656915e-16             
17      40             -4.718447854656915e-16             
19      27             -4.718447854656915e-16             
4       18             -4.718447854656915e-16             
20      48             -4.718447854656915e-16             
2       17             -4.718447854656915e-16             
4       23             -4.718447854656915e-16             
13      24             -4.996003610813204e-16             
13      42             -4.996003610813204e-16             
5       24             -4.996003610813204e-16             
19      24             -4.996003610813204e-16             
3       24             -4.996003610813204e-16             
19      22             -4.996003610813204e-16             
21      38             -4.996003610813204e-16             
21      36             -4.996003610813204e-16             
3       17             -4.996003610813204e-16             
3       43             -4.996003610813204e-16             
3       47             -4.996003610813204e-16             
17      37             -4.996003610813204e-16             
17      46             -4.996003610813204e-16             
20      36             -4.996003610813204e-16             
13      44             -5.273559366969494e-16             
13      45             -5.273559366969494e-16             
3       19             -5.273559366969494e-16             
3       21             -5.273559366969494e-16             
3       22             -5.273559366969494e-16             
3       44             -5.273559366969494e-16             
2       24             -5.273559366969494e-16             
17      38             -5.273559366969494e-16             
5       16             -5.273559366969494e-16             
17      36             -5.273559366969494e-16             
17      44             -5.273559366969494e-16             
17      45             -5.273559366969494e-16             
17      43             -5.273559366969494e-16             
13      19             -5.551115123125783e-16             
13      36             -5.551115123125783e-16             
13      47             -5.551115123125783e-16             
3       38             -5.551115123125783e-16             
3       46             -5.551115123125783e-16             
3       45             -5.551115123125783e-16             
17      48             -5.551115123125783e-16             
17      39             -5.551115123125783e-16             
17      42             -5.551115123125783e-16             
17      47             -5.551115123125783e-16             
8       20             -5.551115123125783e-16             
13      37             -5.828670879282072e-16             
13      48             -5.828670879282072e-16             
13      15             -5.828670879282072e-16             
5       19             -5.828670879282072e-16             
5       37             -5.828670879282072e-16             
5       46             -5.828670879282072e-16             
5       44             -5.828670879282072e-16             
5       45             -5.828670879282072e-16             
5       17             -5.828670879282072e-16             
5       43             -5.828670879282072e-16             
5       47             -5.828670879282072e-16             
3       39             -5.828670879282072e-16             
3       41             -5.828670879282072e-16             
3       42             -5.828670879282072e-16             
21      41             -5.828670879282072e-16             
2       15             -5.828670879282072e-16             
6       18             -5.828670879282072e-16             
11      31             -6.106226635438361e-16             
5       21             -6.106226635438361e-16             
5       48             -6.106226635438361e-16             
5       42             -6.106226635438361e-16             
3       37             -6.106226635438361e-16             
3       40             -6.106226635438361e-16             
4       17             -6.106226635438361e-16             
17      41             -6.106226635438361e-16             
6       7              -6.106226635438361e-16             
13      41             -6.38378239159465e-16              
3       48             -6.38378239159465e-16              
2       5              -6.38378239159465e-16              
3       36             -6.38378239159465e-16              
7       12             -6.38378239159465e-16              
6       17             -6.38378239159465e-16              
10      12             -6.661338147750939e-16             
5       38             -6.661338147750939e-16             
5       36             -6.661338147750939e-16             
5       39             -6.661338147750939e-16             
5       40             -6.661338147750939e-16             
5       41             -6.661338147750939e-16             
5       15             -6.661338147750939e-16             
20      27             -6.661338147750939e-16             
6       20             -6.661338147750939e-16             
11      25             -6.938893903907228e-16             
13      27             -6.938893903907228e-16             
4       47             -6.938893903907228e-16             
4       20             -6.938893903907228e-16             
8       21             -6.938893903907228e-16             
8       22             -6.938893903907228e-16             
11      30             -7.216449660063518e-16             
4       45             -7.216449660063518e-16             
2       19             -7.216449660063518e-16             
6       22             -7.216449660063518e-16             
2       16             -7.216449660063518e-16             
11      34             -7.494005416219807e-16             
10      11             -7.494005416219807e-16             
4       19             -7.494005416219807e-16             
4       41             -7.494005416219807e-16             
4       43             -7.494005416219807e-16             
21      27             -7.494005416219807e-16             
16      36             -7.494005416219807e-16             
16      40             -7.494005416219807e-16             
16      42             -7.494005416219807e-16             
16      46             -7.494005416219807e-16             
16      45             -7.494005416219807e-16             
16      43             -7.494005416219807e-16             
16      47             -7.494005416219807e-16             
11      32             -7.771561172376096e-16             
11      26             -7.771561172376096e-16             
3       16             -7.771561172376096e-16             
16      38             -7.771561172376096e-16             
16      48             -7.771561172376096e-16             
16      39             -7.771561172376096e-16             
16      44             -7.771561172376096e-16             
4       36             -8.049116928532385e-16             
6       24             -8.049116928532385e-16             
8       47             -8.049116928532385e-16             
8       18             -8.049116928532385e-16             
7       11             -8.326672684688674e-16             
4       22             -8.326672684688674e-16             
4       39             -8.326672684688674e-16             
4       40             -8.326672684688674e-16             
4       42             -8.326672684688674e-16             
4       46             -8.326672684688674e-16             
6       15             -8.326672684688674e-16             
16      41             -8.326672684688674e-16             
8       15             -8.326672684688674e-16             
11      33             -8.604228440844963e-16             
4       24             -8.604228440844963e-16             
4       21             -8.604228440844963e-16             
4       37             -8.604228440844963e-16             
4       48             -8.604228440844963e-16             
4       44             -8.604228440844963e-16             
6       21             -8.604228440844963e-16             
8       41             -8.604228440844963e-16             
26      31             -8.881784197001252e-16             
11      28             -8.881784197001252e-16             
4       38             -8.881784197001252e-16             
16      37             -8.881784197001252e-16             
8       44             -8.881784197001252e-16             
8       45             -8.881784197001252e-16             
6       27             -8.881784197001252e-16             
26      30             -9.159339953157541e-16             
25      31             -9.159339953157541e-16             
11      29             -9.159339953157541e-16             
6       45             -9.159339953157541e-16             
8       37             -9.159339953157541e-16             
8       38             -9.159339953157541e-16             
6       43             -9.159339953157541e-16             
6       47             -9.159339953157541e-16             
8       39             -9.159339953157541e-16             
8       40             -9.159339953157541e-16             
8       46             -9.159339953157541e-16             
8       43             -9.159339953157541e-16             
10      16             -9.43689570931383e-16              
6       36             -9.43689570931383e-16              
6       40             -9.43689570931383e-16              
6       46             -9.43689570931383e-16              
8       24             -9.43689570931383e-16              
8       36             -9.43689570931383e-16              
8       42             -9.43689570931383e-16              
8       17             -9.43689570931383e-16              
7       16             -9.43689570931383e-16              
25      32             -9.71445146547012e-16              
11      35             -9.71445146547012e-16              
6       44             -9.71445146547012e-16              
7       17             -9.71445146547012e-16              
25      30             -9.992007221626409e-16             
26      33             -9.992007221626409e-16             
25      34             -9.992007221626409e-16             
6       38             -9.992007221626409e-16             
6       39             -9.992007221626409e-16             
31      32             -1.0269562977782698e-15            
25      33             -1.0269562977782698e-15            
6       37             -1.0269562977782698e-15            
6       41             -1.0269562977782698e-15            
6       42             -1.0269562977782698e-15            
8       48             -1.0269562977782698e-15            
25      29             -1.0547118733938987e-15            
26      29             -1.0547118733938987e-15            
28      32             -1.0547118733938987e-15            
26      28             -1.0547118733938987e-15            
33      34             -1.0547118733938987e-15            
31      34             -1.0547118733938987e-15            
26      34             -1.0547118733938987e-15            
10      15             -1.0547118733938987e-15            
3       15             -1.0547118733938987e-15            
6       48             -1.0547118733938987e-15            
8       19             -1.0547118733938987e-15            
7       27             -1.0547118733938987e-15            
7       23             -1.0547118733938987e-15            
25      28             -1.0824674490095276e-15            
26      32             -1.0824674490095276e-15            
30      31             -1.0824674490095276e-15            
28      31             -1.1102230246251565e-15            
32      34             -1.1102230246251565e-15            
31      33             -1.1102230246251565e-15            
25      26             -1.1102230246251565e-15            
4       8              -1.1102230246251565e-15            
31      35             -1.1379786002407855e-15            
30      33             -1.1379786002407855e-15            
30      34             -1.1379786002407855e-15            
10      27             -1.1379786002407855e-15            
5       27             -1.1379786002407855e-15            
18      27             -1.1379786002407855e-15            
8       27             -1.1379786002407855e-15            
33      35             -1.1657341758564144e-15            
25      35             -1.1657341758564144e-15            
26      35             -1.1657341758564144e-15            
28      30             -1.1657341758564144e-15            
34      35             -1.1934897514720433e-15            
30      32             -1.1934897514720433e-15            
12      34             -1.1934897514720433e-15            
6       19             -1.1934897514720433e-15            
3       27             -1.1934897514720433e-15            
28      29             -1.2212453270876722e-15            
32      33             -1.2212453270876722e-15            
12      30             -1.2212453270876722e-15            
4       27             -1.2212453270876722e-15            
5       7              -1.2212453270876722e-15            
7       20             -1.2212453270876722e-15            
30      35             -1.2490009027033011e-15            
29      30             -1.2490009027033011e-15            
28      33             -1.2490009027033011e-15            
12      32             -1.2490009027033011e-15            
12      33             -1.2490009027033011e-15            
9       16             -1.2490009027033011e-15            
7       24             -1.2490009027033011e-15            
7       22             -1.2490009027033011e-15            
32      35             -1.27675647831893e-15              
28      34             -1.27675647831893e-15              
12      28             -1.27675647831893e-15              
7       21             -1.27675647831893e-15              
9       27             -1.304512053934559e-15             
29      31             -1.3322676295501878e-15            
12      35             -1.3322676295501878e-15            
12      31             -1.3322676295501878e-15            
12      26             -1.3322676295501878e-15            
5       8              -1.3322676295501878e-15            
7       45             -1.3322676295501878e-15            
7       43             -1.3322676295501878e-15            
7       47             -1.3322676295501878e-15            
12      29             -1.3600232051658168e-15            
7       37             -1.3600232051658168e-15            
7       38             -1.3600232051658168e-15            
7       39             -1.3600232051658168e-15            
7       46             -1.3600232051658168e-15            
28      35             -1.3877787807814457e-15            
29      32             -1.3877787807814457e-15            
12      25             -1.3877787807814457e-15            
7       40             -1.3877787807814457e-15            
7       41             -1.3877787807814457e-15            
7       42             -1.3877787807814457e-15            
18      37             -1.4155343563970746e-15            
7       19             -1.4155343563970746e-15            
7       48             -1.4155343563970746e-15            
7       36             -1.4155343563970746e-15            
7       44             -1.4155343563970746e-15            
7       18             -1.4155343563970746e-15            
29      33             -1.4432899320127035e-15            
29      34             -1.4432899320127035e-15            
10      18             -1.4432899320127035e-15            
9       23             -1.4432899320127035e-15            
18      39             -1.4432899320127035e-15            
18      44             -1.4432899320127035e-15            
18      42             -1.4710455076283324e-15            
18      46             -1.4710455076283324e-15            
9       20             -1.4988010832439613e-15            
18      38             -1.4988010832439613e-15            
18      36             -1.4988010832439613e-15            
18      40             -1.4988010832439613e-15            
18      41             -1.5265566588595902e-15            
18      45             -1.5265566588595902e-15            
18      43             -1.5265566588595902e-15            
18      47             -1.5265566588595902e-15            
7       15             -1.5265566588595902e-15            
29      35             -1.5543122344752192e-15            
2       27             -1.582067810090848e-15             
18      48             -1.609823385706477e-15             
13      28             -1.6653345369377348e-15            
9       21             -1.6653345369377348e-15            
9       15             -1.6653345369377348e-15            
9       18             -1.6653345369377348e-15            
10      23             -1.6653345369377348e-15            
1       27             -1.6930901125533637e-15            
13      32             -1.7208456881689926e-15            
9       47             -1.7208456881689926e-15            
13      34             -1.7486012637846216e-15            
10      17             -1.7486012637846216e-15            
10      47             -1.7486012637846216e-15            
9       22             -1.7486012637846216e-15            
10      20             -1.7486012637846216e-15            
13      31             -1.7763568394002505e-15            
9       19             -1.7763568394002505e-15            
9       45             -1.7763568394002505e-15            
9       43             -1.7763568394002505e-15            
10      22             -1.8041124150158794e-15            
10      41             -1.8041124150158794e-15            
10      43             -1.8041124150158794e-15            
9       17             -1.8041124150158794e-15            
13      35             -1.8318679906315083e-15            
13      29             -1.8318679906315083e-15            
13      30             -1.8318679906315083e-15            
13      33             -1.8318679906315083e-15            
10      36             -1.8318679906315083e-15            
9       24             -1.8318679906315083e-15            
10      45             -1.8318679906315083e-15            
9       39             -1.8318679906315083e-15            
9       41             -1.8318679906315083e-15            
13      26             -1.8596235662471372e-15            
9       40             -1.8596235662471372e-15            
9       42             -1.8596235662471372e-15            
9       46             -1.8596235662471372e-15            
13      25             -1.887379141862766e-15             
10      40             -1.887379141862766e-15             
10      42             -1.887379141862766e-15             
9       37             -1.887379141862766e-15             
9       38             -1.887379141862766e-15             
9       48             -1.887379141862766e-15             
9       44             -1.887379141862766e-15             
14      34             -1.915134717478395e-15             
10      21             -1.915134717478395e-15             
10      37             -1.915134717478395e-15             
10      38             -1.915134717478395e-15             
10      39             -1.915134717478395e-15             
10      46             -1.915134717478395e-15             
10      44             -1.915134717478395e-15             
9       36             -1.915134717478395e-15             
14      32             -1.942890293094024e-15             
14      29             -1.970645868709653e-15             
14      28             -1.970645868709653e-15             
14      33             -1.970645868709653e-15             
14      31             -1.970645868709653e-15             
14      26             -1.970645868709653e-15             
10      19             -1.970645868709653e-15             
10      48             -1.9984014443252818e-15            
14      35             -2.0261570199409107e-15            
14      30             -2.0261570199409107e-15            
10      24             -2.0261570199409107e-15            
14      25             -2.1371793224034263e-15            
1       8              -2.248201624865942e-15             
3       8              -2.4147350785597155e-15            
1       7              -2.4424906541753444e-15            
2       7              -2.4702462297909733e-15            
2       8              -2.6922908347160046e-15            
3       7              -2.7478019859472624e-15            
