#======================================================================
# PARAMETERS USED FOR THIS COMPUTATION: 
#      Sequence type: RNA
#      Total number of sequences in alignment data: 435
#      Length of sequences in alignment data: 41
#      Effective number of sequences: 5.36211237067258
#      Value of sequence identity: 0.8
#      Value of relative pseudocount: 0.5
# The First and Second columns represent sites and the
# Third column is MFDCA Frobenius norm, average product corrected (APC) DCA score
#======================================================================
16      37             2.3415917516378046                 
3       22             2.3004488340558145                 
12      41             1.8859323982953242                 
1       24             1.759078858678363                  
14      39             1.7432522843825047                 
13      40             1.5699555218806869                 
30      31             1.4707541607712855                 
10      38             1.4681580190527435                 
15      38             1.3949316080099183                 
2       23             0.8833251879453188                 
10      15             0.8011496192554147                 
26      27             0.6976792095143782                 
11      40             0.6818752839942149                 
25      27             0.640624365404475                  
29      30             0.6376233156889791                 
32      33             0.5767499573429549                 
32      34             0.4709610592366184                 
22      31             0.46753855019342627                
14      37             0.4354262814373283                 
11      13             0.43400564753303894                
10      14             0.431515121058765                  
3       10             0.41960658062073763                
14      16             0.41018857141865206                
37      39             0.3833209451558272                 
10      40             0.381988812926372                  
33      34             0.37238236809354486                
25      30             0.3617228451897681                 
16      39             0.3524327255255867                 
3       31             0.3473461235644567                 
27      28             0.34017190994767244                
29      33             0.32724935161797286                
14      40             0.3234328342899859                 
22      30             0.32051205362160173                
14      38             0.3189348682784898                 
3       11             0.3177504881007345                 
25      26             0.29660954095764225                
28      30             0.2862012718572418                 
29      34             0.28498635249511706                
11      39             0.28366507166084043                
13      15             0.282235980531898                  
6       34             0.2782290464338295                 
2       7              0.2780547253367239                 
22      26             0.27492831284774                   
26      28             0.2740912850810979                 
25      41             0.2662439965715119                 
10      11             0.2550077699119182                 
39      40             0.2506245708239835                 
13      38             0.24783850380877537                
6       22             0.24760086701339618                
28      38             0.24715100616915564                
10      13             0.24643352191878343                
1       12             0.2445653955761372                 
9       11             0.2439082022878472                 
26      30             0.2378464472133448                 
3       26             0.2336359919687247                 
3       30             0.23151494735353584                
1       26             0.22958528209084483                
6       32             0.22830801283583052                
38      39             0.2249701013984593                 
26      38             0.22245658283495584                
7       8              0.22158915919242375                
8       17             0.22118913588390504                
7       17             0.22098525449767636                
7       19             0.22093935329881909                
7       36             0.22093935329881909                
7       18             0.22093935329881906                
7       35             0.22093935329881897                
7       20             0.22093935329881892                
7       21             0.2209393532988188                 
4       7              0.2209393532988172                 
5       7              0.22093935329881711                
8       36             0.22076821757860418                
8       35             0.22076821757860407                
8       18             0.22076821757860393                
8       20             0.2207682175786039                 
8       19             0.22076821757860374                
8       21             0.22076821757860374                
4       8              0.22076821757860374                
5       8              0.22076821757860138                
30      33             0.22026385694341444                
17      35             0.21982384709967392                
17      36             0.21982384709967392                
17      19             0.21982384709967265                
17      20             0.21982384709967254                
17      18             0.2198238470996725                 
17      21             0.21982384709967243                
4       17             0.2198238470996716                 
5       17             0.21982384709967132                
18      35             0.2192866985715739                 
18      36             0.2192866985715739                 
20      36             0.2192866985715736                 
20      35             0.21928669857157354                
19      35             0.21928669857157343                
19      36             0.21928669857157315                
5       35             0.21928669857157243                
5       19             0.21928669857157237                
5       20             0.21928669857157237                
5       21             0.21928669857157232                
5       18             0.2192866985715723                 
5       36             0.21928669857157226                
21      36             0.2192866985715722                 
21      35             0.21928669857157215                
4       36             0.2192866985715717                 
4       35             0.21928669857157154                
4       18             0.21928669857157151                
4       21             0.2192866985715715                 
4       19             0.21928669857157143                
4       20             0.21928669857157143                
4       5              0.2192866985715709                 
20      21             0.21928669857157004                
19      20             0.21928669857157                   
19      21             0.21928669857156988                
18      21             0.21928669857156985                
18      19             0.21928669857156974                
18      20             0.21928669857156974                
35      36             0.2192866985715661                 
30      39             0.21846728863204                   
1       41             0.2155208715393323                 
29      32             0.2101073321853446                 
12      24             0.2091011140665821                 
6       24             0.20072117351160768                
11      38             0.19988763896489192                
38      40             0.19912601361962945                
15      28             0.19714218588211058                
13      41             0.19713262433095347                
15      40             0.19610528411091943                
6       29             0.19563167020733424                
1       37             0.19331836041957778                
9       25             0.19308048980787196                
25      28             0.18809934970351544                
24      41             0.1852468017430891                 
12      25             0.1826965943492425                 
17      23             0.18251553553067296                
4       23             0.1824210934493123                 
5       23             0.1824210934493112                 
18      23             0.1824210934493048                 
19      23             0.18242109344930416                
23      36             0.18242109344930355                
21      23             0.18242109344930338                
23      35             0.1824210934493032                 
20      23             0.1824210934493031                 
8       23             0.18234085524102384                
3       14             0.18130832248053474                
2       5              0.18106471544441446                
2       20             0.18106471544441435                
2       36             0.1810647154444143                 
2       19             0.18106471544441424                
2       35             0.1810647154444142                 
2       21             0.18106471544441413                
2       18             0.18106471544441405                
2       4              0.18106471544441347                
2       17             0.18087540867647903                
2       8              0.18045105924218474                
12      13             0.17779212660491045                
11      30             0.17627036256912576                
1       16             0.17395963336672476                
7       23             0.1732980352848346                 
31      40             0.17286338346070818                
9       38             0.1655008619400532                 
16      40             0.16544383395253526                
14      25             0.1649646557549726                 
25      39             0.16323493882264628                
14      22             0.1611737824994297                 
13      30             0.15936878132148835                
10      26             0.15814507743644057                
1       40             0.15376526988133987                
10      28             0.14792763428533362                
6       33             0.14789730697078382                
12      15             0.14583077459084337                
6       9              0.1454326631736564                 
14      30             0.14357962944193603                
13      39             0.14150451617647575                
14      26             0.1403308648190299                 
12      28             0.1382247315049827                 
15      31             0.13119392882724046                
27      30             0.12903808381291493                
24      37             0.12790384517895215                
37      40             0.1252043404326768                 
24      40             0.12391066455898547                
10      22             0.1227518518864038                 
3       27             0.12109144825489587                
11      22             0.1208793920669331                 
15      25             0.12027169104405122                
26      29             0.11941766616359945                
11      28             0.11660024120178103                
26      39             0.1130201802735119                 
9       24             0.11274414833777213                
13      26             0.11034173215993298                
8       34             0.10714271484859697                
17      34             0.10583676447952961                
7       34             0.10565057559699098                
10      39             0.10553828495907003                
18      34             0.10549942819396563                
20      34             0.1054994281939656                 
19      34             0.10549942819396524                
21      34             0.10549942819396502                
34      35             0.10549942819396449                
34      36             0.10549942819396449                
4       34             0.10549942819396396                
5       34             0.10549942819396341                
16      24             0.10392429778634898                
13      22             0.103593290801267                  
14      27             0.10300076193342461                
3       38             0.10140949784987918                
14      15             0.10104887031558152                
13      14             0.10072990335513399                
28      41             0.10050570743690401                
11      26             0.09979252522147347                
10      27             0.0964148554641503                 
13      28             0.09238944489604733                
26      40             0.08797053366775398                
11      27             0.08464695666115857                
39      41             0.08169441756682616                
9       10             0.08113962298969424                
11      14             0.08024338519373186                
23      34             0.07976130786939165                
7       32             0.0793321915832895                 
8       32             0.07906157520144488                
17      32             0.07900926798558866                
2       34             0.0789959795604121                 
21      32             0.07826143067287664                
19      32             0.0782614306728763                 
20      32             0.0782614306728763                 
18      32             0.07826143067287578                
32      36             0.07826143067287569                
32      35             0.07826143067287558                
5       32             0.07826143067287339                
4       32             0.07826143067287289                
9       40             0.07683278437081359                
40      41             0.0764102268963639                 
15      30             0.07616869232056911                
31      34             0.07367260680146503                
10      31             0.07343903082758452                
1       9              0.0719297511296132                 
30      38             0.06906738226523523                
12      40             0.06810883870290457                
6       11             0.0669207960587021                 
15      29             0.06409570489101657                
3       28             0.06127523240369753                
22      27             0.06076366242929521                
6       17             0.05971261545716433                
6       8              0.05957352390938342                
4       6              0.0595726586868362                 
6       19             0.059572658686835867               
6       20             0.059572658686835867               
6       18             0.05957265868683578                
6       21             0.059572658686835755               
5       6              0.059572658686835395               
6       35             0.05957265868683537                
6       36             0.05957265868683537                
6       7              0.05891691746487626                
9       39             0.0583328574859488                 
12      32             0.05557766000600292                
22      28             0.05432839843796161                
9       15             0.05428941705437157                
18      33             0.054141834078616946               
21      33             0.054141834078616696               
4       33             0.054141834078616696               
20      33             0.05414183407861664                
19      33             0.05414183407861614                
5       33             0.05414183407861603                
33      35             0.054141834078615725               
33      36             0.054141834078615725               
17      33             0.05382042360476097                
8       33             0.052727343662869325               
29      38             0.051878837578261505               
7       33             0.05015263022254493                
10      25             0.049784092488797616               
3       6              0.04855773401382163                
1       13             0.04810068896673986                
9       27             0.04535305709734219                
24      26             0.04430950669674094                
24      25             0.044286535353723566               
23      28             0.03946044051590003                
23      32             0.03573054092609154                
2       32             0.03535071064851433                
10      29             0.033626659267316616               
6       25             0.03321502101732704                
6       23             0.029667106340647287               
2       6              0.029403158488419262               
29      31             0.02887575285113292                
31      33             0.02682338153689673                
13      24             0.02654123187784524                
31      32             0.026179911758818425               
30      40             0.02583183414870316                
2       28             0.024260907995803882               
24      34             0.023998499457744904               
8       29             0.02309652821571065                
25      38             0.022798952610155687               
28      29             0.02253904526529915                
22      40             0.022270133276792836               
22      34             0.021757684711793956               
11      25             0.0215483308665263                 
5       29             0.020697473802540584               
21      29             0.020697473802540417               
20      29             0.020697473802540195               
4       29             0.02069747380254014                
19      29             0.020697473802539557               
18      29             0.020697473802538946               
29      36             0.020697473802536476               
29      35             0.02069747380253642                
1       39             0.02066808446809254                
9       31             0.01995673939591705                
15      27             0.019512082108060436               
7       29             0.019166592875840244               
24      32             0.0184252101351845                 
9       13             0.018401208818236037               
17      29             0.01698141832672248                
11      23             0.013668947849208912               
9       41             0.012243818021873631               
3       13             0.009389214589291983               
7       9              0.005868219323129559               
2       11             0.004614932381460934               
11      29             0.003433511362349706               
23      33             0.002286701141388958               
16      26             0.0012958363893930125              
11      31             -0.0003875859518021052             
2       33             -0.0004480873959704368             
6       28             -0.001346590070594178              
11      12             -0.001392759361593554              
15      39             -0.0017787330202978513             
9       37             -0.0031195689876720167             
12      33             -0.0037489833570002185             
13      16             -0.003809825673353917              
11      24             -0.005072730297099037              
27      32             -0.005093060377499209              
8       9              -0.005535384617095601              
9       34             -0.009530134646243416              
28      40             -0.009803630729295687              
14      28             -0.010285119700409073              
10      30             -0.010838195181241517              
24      39             -0.012610371776726748              
1       17             -0.012995408232537364              
1       5              -0.013701284724423612              
1       4              -0.013701284724423946              
1       36             -0.013701284724424445              
1       18             -0.0137012847244245                
1       20             -0.0137012847244245                
1       35             -0.0137012847244245                
1       21             -0.013701284724424556              
1       19             -0.013701284724424612              
2       9              -0.014449226661765818              
7       41             -0.014495798564472417              
13      37             -0.014797592102719914              
25      40             -0.015084457221799186              
32      41             -0.015728714684950407              
6       27             -0.015875631619983732              
23      29             -0.016003822127845457              
9       35             -0.016047930384681608              
9       36             -0.016047930384681608              
9       20             -0.016047930384681747              
9       18             -0.01604793038468183               
9       21             -0.01604793038468183               
9       19             -0.016047930384681885              
4       9              -0.016047930384682357              
5       9              -0.01604793038468244               
9       16             -0.01650656917195692               
28      31             -0.01751093556798672               
2       29             -0.017725853705993805              
27      33             -0.018788628456886336              
26      33             -0.019009922079248703              
1       8              -0.019213166400464943              
25      29             -0.022711083185646547              
9       12             -0.024758195440336278              
6       31             -0.025774625550440966              
9       23             -0.025812071858041186              
24      27             -0.02618901453872846               
16      19             -0.02683327643011868               
16      20             -0.026833276430118735              
16      18             -0.02683327643011879               
16      21             -0.02683327643011879               
16      36             -0.026833276430120068              
16      35             -0.02683327643012029               
4       16             -0.026833276430120623              
5       16             -0.02683327643012079               
36      37             -0.028891539911884645              
35      37             -0.028891539911885034              
21      37             -0.02889153991188631               
20      37             -0.02889153991188631               
18      37             -0.028891539911887365              
19      37             -0.02889153991188742               
4       37             -0.028891539911887754              
5       37             -0.028891539911888198              
27      31             -0.028901840510194732              
12      23             -0.02988623127963269               
1       7              -0.02993251321363377               
8       37             -0.030441247491697743              
8       16             -0.030564277543780827              
25      31             -0.030615785983405586              
17      37             -0.031224228154699607              
7       37             -0.03219061227946329               
16      17             -0.03238322601529625               
9       17             -0.03249064636982524               
12      39             -0.03316268683497925               
7       16             -0.03319339320274384               
28      34             -0.03449506624295834               
3       25             -0.034756196604627754              
14      31             -0.036703576713947306              
26      37             -0.03688744719267778               
37      41             -0.040743963157001184              
17      27             -0.04111826005597585               
27      40             -0.041450742942719776              
25      33             -0.041981926084076304              
2       41             -0.042225051774939876              
1       33             -0.04252199888191141               
16      41             -0.0433107372733017                
27      41             -0.04510530151834258               
31      38             -0.046624887003065996              
27      38             -0.04856837812372544               
13      27             -0.048629187949184305              
4       12             -0.04875998945448806               
12      36             -0.04875998945448823               
12      20             -0.048759989454488256              
12      35             -0.048759989454488256              
12      18             -0.048759989454488284              
12      19             -0.04875998945448831               
12      21             -0.04875998945448831               
5       12             -0.04875998945448848               
13      31             -0.05053181403834106               
28      39             -0.05228069039809369               
9       30             -0.0534719782855102                
9       14             -0.05398888299282473               
12      17             -0.05416315505309591               
25      34             -0.05430661591976102               
8       12             -0.0543410630360692                
1       25             -0.05556461148017605               
2       12             -0.05658566990825534               
9       29             -0.057217119669896815              
12      27             -0.0586621576036368                
23      37             -0.058725331867735736              
24      29             -0.059903969065118357              
16      23             -0.06068927958780132               
18      41             -0.06156273138240351               
21      41             -0.06156273138240384               
19      41             -0.061562731382404035              
20      41             -0.06156273138240409               
5       41             -0.061562731382404284              
4       41             -0.06156273138240481               
36      41             -0.061562731382405256              
35      41             -0.06156273138240542               
2       37             -0.061631706017233334              
24      31             -0.06212153792374975               
22      32             -0.06314885426462008               
11      41             -0.0647661308294385                
25      32             -0.06506703206356529               
15      41             -0.06544972108726888               
2       16             -0.06552628547799694               
26      41             -0.0657493855505279                
1       23             -0.06710862997409398               
8       41             -0.06961634335117062               
13      25             -0.07010323570143068               
17      41             -0.07067984277671485               
6       26             -0.07177279973763825               
3       40             -0.07203074352147432               
15      22             -0.07252378325588976               
12      26             -0.07446236683726576               
6       13             -0.0748034354014192                
15      32             -0.07534216720323644               
1       2              -0.07558488989088982               
14      24             -0.07646399934421144               
27      34             -0.0789617394094343                
7       12             -0.0798785212945661                
22      25             -0.08206767462244907               
15      20             -0.08288517954888369               
15      21             -0.08288517954888375               
15      18             -0.08288517954888383               
15      19             -0.08288517954888394               
4       15             -0.0828851795488848                
15      35             -0.082885179548885                 
15      36             -0.08288517954888502               
5       15             -0.08288517954888502               
8       15             -0.08747919619337724               
31      41             -0.08823567155393242               
16      34             -0.08979095978706456               
18      24             -0.09063503506662512               
20      24             -0.09063503506662585               
19      24             -0.09063503506662615               
21      24             -0.09063503506662626               
4       24             -0.09063503506662685               
24      36             -0.09063503506662687               
24      35             -0.09063503506662698               
5       24             -0.09063503506662726               
20      27             -0.09155556538468881               
21      27             -0.09155556538468884               
19      27             -0.09155556538468893               
4       27             -0.09155556538468898               
18      27             -0.0915555653846892                
5       27             -0.0915555653846894                
27      36             -0.09155556538469026               
27      35             -0.09155556538469029               
9       32             -0.09201599914522736               
34      37             -0.09220591421386654               
17      24             -0.0922613916106177                
3       7              -0.09277341661623306               
1       29             -0.0943243857889548                
3       17             -0.09450758386806021               
15      17             -0.09520506555108238               
33      41             -0.0955256664171936                
24      33             -0.0962409313817649                
33      38             -0.0963042677149139                
26      32             -0.09639363899276002               
28      33             -0.09714748485688277               
7       15             -0.09715071604320674               
8       24             -0.09793437495612403               
9       33             -0.09835268660327295               
3       8              -0.09854863556621715               
3       5              -0.09861253414993426               
3       35             -0.09861253414993562               
3       36             -0.09861253414993568               
3       20             -0.09861253414993593               
3       19             -0.09861253414993595               
3       18             -0.09861253414993601               
3       21             -0.09861253414993601               
3       4              -0.09861253414993681               
6       10             -0.09951412513032576               
28      32             -0.09952336479508485               
33      37             -0.10013323575937078               
32      37             -0.10073194403752797               
7       31             -0.10100661677910999               
8       31             -0.1018604622608768                
16      32             -0.1020988916701008                
1       14             -0.10225597778306572               
21      31             -0.1025011950303886                
20      31             -0.10250119503038871               
5       31             -0.10250119503038876               
4       31             -0.10250119503038888               
19      31             -0.10250119503038899               
18      31             -0.10250119503038907               
31      36             -0.10250119503038971               
31      35             -0.10250119503038974               
26      31             -0.10293627661842092               
17      31             -0.10346364509748818               
23      41             -0.1036772655709054                
16      30             -0.10550657237405658               
12      31             -0.1060379337818364                
1       6              -0.10694521221500752               
16      33             -0.10710853315938884               
7       24             -0.10744035092092719               
8       27             -0.10810710716163008               
27      39             -0.10963662797814316               
30      37             -0.10982756275729366               
28      36             -0.11096740321794671               
28      35             -0.11096740321794674               
4       28             -0.11096740321794679               
21      28             -0.11096740321794688               
5       28             -0.11096740321794693               
18      28             -0.11096740321794696               
20      28             -0.11096740321794707               
19      28             -0.11096740321794712               
10      24             -0.11250490093801241               
11      33             -0.11342316131940958               
15      33             -0.11386475343068009               
7       27             -0.11574644866245576               
1       28             -0.11644853895628149               
8       28             -0.11727155935603177               
11      15             -0.11733567422509278               
2       31             -0.11774990449936762               
17      28             -0.11778991514763716               
1       27             -0.11855753394924304               
23      27             -0.11905834794038911               
30      32             -0.1199783905098831                
22      39             -0.12043161261272112               
23      31             -0.12124079767251689               
30      41             -0.12302442786694079               
23      25             -0.12491099763246222               
12      38             -0.12492849720257893               
29      40             -0.1251187569379279                
10      12             -0.125215642219842                 
12      34             -0.12528111900009836               
23      24             -0.1254426807069077                
13      33             -0.1289474046681014                
13      29             -0.12937101426412895               
1       34             -0.13039230912091043               
10      41             -0.13049099158267186               
7       28             -0.1311640482727781                
9       28             -0.13308267274755314               
2       24             -0.1332104886358298                
8       25             -0.1334123707536928                
1       32             -0.13530520666767087               
1       31             -0.13631551113020215               
2       27             -0.1386234472363756                
14      41             -0.14000141013980327               
34      41             -0.14085016924494717               
30      34             -0.14124002701437005               
1       30             -0.14227643024147713               
24      30             -0.1423579542355095                
2       25             -0.14262240997965922               
7       22             -0.14362571266390228               
6       38             -0.14388712067092366               
15      26             -0.14461495561314608               
27      37             -0.14540929030484134               
11      35             -0.1458737428086169                
11      36             -0.1458737428086169                
4       11             -0.14587374280861698               
5       11             -0.14587374280861712               
11      21             -0.14587374280861717               
11      20             -0.14587374280861717               
11      19             -0.14587374280861726               
11      18             -0.1458737428086173                
3       16             -0.14607962439011113               
17      22             -0.14659558910411516               
3       33             -0.1468358298756216                
16      22             -0.14831966867209462               
4       22             -0.14890903848191284               
5       22             -0.14890903848191328               
22      35             -0.1489090384819133                
22      36             -0.14890903848191334               
21      22             -0.14890903848191372               
20      22             -0.1489090384819138                
19      22             -0.14890903848191386               
18      22             -0.14890903848191395               
3       37             -0.14901949892112193               
27      29             -0.1493729370252846                
2       15             -0.14973808975319725               
11      32             -0.149902037417298                 
8       22             -0.15013941528973018               
15      23             -0.15036445851141422               
26      34             -0.15145476586412918               
8       11             -0.15164798929145962               
11      17             -0.15173807716778795               
22      29             -0.15183760697127754               
22      37             -0.1522173983064396                
16      27             -0.15233095415417816               
7       25             -0.15321847475852896               
29      39             -0.1540168190567606                
4       25             -0.15421877310708274               
5       25             -0.15421877310708315               
19      25             -0.15421877310708343               
21      25             -0.15421877310708365               
18      25             -0.1542187731070837                
25      36             -0.15421877310708387               
25      35             -0.15421877310708387               
20      25             -0.15421877310708393               
2       3              -0.15481816330160028               
17      26             -0.15494665074571756               
6       37             -0.1562881644721322                
6       16             -0.15638040679382983               
3       23             -0.15681344712459486               
24      28             -0.15683048206414316               
7       11             -0.15683118993713732               
10      37             -0.1593523438555977                
13      34             -0.16072281848312772               
3       39             -0.1612063395723674                
17      39             -0.16125068247201005               
17      25             -0.1620735061327876                
2       22             -0.16251460200324727               
5       39             -0.1627786498220877                
4       39             -0.16277864982208773               
35      39             -0.16277864982208803               
21      39             -0.1627786498220881                
36      39             -0.1627786498220881                
20      39             -0.1627786498220883                
19      39             -0.16277864982208834               
18      39             -0.16277864982208906               
8       39             -0.16294830223562273               
22      23             -0.1638391476703153                
16      25             -0.16849443701623465               
31      39             -0.16866504866071014               
6       40             -0.16989367681810627               
29      37             -0.16999711195621986               
32      38             -0.17080355149579307               
23      26             -0.1723092934387347                
16      29             -0.1728084876965695                
7       39             -0.17509184641440456               
6       30             -0.1760301180146073                
12      16             -0.17743470619937002               
8       38             -0.17789484284839066               
10      33             -0.17852917688703385               
35      38             -0.17923824061522672               
36      38             -0.17923824061522708               
21      38             -0.17923824061522925               
5       38             -0.1792382406152295                
19      38             -0.17923824061522978               
20      38             -0.17923824061522978               
4       38             -0.17923824061522978               
18      38             -0.17923824061523042               
6       15             -0.1799718273806848                
1       22             -0.18007478229287277               
23      38             -0.1807276431864163                
8       26             -0.1807454466559026                
3       34             -0.18097978487521993               
12      37             -0.1816745588954295                
25      37             -0.18176770494046146               
2       26             -0.1819215702681341                
22      38             -0.1824107950451722                
9       26             -0.18261425943131843               
1       10             -0.18323742399308762               
22      33             -0.18393416360889958               
7       38             -0.1856922251175497                
11      34             -0.18649569118112663               
26      36             -0.18733176323468562               
26      35             -0.18733176323468564               
4       26             -0.1873317632346857                
5       26             -0.1873317632346859                
18      26             -0.187331763234686                 
21      26             -0.1873317632346861                
20      26             -0.1873317632346861                
19      26             -0.18733176323468614               
2       38             -0.18739698979127267               
34      38             -0.18745743417662952               
10      16             -0.18820855269739112               
12      30             -0.1886474305995779                
17      38             -0.18951939993236952               
6       12             -0.1903868249802758                
16      28             -0.1914197932708458                
29      41             -0.1935867279955315                
12      22             -0.1944918058645944                
13      32             -0.1948775338061829                
6       41             -0.19652883563717102               
22      41             -0.19764283102562336               
28      37             -0.19782147799105224               
3       9              -0.19950532111164643               
7       26             -0.20120611675435832               
15      34             -0.2015363906885508                
14      20             -0.2023893083772366                
14      21             -0.20238930837723662               
14      18             -0.20238930837723673               
14      19             -0.20238930837723676               
14      36             -0.20238930837723734               
14      35             -0.20238930837723745               
4       14             -0.2023893083772379                
5       14             -0.2023893083772382                
23      39             -0.20389796254505343               
3       32             -0.204228507482208                 
2       39             -0.20475015299094174               
14      33             -0.2070249874205129                
32      40             -0.20797178838570196               
3       29             -0.20917654553585466               
8       14             -0.21003112645291788               
14      17             -0.21068972704536626               
14      34             -0.21127065235444242               
24      38             -0.2116645942305429                
13      23             -0.21241848562441282               
7       14             -0.2141714412278844                
33      40             -0.21461777587453068               
13      17             -0.21553188778554264               
22      24             -0.2179940338789788                
7       13             -0.21834650653768672               
8       13             -0.22056423521083512               
34      39             -0.2217164170979798                
4       10             -0.22330884122628755               
10      35             -0.2233088412262878                
10      36             -0.22330884122628786               
10      20             -0.22330884122628808               
5       10             -0.22330884122628808               
10      18             -0.22330884122628816               
10      19             -0.22330884122628816               
10      21             -0.22330884122628816               
32      39             -0.22357911588161367               
8       10             -0.22452454450763884               
1       3              -0.22503562294352336               
33      39             -0.22508630182185524               
10      32             -0.22713545737241775               
38      41             -0.22901994657253738               
15      16             -0.23050958931823065               
2       13             -0.23156757550493912               
12      29             -0.23170694938387093               
4       13             -0.23241011149727667               
5       13             -0.23241011149727725               
13      36             -0.23241011149727744               
13      35             -0.23241011149727747               
13      20             -0.23241011149727764               
13      21             -0.23241011149727772               
13      19             -0.23241011149727775               
13      18             -0.2324101114972778                
7       10             -0.23316211980777998               
9       22             -0.23412078039643092               
3       24             -0.23608523506946102               
15      37             -0.23738853388738684               
15      24             -0.23869462011127712               
14      32             -0.23890564227858258               
34      40             -0.23896466230103328               
10      17             -0.2407318679184947                
2       14             -0.24388022371910023               
14      23             -0.24865007949637183               
11      16             -0.24923823676785856               
2       30             -0.2511068921412889                
8       40             -0.254934460972188                 
17      40             -0.25587115156122286               
23      30             -0.2562275119312702                
7       30             -0.2563505035776107                
11      37             -0.2574871957966359                
3       15             -0.2586488905110891                
8       30             -0.25878498172644204               
4       30             -0.2592796210424824                
18      30             -0.25927962104248253               
5       30             -0.25927962104248253               
19      30             -0.25927962104248264               
20      30             -0.25927962104248303               
21      30             -0.2592796210424831                
30      36             -0.2592796210424831                
30      35             -0.25927962104248314               
21      40             -0.26150446331049987               
20      40             -0.2615044633104999                
19      40             -0.2615044633105                   
4       40             -0.2615044633105004                
36      40             -0.2615044633105005                
5       40             -0.2615044633105005                
35      40             -0.26150446331050053               
18      40             -0.26150446331050065               
7       40             -0.2628382050812178                
6       14             -0.2649557545484188                
17      30             -0.26543638571786743               
12      14             -0.2658568980628733                
23      40             -0.2666554988800422                
10      23             -0.267712447277209                 
2       10             -0.2703632831377857                
10      34             -0.27634357495549633               
16      31             -0.2810607519077105                
31      37             -0.28324058938913516               
2       40             -0.2920049228561489                
14      29             -0.2963537434837181                
6       39             -0.299528212630335                 
3       12             -0.3115176529680023                
3       41             -0.31388000036845065               
1       15             -0.3139538408058248                
1       11             -0.31868914473283205               
16      38             -0.3259774800692453                
37      38             -0.3348126874218283                
1       38             -0.34631983352932                  
