#======================================================================
# PARAMETERS USED FOR THIS COMPUTATION: 
#      Sequence type: RNA
#      Total number of sequences in alignment data: 13
#      Length of sequences in alignment data: 41
#      Effective number of sequences: 1.0904817404817406
#      Value of sequence identity: 0.8
#      Value of relative pseudocount: 0.5
# The First and Second columns represent sites and the
# Third column is MFDCA Frobenius norm, average product corrected (APC) DCA score
#======================================================================
11      18             2.9774018597064784                 
21      36             2.597796870929345                  
24      33             2.2393047983173564                 
29      31             1.817015427331979                  
25      32             1.6647643427812115                 
19      25             1.6647643427812104                 
19      32             1.66476434278121                   
23      34             1.493794026018346                  
1       34             1.4937940260183429                 
1       23             1.4937940260183427                 
8       29             1.1104328673708204                 
30      36             0.5683381355395098                 
21      30             0.5683381355395084                 
29      30             0.4921968647091228                 
9       29             0.4850493684809024                 
9       31             0.41303622147143243                
8       18             0.3637642571026615                 
8       11             0.3637642571026612                 
19      36             0.337995346262016                  
21      25             0.33799534626201594                
21      32             0.3379953462620157                 
19      21             0.3379953462620155                 
25      36             0.3379953462620155                 
32      36             0.3379953462620154                 
8       24             0.3293275773703717                 
8       33             0.32932757737037016                
1       21             0.24807846691077845                
1       36             0.24807846691077828                
34      36             0.2480784669107775                 
23      36             0.24807846691077712                
21      23             0.24807846691077695                
21      34             0.24807846691077634                
1       30             0.23693734319937154                
30      34             0.23693734319936882                
23      30             0.23693734319936693                
29      34             0.22925940871108275                
23      29             0.2292594087110827                 
1       29             0.22925940871108091                
19      30             0.20632511515000673                
30      32             0.20632511515000607                
25      30             0.2063251151500044                 
31      41             0.19760294554894775                
24      31             0.1798981970012803                 
31      33             0.17989819700128007                
18      31             0.1511432228404716                 
11      31             0.15114322284047138                
30      33             0.1439777665289454                 
24      30             0.14397776652894367                
8       25             0.14224795571225202                
8       32             0.1422479557122518                 
8       19             0.14224795571225152                
8       9              0.13473275416111213                
29      41             0.09602979192956221                
1       9              0.09276497279160201                
9       23             0.09276497279160117                
9       34             0.09276497279160084                
30      31             0.08096824357520155                
38      39             0.07801665219391377                
39      40             0.07801665219391377                
37      38             0.07801665219391371                
37      39             0.07801665219391371                
38      40             0.07801665219391371                
20      22             0.07801665219391368                
37      40             0.07801665219391365                
16      22             0.0780166521939134                 
17      22             0.0780166521939134                 
15      17             0.07801665219391335                
17      20             0.0780166521939133                 
15      22             0.07801665219391321                
16      20             0.07801665219391318                
15      16             0.07801665219391316                
6       13             0.07801665219391313                
16      17             0.0780166521939131                 
15      20             0.07801665219391304                
6       14             0.07801665219391293                
14      17             0.07801665219391293                
14      22             0.07801665219391293                
6       7              0.07801665219391293                
14      20             0.07801665219391274                
14      15             0.07801665219391266                
14      16             0.07801665219391257                
26      28             0.07801665219391238                
26      35             0.07801665219391232                
28      35             0.07801665219391232                
35      37             0.0780166521939123                 
26      27             0.0780166521939123                 
27      28             0.0780166521939123                 
35      39             0.0780166521939123                 
28      39             0.0780166521939123                 
35      38             0.07801665219391224                
35      40             0.07801665219391224                
26      39             0.07801665219391224                
26      37             0.07801665219391218                
26      38             0.07801665219391218                
26      40             0.07801665219391218                
28      40             0.07801665219391218                
27      39             0.07801665219391216                
27      35             0.07801665219391213                
28      37             0.07801665219391213                
28      38             0.07801665219391213                
5       6              0.0780166521939121                 
2       4              0.07801665219391207                
27      37             0.07801665219391204                
27      38             0.07801665219391204                
27      40             0.07801665219391199                
3       4              0.07801665219391199                
7       13             0.0780166521939119                 
5       7              0.07801665219391185                
4       12             0.07801665219391168                
7       14             0.0780166521939116                 
2       12             0.07801665219391152                
5       14             0.07801665219391135                
5       13             0.07801665219391132                
10      12             0.07801665219391132                
3       12             0.07801665219391118                
2       10             0.07801665219391113                
3       10             0.0780166521939111                 
7       12             0.0780166521939111                 
12      26             0.07801665219391107                
12      35             0.07801665219391102                
12      27             0.07801665219391099                
12      28             0.07801665219391096                
3       5              0.07801665219391093                
12      39             0.07801665219391093                
3       6              0.07801665219391091                
4       10             0.07801665219391088                
12      38             0.07801665219391082                
12      40             0.07801665219391082                
13      14             0.0780166521939108                 
12      37             0.07801665219391077                
4       6              0.07801665219391074                
2       6              0.07801665219391066                
6       12             0.07801665219391066                
4       27             0.07801665219391063                
2       5              0.07801665219391063                
12      17             0.07801665219391063                
13      26             0.0780166521939106                 
13      28             0.0780166521939106                 
4       28             0.0780166521939106                 
13      27             0.07801665219391057                
13      37             0.07801665219391057                
13      40             0.07801665219391057                
2       35             0.07801665219391057                
13      35             0.07801665219391055                
4       35             0.07801665219391055                
4       26             0.07801665219391055                
12      20             0.07801665219391055                
12      22             0.07801665219391055                
13      38             0.07801665219391052                
13      39             0.07801665219391052                
2       28             0.07801665219391052                
4       38             0.07801665219391052                
4       40             0.07801665219391052                
7       10             0.07801665219391049                
2       27             0.07801665219391046                
2       26             0.07801665219391046                
4       39             0.07801665219391046                
2       38             0.07801665219391044                
2       39             0.07801665219391044                
2       40             0.07801665219391044                
3       35             0.07801665219391044                
2       37             0.07801665219391041                
12      15             0.07801665219391041                
3       26             0.07801665219391038                
10      27             0.07801665219391038                
17      35             0.07801665219391038                
3       38             0.07801665219391035                
10      26             0.07801665219391035                
10      28             0.07801665219391035                
2       7              0.07801665219391032                
12      16             0.07801665219391032                
14      28             0.0780166521939103                 
4       37             0.0780166521939103                 
3       39             0.0780166521939103                 
3       40             0.0780166521939103                 
2       3              0.0780166521939103                 
7       26             0.0780166521939103                 
10      35             0.0780166521939103                 
17      27             0.0780166521939103                 
17      38             0.0780166521939103                 
17      40             0.0780166521939103                 
3       28             0.07801665219391027                
10      38             0.07801665219391027                
17      28             0.07801665219391027                
7       28             0.07801665219391024                
15      26             0.07801665219391024                
17      37             0.07801665219391024                
17      39             0.07801665219391024                
10      37             0.07801665219391021                
10      39             0.07801665219391021                
10      40             0.07801665219391021                
16      26             0.07801665219391021                
13      17             0.07801665219391021                
17      26             0.07801665219391021                
14      35             0.07801665219391019                
14      26             0.07801665219391019                
7       35             0.07801665219391019                
4       7              0.07801665219391019                
15      28             0.07801665219391019                
13      22             0.07801665219391019                
14      27             0.07801665219391016                
7       27             0.07801665219391016                
7       40             0.07801665219391016                
15      27             0.07801665219391016                
16      35             0.07801665219391016                
16      28             0.07801665219391016                
3       27             0.07801665219391013                
15      35             0.07801665219391013                
16      39             0.07801665219391013                
16      40             0.07801665219391013                
4       22             0.07801665219391013                
14      37             0.0780166521939101                 
14      38             0.0780166521939101                 
14      39             0.0780166521939101                 
7       37             0.0780166521939101                 
7       38             0.0780166521939101                 
15      37             0.0780166521939101                 
15      40             0.0780166521939101                 
6       10             0.0780166521939101                 
3       37             0.07801665219391007                
16      27             0.07801665219391007                
16      37             0.07801665219391007                
16      38             0.07801665219391007                
12      13             0.07801665219391007                
2       22             0.07801665219391007                
14      40             0.07801665219391005                
7       39             0.07801665219391005                
15      39             0.07801665219391005                
4       16             0.07801665219391005                
4       15             0.07801665219391002                
4       13             0.07801665219390999                
4       5              0.07801665219390999                
15      38             0.07801665219390999                
2       17             0.07801665219390999                
2       14             0.07801665219390996                
2       16             0.07801665219390996                
13      20             0.07801665219390996                
3       17             0.07801665219390994                
4       17             0.07801665219390994                
4       20             0.07801665219390991                
10      16             0.07801665219390991                
2       15             0.07801665219390988                
3       7              0.07801665219390985                
5       10             0.07801665219390985                
3       22             0.07801665219390985                
2       13             0.0780166521939098                 
13      16             0.0780166521939098                 
2       20             0.0780166521939098                 
5       12             0.0780166521939098                 
10      22             0.07801665219390977                
3       20             0.07801665219390974                
10      17             0.07801665219390974                
3       13             0.07801665219390971                
12      14             0.07801665219390971                
6       26             0.07801665219390969                
6       28             0.07801665219390969                
5       26             0.07801665219390966                
13      15             0.07801665219390966                
7       22             0.07801665219390966                
4       14             0.07801665219390963                
6       35             0.07801665219390963                
5       35             0.0780166521939096                 
6       27             0.0780166521939096                 
3       16             0.0780166521939096                 
6       38             0.07801665219390955                
6       39             0.07801665219390955                
6       40             0.07801665219390955                
7       16             0.07801665219390955                
10      20             0.07801665219390955                
3       14             0.07801665219390952                
5       38             0.07801665219390952                
5       40             0.07801665219390952                
3       15             0.07801665219390952                
7       17             0.07801665219390952                
7       20             0.07801665219390949                
5       27             0.07801665219390946                
5       37             0.07801665219390946                
5       39             0.07801665219390946                
5       28             0.07801665219390944                
6       37             0.07801665219390944                
20      35             0.07801665219390935                
20      38             0.07801665219390932                
20      40             0.07801665219390932                
10      15             0.07801665219390932                
20      27             0.0780166521939093                 
20      37             0.0780166521939093                 
20      26             0.0780166521939093                 
20      28             0.0780166521939093                 
20      39             0.07801665219390927                
10      13             0.07801665219390924                
5       16             0.07801665219390913                
7       15             0.07801665219390913                
6       15             0.07801665219390913                
22      26             0.07801665219390913                
6       17             0.07801665219390913                
5       15             0.0780166521939091                 
6       22             0.0780166521939091                 
5       22             0.07801665219390908                
22      37             0.07801665219390905                
22      39             0.07801665219390905                
22      35             0.07801665219390902                
22      28             0.07801665219390902                
5       17             0.07801665219390899                
22      27             0.07801665219390894                
22      38             0.07801665219390894                
22      40             0.07801665219390894                
5       20             0.07801665219390891                
6       20             0.07801665219390888                
10      14             0.07801665219390877                
6       16             0.07801665219390866                
29      33             0.03982688744860308                
24      29             0.03982688744860158                
30      41             0.030614470862025428               
9       21             0.029165857511444293               
9       36             0.02916585751144407                
31      34             0.028743946868176273               
1       31             0.028743946868175663               
23      31             0.02874394686817544                
35      41             0.013671002332118376               
26      41             0.013671002332118376               
28      41             0.013671002332118376               
27      41             0.01367100233211832                
38      41             0.013671002332117738               
40      41             0.01367100233211771                
37      41             0.013671002332117682               
39      41             0.013671002332117682               
4       41             0.01367100233211696                
5       41             0.01367100233211696                
10      41             0.013671002332116822               
2       41             0.013671002332116794               
13      41             0.013671002332116461               
3       41             0.013671002332116461               
15      41             0.013671002332116239               
20      41             0.013671002332116211               
22      41             0.013671002332116183               
7       41             0.013671002332116128               
6       41             0.013671002332115906               
16      41             0.013671002332115906               
12      41             0.013671002332115878               
14      41             0.01367100233211585                
17      41             0.013671002332115795               
11      41             0.002715596374962048               
18      41             0.002715596374961937               
9       13             -0.012659062467100773              
5       9              -0.012659062467100857              
9       14             -0.01265906246710094               
2       9              -0.012659062467102689              
6       9              -0.012659062467102716              
9       12             -0.012659062467102744              
7       9              -0.012659062467102855              
4       9              -0.012659062467103022              
3       9              -0.012659062467103077              
9       10             -0.0126590624671033                
9       17             -0.01265906246710366               
9       22             -0.012659062467103716              
9       20             -0.012659062467103882              
9       26             -0.012659062467103965              
9       28             -0.012659062467103965              
9       40             -0.012659062467104076              
9       38             -0.012659062467104104              
9       39             -0.012659062467104104              
9       37             -0.012659062467104132              
9       15             -0.012659062467104132              
9       16             -0.012659062467104132              
9       27             -0.01265906246710416               
9       35             -0.012659062467104187              
21      24             -0.01677441886412495               
33      36             -0.01677441886412495               
24      36             -0.016774418864125507              
21      33             -0.016774418864125895              
32      41             -0.02008313158665162               
25      41             -0.020083131586651704              
19      41             -0.020083131586654063              
8       30             -0.021075060530082512              
36      41             -0.021910046173178876              
21      41             -0.021910046173179154              
6       24             -0.054830685537795854              
5       24             -0.054830685537796464              
10      24             -0.054830685537797075              
3       24             -0.05483068553779724               
7       24             -0.05483068553779735               
4       24             -0.054830685537797574              
2       24             -0.05483068553779766               
2       33             -0.05483068553779771               
5       33             -0.05483068553779774               
4       33             -0.054830685537797796              
3       33             -0.05483068553779791               
12      24             -0.05483068553779796               
13      24             -0.05483068553779799               
12      33             -0.05483068553779816               
10      33             -0.054830685537798324              
7       33             -0.05483068553779849               
33      35             -0.05483068553779863               
33      38             -0.05483068553779863               
33      37             -0.054830685537798685              
33      39             -0.054830685537798685              
33      40             -0.054830685537798685              
6       33             -0.05483068553779871               
17      33             -0.05483068553779885               
24      26             -0.05483068553779891               
24      28             -0.05483068553779896               
24      35             -0.05483068553779899               
22      33             -0.05483068553779899               
24      27             -0.05483068553779902               
24      38             -0.05483068553779902               
24      40             -0.05483068553779902               
20      33             -0.054830685537799045              
24      39             -0.05483068553779907               
24      37             -0.0548306855377991                
15      33             -0.054830685537799156              
15      24             -0.05483068553779921               
20      24             -0.05483068553779924               
28      33             -0.054830685537799434              
22      24             -0.05483068553779949               
26      33             -0.05483068553779952               
27      33             -0.054830685537799656              
16      33             -0.05483068553779974               
14      33             -0.05483068553779977               
13      33             -0.05483068553779985               
14      24             -0.05483068553780024               
16      24             -0.054830685537800544              
17      24             -0.054830685537801266              
5       11             -0.06398659693204461               
3       11             -0.06398659693204464               
4       11             -0.06398659693204473               
18      22             -0.06398659693204473               
15      18             -0.06398659693204484               
16      18             -0.06398659693204484               
17      18             -0.06398659693204484               
11      12             -0.06398659693204495               
18      20             -0.06398659693204495               
11      13             -0.06398659693204514               
6       11             -0.0639865969320452                
11      14             -0.06398659693204536               
2       11             -0.06398659693204536               
14      18             -0.06398659693204548               
10      11             -0.06398659693204564               
3       18             -0.0639865969320457                
7       11             -0.06398659693204581               
18      28             -0.06398659693204581               
4       18             -0.06398659693204581               
5       18             -0.06398659693204581               
18      39             -0.06398659693204586               
18      26             -0.06398659693204589               
18      38             -0.06398659693204592               
18      37             -0.06398659693204595               
18      40             -0.06398659693204595               
18      27             -0.06398659693204597               
18      35             -0.06398659693204597               
2       18             -0.06398659693204636               
6       18             -0.06398659693204636               
11      22             -0.06398659693204639               
10      18             -0.06398659693204642               
11      26             -0.06398659693204647               
11      28             -0.06398659693204647               
13      18             -0.06398659693204647               
11      39             -0.06398659693204656               
11      20             -0.06398659693204656               
11      17             -0.06398659693204656               
11      35             -0.06398659693204659               
11      38             -0.06398659693204659               
11      40             -0.06398659693204661               
11      27             -0.06398659693204664               
11      37             -0.06398659693204664               
7       18             -0.06398659693204675               
11      15             -0.06398659693204689               
12      18             -0.06398659693204689               
11      16             -0.06398659693204695               
8       22             -0.07649791787905627               
8       13             -0.07649791787905633               
7       8              -0.07649791787905633               
6       8              -0.07649791787905638               
8       17             -0.07649791787905641               
8       16             -0.07649791787905655               
8       20             -0.07649791787905658               
8       14             -0.0764979178790566                
8       15             -0.0764979178790566                
5       8              -0.07649791787905671               
8       26             -0.0764979178790568                
8       28             -0.0764979178790568                
8       12             -0.07649791787905688               
8       35             -0.07649791787905691               
8       38             -0.07649791787905694               
8       10             -0.07649791787905694               
8       27             -0.07649791787905696               
8       39             -0.07649791787905696               
8       40             -0.07649791787905699               
8       37             -0.07649791787905705               
4       8              -0.0764979178790576                
3       8              -0.07649791787905791               
2       8              -0.07649791787905857               
34      41             -0.0777494183973299                
23      41             -0.07774941839732993               
1       41             -0.07774941839733077               
25      31             -0.08564214146862237               
31      32             -0.08564214146862287               
19      31             -0.08564214146862426               
33      41             -0.08697430209198707               
24      41             -0.08697430209198734               
9       41             -0.08763162299424039               
9       30             -0.09428950149647972               
20      31             -0.09687667277815401               
22      31             -0.09687667277815401               
5       31             -0.09687667277815407               
13      31             -0.09687667277815415               
16      31             -0.09687667277815418               
10      31             -0.09687667277815432               
3       31             -0.09687667277815434               
4       31             -0.0968766727781544                
15      31             -0.09687667277815454               
2       31             -0.09687667277815468               
7       31             -0.09687667277815468               
6       31             -0.09687667277815479               
12      31             -0.09687667277815487               
31      35             -0.0968766727781549                
31      38             -0.09687667277815501               
31      40             -0.09687667277815501               
17      31             -0.09687667277815501               
31      37             -0.09687667277815507               
31      39             -0.09687667277815507               
14      31             -0.09687667277815526               
28      31             -0.09687667277815548               
26      31             -0.09687667277815551               
27      31             -0.09687667277815568               
9       24             -0.09909519228356181               
9       33             -0.09909519228356228               
18      36             -0.10399884340655441               
18      21             -0.10399884340655446               
11      36             -0.1039988434065548                
11      21             -0.10399884340655513               
8       41             -0.10734512003383621               
18      19             -0.11369460955346611               
18      25             -0.11369460955346611               
18      32             -0.11369460955346622               
11      25             -0.11369460955346661               
11      32             -0.11369460955346666               
11      19             -0.11369460955346683               
6       23             -0.1149070636174809                
5       23             -0.1149070636174829                
1       12             -0.11490706361748326               
10      23             -0.11490706361748329               
10      34             -0.11490706361748343               
15      34             -0.11490706361748351               
12      23             -0.11490706361748351               
17      34             -0.11490706361748351               
3       23             -0.11490706361748357               
13      23             -0.1149070636174836                
20      34             -0.11490706361748362               
22      34             -0.11490706361748368               
7       23             -0.1149070636174837                
1       6              -0.11490706361748379               
1       35             -0.11490706361748387               
1       28             -0.11490706361748387               
1       26             -0.11490706361748393               
1       39             -0.11490706361748398               
1       40             -0.11490706361748398               
7       34             -0.11490706361748398               
1       10             -0.11490706361748398               
1       37             -0.11490706361748401               
1       27             -0.11490706361748404               
1       38             -0.11490706361748404               
4       23             -0.11490706361748404               
4       34             -0.11490706361748407               
14      23             -0.11490706361748412               
6       34             -0.11490706361748412               
1       3              -0.11490706361748415               
17      23             -0.1149070636174842                
16      23             -0.11490706361748429               
3       34             -0.11490706361748432               
5       34             -0.11490706361748432               
2       34             -0.11490706361748446               
2       23             -0.11490706361748451               
1       5              -0.11490706361748451               
15      23             -0.11490706361748451               
13      34             -0.11490706361748454               
1       7              -0.11490706361748465               
16      34             -0.11490706361748465               
1       22             -0.11490706361748465               
1       13             -0.11490706361748468               
12      34             -0.11490706361748468               
14      34             -0.11490706361748484               
1       17             -0.1149070636174849                
1       20             -0.11490706361748493               
1       16             -0.11490706361748507               
1       14             -0.1149070636174851                
20      23             -0.1149070636174851                
1       15             -0.11490706361748515               
1       4              -0.11490706361748548               
22      23             -0.11490706361748548               
26      34             -0.11490706361748573               
28      34             -0.11490706361748573               
27      34             -0.11490706361748587               
34      35             -0.1149070636174861                
34      37             -0.11490706361748615               
34      38             -0.11490706361748615               
23      26             -0.11490706361748618               
34      39             -0.11490706361748618               
34      40             -0.11490706361748618               
23      35             -0.11490706361748623               
23      28             -0.11490706361748623               
23      37             -0.11490706361748626               
23      39             -0.11490706361748626               
23      38             -0.11490706361748629               
1       2              -0.11490706361748632               
23      27             -0.11490706361748634               
23      40             -0.11490706361748634               
1       25             -0.12143143855652089               
1       32             -0.121431438556521                 
19      34             -0.12143143855652144               
25      34             -0.12143143855652161               
32      34             -0.12143143855652166               
1       19             -0.12143143855652189               
19      23             -0.12143143855652266               
23      25             -0.12143143855652283               
23      32             -0.12143143855652283               
30      35             -0.12208623928522941               
30      40             -0.12208623928522941               
30      39             -0.12208623928522944               
30      38             -0.12208623928522946               
30      37             -0.12208623928522952               
15      30             -0.12208623928522963               
20      30             -0.1220862392852298                
4       30             -0.12208623928523007               
22      30             -0.12208623928523007               
10      30             -0.1220862392852301                
5       30             -0.12208623928523019               
13      30             -0.12208623928523027               
16      30             -0.1220862392852303                
14      30             -0.12208623928523038               
3       30             -0.12208623928523038               
2       30             -0.12208623928523049               
26      30             -0.12208623928523052               
28      30             -0.12208623928523052               
7       30             -0.12208623928523052               
27      30             -0.12208623928523063               
17      30             -0.12208623928523071               
12      30             -0.12208623928523088               
6       30             -0.1220862392852311                
8       31             -0.12422469342853365               
20      25             -0.12841541376170917               
20      32             -0.12841541376170923               
22      25             -0.12841541376170923               
22      32             -0.12841541376170926               
19      22             -0.12841541376170942               
6       25             -0.12841541376170956               
6       32             -0.12841541376170956               
17      19             -0.12841541376170965               
19      20             -0.1284154137617097                
15      25             -0.12841541376170976               
2       32             -0.1284154137617098                
5       25             -0.1284154137617098                
10      25             -0.1284154137617098                
15      32             -0.1284154137617098                
5       32             -0.12841541376170984               
16      25             -0.12841541376170984               
7       25             -0.12841541376170987               
10      32             -0.12841541376170987               
2       25             -0.1284154137617099                
15      19             -0.12841541376170992               
7       32             -0.12841541376170995               
16      32             -0.12841541376170995               
16      19             -0.12841541376171006               
3       25             -0.12841541376171023               
3       32             -0.12841541376171023               
4       32             -0.12841541376171023               
4       25             -0.12841541376171026               
12      25             -0.12841541376171026               
12      32             -0.12841541376171026               
13      25             -0.1284154137617103                
13      32             -0.1284154137617103                
6       19             -0.1284154137617103                
17      25             -0.12841541376171048               
17      32             -0.1284154137617105                
14      19             -0.12841541376171067               
7       19             -0.1284154137617107                
10      19             -0.12841541376171078               
5       19             -0.1284154137617108                
14      25             -0.1284154137617109                
12      19             -0.12841541376171092               
14      32             -0.128415413761711                 
2       19             -0.12841541376171106               
19      28             -0.12841541376171106               
19      26             -0.1284154137617111                
19      38             -0.12841541376171114               
19      35             -0.12841541376171114               
3       19             -0.12841541376171114               
19      39             -0.12841541376171117               
19      40             -0.12841541376171117               
19      27             -0.1284154137617112                
13      19             -0.1284154137617112                
19      37             -0.12841541376171123               
4       19             -0.12841541376171126               
26      32             -0.1284154137617122                
28      32             -0.1284154137617122                
27      32             -0.12841541376171234               
25      28             -0.1284154137617126                
25      26             -0.12841541376171262               
25      35             -0.12841541376171264               
25      38             -0.12841541376171267               
32      35             -0.12841541376171267               
25      39             -0.12841541376171273               
25      40             -0.12841541376171273               
25      37             -0.12841541376171275               
32      38             -0.12841541376171275               
32      39             -0.12841541376171275               
25      27             -0.12841541376171278               
32      40             -0.1284154137617128                
32      37             -0.12841541376171295               
9       25             -0.12872610612791585               
9       32             -0.12872610612791588               
9       19             -0.12872610612791624               
29      36             -0.1370547294310377                
21      29             -0.13705472943103836               
1       8              -0.1375346964081075                
8       23             -0.13753469640810784               
8       34             -0.13753469640810784               
19      29             -0.1387061726453762                
25      29             -0.13870617264537632               
29      32             -0.13870617264537644               
9       11             -0.15023214369303858               
9       18             -0.15023214369303947               
28      29             -0.15393260541411857               
26      29             -0.1539326054141186                
27      29             -0.15393260541411882               
29      38             -0.15393260541412024               
29      39             -0.15393260541412024               
29      35             -0.15393260541412027               
29      40             -0.15393260541412027               
29      37             -0.1539326054141203                
5       29             -0.15393260541412118               
2       29             -0.15393260541412138               
22      29             -0.15393260541412143               
10      29             -0.1539326054141215                
20      29             -0.15393260541412163               
13      29             -0.15393260541412168               
7       29             -0.15393260541412168               
6       29             -0.1539326054141217                
15      29             -0.15393260541412174               
3       29             -0.15393260541412188               
4       29             -0.1539326054141219                
16      29             -0.1539326054141222                
17      29             -0.15393260541412224               
12      29             -0.15393260541412238               
14      29             -0.1539326054141227                
25      33             -0.16528051937188565               
32      33             -0.1652805193718857                
24      25             -0.1652805193718862                
19      33             -0.16528051937188623               
24      32             -0.16528051937188626               
19      24             -0.16528051937188637               
20      21             -0.16543524943110854               
17      21             -0.16543524943110866               
16      21             -0.16543524943110882               
15      21             -0.1654352494311089                
21      22             -0.16543524943110918               
26      36             -0.16543524943110938               
28      36             -0.16543524943110938               
35      36             -0.1654352494311094                
27      36             -0.16543524943110954               
36      39             -0.16543524943110963               
36      38             -0.16543524943110965               
36      40             -0.16543524943110965               
22      36             -0.16543524943110968               
14      21             -0.16543524943110974               
10      36             -0.16543524943110974               
36      37             -0.16543524943110977               
4       36             -0.1654352494311101                
3       36             -0.16543524943111024               
20      36             -0.16543524943111024               
10      21             -0.16543524943111027               
5       36             -0.1654352494311103                
15      36             -0.1654352494311103                
7       36             -0.16543524943111032               
12      36             -0.16543524943111043               
16      36             -0.16543524943111046               
2       36             -0.1654352494311106                
4       21             -0.16543524943111068               
6       36             -0.16543524943111076               
3       21             -0.1654352494311108                
5       21             -0.1654352494311108                
7       21             -0.16543524943111085               
21      26             -0.1654352494311109                
21      28             -0.1654352494311109                
12      21             -0.16543524943111096               
21      35             -0.165435249431111                 
13      36             -0.165435249431111                 
21      27             -0.16543524943111104               
21      38             -0.16543524943111104               
21      39             -0.16543524943111107               
21      40             -0.16543524943111107               
21      37             -0.1654352494311111                
17      36             -0.1654352494311111                
2       21             -0.16543524943111118               
6       21             -0.16543524943111135               
14      36             -0.16543524943111146               
13      21             -0.16543524943111151               
11      24             -0.1717876020493692                
18      33             -0.17178760204937027               
11      33             -0.17178760204937035               
18      24             -0.1717876020493704                
18      34             -0.18642318712141956               
18      23             -0.18642318712141961               
11      34             -0.18642318712142006               
11      23             -0.1864231871214201                
1       18             -0.18642318712142011               
1       11             -0.1864231871214203                
18      29             -0.1961727946429646                
11      29             -0.19617279464296497               
33      34             -0.19925770022223202               
24      34             -0.19925770022223255               
1       24             -0.1992577002222327                
1       33             -0.19925770022223294               
23      33             -0.19925770022223369               
23      24             -0.19925770022223377               
18      30             -0.21007416343712815               
11      30             -0.21007416343712818               
8       36             -0.29359188257894064               
8       21             -0.2935918825789409                
21      31             -0.30867144018316206               
31      36             -0.3086714401831629                
