#======================================================================
# PARAMETERS USED FOR THIS COMPUTATION: 
#      Sequence type: RNA
#      Total number of sequences in alignment data: 11
#      Length of sequences in alignment data: 47
#      Effective number of sequences: 10.0
#      Value of sequence identity: 0.8
#      Value of relative pseudocount: 0.5
# The First and Second columns represent sites and the
# Third column is MFDCA Frobenius norm, average product corrected (APC) DCA score
#======================================================================
13      16             0.9699333812066772                 
3       29             0.9358951453553203                 
1       28             0.9322853260779157                 
7       25             0.8522447049584755                 
1       45             0.83496059386275                   
8       24             0.8083339145336996                 
9       40             0.7445528770377627                 
28      45             0.7208787403045109                 
4       28             0.6689321971664548                 
6       43             0.6525377088821491                 
5       27             0.6514913839903833                 
30      31             0.6491392883947145                 
2       31             0.6491392883947061                 
2       30             0.6491392883947058                 
3       38             0.6013530800657624                 
29      38             0.6013530800657619                 
21      36             0.5957268491853784                 
7       23             0.5713205484564767                 
35      42             0.5698292314447936                 
10      40             0.5607156044604824                 
9       10             0.56071560446048                   
19      34             0.5574492566896723                 
9       38             0.5529190939070057                 
38      40             0.5529190939070044                 
20      22             0.551901374691929                  
1       22             0.5307626286194945                 
15      44             0.52741172834969                   
4       7              0.5207169838828423                 
12      21             0.5178388376867861                 
8       36             0.4976897250508448                 
24      36             0.4976897250508444                 
4       25             0.49334904915898503                
8       21             0.4919771984339596                 
21      24             0.49197719843395904                
2       35             0.4906893556937034                 
30      35             0.49068935569370137                
31      35             0.49068935569370137                
46      47             0.49049560565187333                
37      39             0.4796257178189647                 
12      34             0.47459943262005666                
37      45             0.47370363523460157                
6       47             0.4637864028469177                 
43      47             0.4637864028469173                 
6       21             0.45848766460176904                
21      43             0.45848766460176826                
4       23             0.45275487845965656                
2       42             0.45251846360289033                
30      42             0.45251846360288894                
31      42             0.45251846360288894                
14      19             0.4520958476757618                 
11      45             0.4487219722103555                 
5       7              0.4485011544007437                 
26      47             0.4456195375676889                 
11      22             0.44272182548666306                
22      37             0.43565868169724875                
13      44             0.4241764812680905                 
7       28             0.4220320834397382                 
17      18             0.41626921618552537                
26      38             0.4141799422337275                 
14      33             0.4134949710207367                 
14      32             0.41349497102073607                
23      25             0.4111571233362862                 
11      20             0.3997304802656174                 
14      42             0.3976527054738999                 
13      39             0.3966851501473202                 
37      42             0.39418928754800486                
23      40             0.3914893451696509                 
9       23             0.39148934516964995                
13      23             0.3830278180429521                 
32      33             0.369676232010886                  
19      40             0.36516407243375226                
9       19             0.3651640724337504                 
2       46             0.35864922411853356                
30      46             0.35864922411853106                
31      46             0.35864922411853095                
35      37             0.3563138594923716                 
27      36             0.3542455506643205                 
6       12             0.3509939140600329                 
12      43             0.35099391406003233                
20      44             0.3493239790312366                 
6       16             0.3485530430412923                 
16      43             0.34855304304129103                
11      37             0.3390700700948166                 
27      46             0.33208281071286505                
25      28             0.32548123896678915                
18      19             0.32530822357049655                
17      19             0.32530822357049627                
1       10             0.3201107617145964                 
3       27             0.3176562615577049                 
27      29             0.3176562615577041                 
34      44             0.3110461392491799                 
12      36             0.30213216059162235                
3       40             0.3016783466439181                 
3       9              0.30167834664391713                
29      40             0.3016783466439158                 
9       29             0.30167834664391524                
26      39             0.3012846418444662                 
44      45             0.2997349286682209                 
14      39             0.29944809799078653                
9       17             0.2974923404557483                 
9       18             0.29749234045574824                
18      40             0.2974923404557477                 
17      40             0.2974923404557472                 
10      28             0.29647174602345633                
9       34             0.2920239054867874                 
34      40             0.2920239054867871                 
4       8              0.2889429871886836                 
4       24             0.28894298718868316                
1       5              0.2867554818048218                 
21      27             0.2839751342873341                 
19      42             0.28185855254238584                
12      24             0.2817517888614087                 
8       12             0.2817517888614077                 
16      23             0.27929014496878896                
11      39             0.2771513949740696                 
16      39             0.27347858254973195                
12      19             0.26832472401556273                
13      15             0.2674252681269045                 
19      32             0.2668960892229296                 
19      33             0.26689608922292923                
22      45             0.266628007291713                  
5       36             0.2654041522523741                 
19      23             0.2636879522630325                 
21      47             0.26254481882914554                
26      45             0.25451794670703687                
35      46             0.25378574933485915                
23      38             0.24816646748349214                
5       25             0.24546255004168627                
10      38             0.2385635891989335                 
15      41             0.23846336951450883                
33      42             0.2368332928246789                 
32      42             0.2368332928246789                 
5       23             0.23578850427372633                
16      24             0.2300173378071736                 
8       16             0.23001733780717326                
38      47             0.2266827453007102                 
8       25             0.22515625268463757                
24      25             0.22515625268463701                
18      34             0.22377326682052928                
17      34             0.2237732668205289                 
3       5              0.22288540640493704                
5       29             0.22288540640493681                
5       21             0.22278573333024876                
24      44             0.22277936998218334                
8       44             0.22277936998218328                
25      46             0.2215848446238151                 
6       46             0.2209438030132866                 
43      46             0.22094380301328542                
18      23             0.2176330744386199                 
17      23             0.21763307443861973                
10      20             0.21733027550959821                
37      46             0.21327344642468493                
36      41             0.21072825246034854                
11      34             0.21058994790418506                
5       12             0.2086104350301048                 
13      14             0.20626057187779756                
6       24             0.2057299420616885                 
24      43             0.2057299420616881                 
8       43             0.20572994206168782                
6       8              0.20572994206168782                
15      20             0.2039515378834587                 
18      41             0.2026046603557996                 
17      41             0.2026046603557983                 
11      47             0.20164955839613408                
14      16             0.20090671910470342                
42      46             0.20030538170667994                
26      27             0.19933505822613884                
4       10             0.19435470390964227                
1       40             0.19329396744841132                
1       9              0.19329396744840954                
26      29             0.1923753008784842                 
3       26             0.19237530087848165                
32      41             0.1916973648809641                 
33      41             0.191697364880964                  
16      47             0.187402665687313                  
28      40             0.186582924978703                  
9       28             0.18658292497870244                
11      26             0.1856303159680296                 
26      41             0.1848887482037614                 
23      34             0.18374806525361254                
11      42             0.18274517721393135                
12      17             0.18188676342717375                
12      18             0.18188676342717347                
11      14             0.18059365341455386                
10      41             0.17959314371736354                
20      30             0.17915870001229972                
20      31             0.17915870001229972                
2       20             0.17915870001229944                
41      44             0.17368358695435865                
13      34             0.17333739882889893                
12      47             0.17252841871024993                
33      39             0.17074349064565192                
32      39             0.17074349064565192                
14      35             0.16874955043927153                
4       26             0.1686345514395512                 
27      47             0.1680398159422155                 
14      37             0.16424154817025033                
32      35             0.16077297084108022                
33      35             0.16077297084107978                
16      21             0.16053487900238228                
1       14             0.15785620202186712                
12      40             0.15781701177758473                
9       12             0.15781701177758384                
2       41             0.15632332057092013                
30      41             0.15632332057091566                
31      41             0.1563233205709156                 
15      17             0.1562346820383159                 
15      18             0.1562346820383157                 
15      45             0.15416380017026582                
26      37             0.15415461961921234                
8       27             0.14972050090946176                
24      27             0.14972050090946043                
5       46             0.14903805867623632                
25      47             0.1490096401808203                 
42      45             0.1489268931166603                 
13      20             0.1487936819172514                 
39      47             0.148104979986319                  
15      34             0.1462588354536128                 
26      46             0.14408714906548042                
6       41             0.14356534020606201                
41      43             0.14356534020606124                
13      29             0.14041822516215097                
3       13             0.1404182251621503                 
7       24             0.13975686872502613                
7       8              0.13975686872502446                
4       16             0.13850653071652974                
4       34             0.13769355563079433                
35      45             0.1332263140696237                 
14      41             0.13180462473652363                
10      22             0.12772566236655514                
39      45             0.12664244604427732                
7       13             0.12470071392851678                
19      39             0.12258516102751854                
12      16             0.12131030708287849                
27      38             0.11918941685118956                
1       27             0.11846232798418044                
3       46             0.11724724667874242                
29      46             0.11724724667874131                
15      24             0.11724194555891237                
8       15             0.11724194555891188                
5       8              0.1162808613930546                 
5       24             0.11628086139305427                
31      37             0.11312854443967207                
30      37             0.11312854443967202                
2       37             0.11312854443967063                
3       20             0.11014570457545425                
20      29             0.1101457045754538                 
39      42             0.10957148897110824                
13      45             0.10808662133965385                
24      34             0.10722490083574326                
8       34             0.10722490083574276                
1       36             0.10714423107621585                
2       27             0.10638345018115447                
27      31             0.10638345018114892                
27      30             0.10638345018114881                
15      30             0.10479250754356392                
15      31             0.10479250754356392                
2       15             0.10479250754356151                
4       39             0.1019715263340083                 
7       35             0.09875578392206169                
17      44             0.09765608311815377                
18      44             0.09765608311815305                
13      32             0.09727072101923667                
13      33             0.09727072101923662                
38      39             0.0969933060793094                 
22      34             0.0952705291004966                 
23      39             0.0946419694153599                 
23      29             0.09436863628412984                
3       23             0.0943686362841295                 
4       13             0.09333397272137489                
17      38             0.09257351724107338                
18      38             0.09257351724107266                
17      33             0.09042873506361429                
17      32             0.09042873506361426                
18      33             0.09042873506361321                
18      32             0.09042873506361296                
45      47             0.09031913157146365                
27      39             0.09026801109491489                
6       33             0.09000766487621228                
6       32             0.09000766487621226                
32      43             0.09000766487621181                
33      43             0.0900076648762117                 
3       47             0.0883579293157507                 
29      47             0.08835792931575048                
4       40             0.08722842769461348                
4       9              0.08722842769461259                
12      29             0.08654229728650498                
3       12             0.08654229728650398                
33      36             0.08416165367953996                
32      36             0.08416165367953993                
22      36             0.0810672181643558                 
19      38             0.08029688915778282                
15      26             0.07977306715480087                
11      43             0.07974055371685984                
6       11             0.07974055371685973                
38      45             0.07885193882102592                
11      35             0.07500739447278226                
10      33             0.07381555313687341                
10      32             0.07381555313687316                
5       10             0.07214031741793592                
10      23             0.07164065316932794                
11      38             0.07132997627398685                
20      34             0.06979332867362487                
13      42             0.06945240161319405                
9       20             0.06634264519406186                
20      40             0.06634264519406163                
1       20             0.06585818190707882                
21      22             0.06330892296651436                
27      35             0.06271505377095149                
34      45             0.060934353039447275               
16      32             0.05945399062331502                
16      33             0.05945399062331469                
20      39             0.059244998066224075               
20      45             0.05907944351573202                
28      47             0.05852817229600671                
4       47             0.05848560842981665                
11      44             0.057493461835383564               
2       17             0.05679060974250294                
2       18             0.05679060974250294                
17      30             0.0567906097425005                 
17      31             0.056790609742500386               
18      30             0.056790609742499165               
18      31             0.05679060974249911                
20      24             0.05641111956455569                
8       20             0.056411119564555356               
4       38             0.055306189570707875               
7       42             0.05512791920238069                
25      38             0.05429748079508179                
16      42             0.05427403790896029                
4       19             0.05402298418670759                
7       16             0.05369214649310483                
33      37             0.05359635372304156                
32      37             0.05359635372304139                
15      32             0.053218932538031005               
15      33             0.05321893253803045                
21      41             0.05242790062004776                
25      36             0.0523814064357655                 
21      46             0.05236860418862166                
22      42             0.05234597567040622                
10      15             0.0506856179749437                 
3       39             0.048959496523782176               
29      39             0.048959496523779844               
11      19             0.048538216414738655               
12      25             0.04850036125031021                
17      26             0.04621099120377789                
18      26             0.04621099120377725                
27      43             0.04619592795516625                
6       27             0.04619592795516514                
20      35             0.04587741037214471                
28      46             0.04303656880973239                
17      36             0.04279845533838866                
18      36             0.04279845533838861                
20      28             0.041980568453013234               
13      22             0.03794794343949204                
3       21             0.03779370102531909                
21      29             0.03779370102531732                
12      27             0.03650863681964922                
16      19             0.0355399105749204                 
12      23             0.03538409705626855                
19      37             0.0351949575404189                 
11      32             0.03486412741288958                
11      33             0.03486412741288919                
29      45             0.034745209160806145               
3       45             0.03474520916080548                
15      36             0.03474369766030344                
13      19             0.03450263035008988                
19      35             0.03440441226407753                
1       13             0.03419148724227339                
2       44             0.033210226814360255               
30      44             0.03321022681435909                
31      44             0.03321022681435898                
14      18             0.032783008724377505               
14      17             0.03278300872437734                
35      41             0.031699433679434785               
20      36             0.03103482038974975                
2       7              0.030947365274837824               
7       30             0.03094736527483577                
7       31             0.030947365274835548               
26      32             0.030840608031479783               
26      33             0.030840608031479283               
5       6              0.02948575155462485                
5       43             0.029485751554624184               
25      44             0.02937355120303209                
5       39             0.028621202310678773               
6       14             0.027896585828770526               
14      43             0.02789658582876975                
7       40             0.027833061044172325               
7       9              0.02783306104417227                
8       47             0.027112703992111742               
24      47             0.02711270399211113                
28      44             0.026150191924155464               
16      22             0.0246968083338579                 
20      46             0.02455944083462236                
18      43             0.02427516464492377                
17      43             0.024275164644923408               
6       18             0.024275164644922437               
6       17             0.024275164644922326               
19      28             0.02398607652191065                
20      42             0.023956110416592846               
16      38             0.023457404651867297               
10      34             0.023193238933429117               
28      34             0.02283349874499363                
11      30             0.022227197038533875               
11      31             0.022227197038533764               
2       11             0.022227197038533597               
41      47             0.02180316390035203                
5       31             0.020124849602075834               
5       30             0.020124849602075612               
2       5              0.020124849602074613               
26      36             0.019751596070885113               
14      15             0.019488434279895134               
5       35             0.018834425238568153               
11      13             0.018371918801746157               
25      35             0.018262074124144156               
7       34             0.016347433476253337               
37      41             0.015678766483009865               
9       41             0.01566302208492884                
40      41             0.015663022084924094               
8       37             0.01566252535565038                
24      37             0.015662525355650103               
1       42             0.015150156512896862               
4       27             0.013419405171608778               
6       10             0.012189253147634138               
10      43             0.012189253147633805               
21      32             0.011993706062236875               
21      33             0.011993706062236265               
27      42             0.011975785329210842               
37      47             0.011620751893517745               
1       32             0.010239643147020583               
1       33             0.01023964314702025                
20      25             0.010166188938029008               
39      41             0.010111376229600288               
24      28             0.009740524936289852               
8       28             0.009740524936289408               
4       12             0.009270627536862142               
6       15             0.009047620886642932               
15      43             0.009047620886641239               
8       13             0.007936153483907193               
13      24             0.007936153483905972               
22      46             0.007516778480095687               
14      36             0.007407597703238955               
23      28             0.005172068206569791               
1       44             0.003109006960778482               
3       10             0.002057459896519065               
10      29             0.002057459896518954               
23      41             0.0016888811062314435              
11      46             0.0007228799537007946              
22      24             0.0005447006964494072              
8       22             0.0005447006964490742              
10      14             0.0004840469462791819              
25      45             0.00017229593602796633             
14      34             -0.001420300439962885              
32      44             -0.002679403177253431              
33      44             -0.002679403177253542              
22      35             -0.0027285505448190195             
12      46             -0.004076166208932586              
7       19             -0.004386889038633268              
26      44             -0.004574145945792529              
1       19             -0.005895907325904226              
22      40             -0.006258145559741468              
9       22             -0.006258145559742689              
1       34             -0.006748980920790348              
20      47             -0.006897946308331737              
7       18             -0.007644100117370489              
7       17             -0.0076441001173706                
31      33             -0.008253380925003467              
30      33             -0.008253380925003495              
31      32             -0.008253380925003578              
30      32             -0.008253380925003662              
2       32             -0.008253380925004244              
2       33             -0.008253380925004272              
10      26             -0.009173883218355106              
37      38             -0.011890046827735812              
5       40             -0.012432405329747431              
5       9              -0.012432405329748764              
22      27             -0.012541337577670064              
4       37             -0.012922906969719428              
16      25             -0.013118012516362132              
2       22             -0.014745345147212707              
22      30             -0.014745345147213151              
22      31             -0.014745345147213262              
1       21             -0.015291629435265575              
13      25             -0.015778531075492652              
10      36             -0.016685342279311677              
34      36             -0.01775572903864453               
2       10             -0.01856965145344658               
10      31             -0.018569651453447134              
10      30             -0.01856965145344719               
14      44             -0.018676375411814328              
10      17             -0.019411479182624897              
10      18             -0.019411479182624897              
15      37             -0.019803292024095087              
4       11             -0.021533458393921734              
36      44             -0.021586197991740053              
14      22             -0.021608145408175572              
10      44             -0.02379457111406319               
1       24             -0.024540455774222703              
1       8              -0.024540455774222703              
27      45             -0.024665775903037535              
7       46             -0.024919068059814253              
19      20             -0.025019102445236863              
7       32             -0.026329571801383178              
7       33             -0.026329571801383567              
33      34             -0.02687105417882285               
32      34             -0.02687105417882285               
8       41             -0.028388406391110343              
24      41             -0.028388406391111287              
5       42             -0.029629357707831705              
4       21             -0.029801785947907944              
45      46             -0.029857547658103223              
2       14             -0.0299917858001994                
14      31             -0.02999178580020051               
14      30             -0.029991785800200566              
2       36             -0.03132525985259976               
30      36             -0.03132525985260054               
31      36             -0.031325259852600595              
14      26             -0.031413029667286374              
3       16             -0.03164337513524118               
16      29             -0.03164337513524185               
41      42             -0.03178464699844699               
25      42             -0.032595756093196315              
36      37             -0.0329156075103651                
3       25             -0.03294587292288553               
25      29             -0.03294587292288598               
38      46             -0.033300648150046186              
2       39             -0.033531354033331295              
30      39             -0.03353135403333152               
31      39             -0.03353135403333152               
19      22             -0.03448747297038057               
3       15             -0.03456618653764054               
15      29             -0.03456618653764065               
27      37             -0.03471632159859783               
6       36             -0.03538642813583237               
36      43             -0.0353864281358332                
1       41             -0.035404336144961024              
4       45             -0.035627041223061706              
34      46             -0.03617536405217542               
16      20             -0.0374382214689748                
22      44             -0.037914419841782676              
3       44             -0.038099331345647636              
29      44             -0.03809933134564897               
16      27             -0.03870862876892156               
27      28             -0.038762154123653136              
25      32             -0.039423819501873736              
25      33             -0.0394238195018739                
25      26             -0.04126442323107138               
27      34             -0.04147373618057526               
10      12             -0.041859941412164925              
26      30             -0.043036352310897585              
26      31             -0.043036352310897585              
2       26             -0.043036352310899195              
5       16             -0.04305501845103854               
18      35             -0.04389326892028861               
17      35             -0.0438932689202888                
32      47             -0.045843441728809                 
33      47             -0.04584344172880911               
43      44             -0.04672568384662462               
6       44             -0.04672568384662673               
39      46             -0.046772127748143544              
5       22             -0.04761287585414764               
22      43             -0.0476582513276701                
6       22             -0.04765825132767054               
22      29             -0.04832867377732508               
3       22             -0.04832867377732519               
7       38             -0.04877577323882709               
1       12             -0.04978915306291609               
15      28             -0.049991686862959295              
1       38             -0.05048977062038701               
22      26             -0.05139966686060915               
28      38             -0.051777799334911                 
26      43             -0.05190083976036386               
6       26             -0.051900839760364026              
1       18             -0.05218739632852942               
1       17             -0.05218739632852948               
11      16             -0.052657591276932814              
6       25             -0.05355210166338559               
25      43             -0.05355210166338664               
13      38             -0.05394266703355016               
21      37             -0.05609989386149444               
38      41             -0.05686954651497114               
15      39             -0.05710258214894445               
9       33             -0.05761233873209934               
9       32             -0.05761233873209984               
32      40             -0.0576123387321045                
33      40             -0.05761233873210461               
14      21             -0.057669147188939895              
6       30             -0.05811716737111533               
6       31             -0.058117167371115386              
2       6              -0.05811716737111555               
2       43             -0.058117167371117384              
31      43             -0.058117167371117495              
30      43             -0.05811716737111755               
11      27             -0.058180860388084565              
28      35             -0.05869967364064127               
14      45             -0.05895464174817078               
19      41             -0.05902732005470801               
11      29             -0.05930394299427466               
3       11             -0.05930394299427577               
7       47             -0.059672846406806035              
5       47             -0.06107812932161827               
7       14             -0.06288690448474726               
15      25             -0.06440726501675648               
17      37             -0.06444850455540832               
18      37             -0.06444850455540849               
13      41             -0.06471733236268085               
15      40             -0.06509504636006638               
9       15             -0.06509504636006663               
2       25             -0.06566915094595271               
25      30             -0.06566915094595344               
25      31             -0.06566915094595349               
4       22             -0.06649454239569264               
16      26             -0.06704266122494651               
28      39             -0.06767147001317597               
22      28             -0.06783340233357549               
15      35             -0.06869452223374176               
3       37             -0.06944241973008503               
29      37             -0.0694424197300858                
22      25             -0.07172381223932767               
39      44             -0.07185661191744425               
25      27             -0.07195226788750286               
30      45             -0.07229882039203611               
31      45             -0.07229882039203617               
2       45             -0.07229882039203811               
16      46             -0.07239560592076538               
3       7              -0.07418905063059034               
7       29             -0.07418905063059167               
13      35             -0.07482006400232022               
20      21             -0.07483101825071165               
28      42             -0.07521160796790427               
5       34             -0.07603238836631476               
8       39             -0.07659024523425267               
24      39             -0.07659024523425306               
7       41             -0.07788878418304473               
5       26             -0.07822357020100296               
11      21             -0.0793720557199783                
7       12             -0.07937709120610625               
37      44             -0.07951848079221141               
6       20             -0.08148004967813344               
20      43             -0.08148004967813355               
36      46             -0.08148409659696487               
4       35             -0.08161193158194469               
15      16             -0.08161562819122781               
11      36             -0.08206123182721331               
25      40             -0.08325918162640139               
9       25             -0.08325918162640156               
26      28             -0.0835071495087586                
4       18             -0.08374125229636553               
4       17             -0.08374125229636559               
16      36             -0.08628817926024362               
34      38             -0.08701859540143231               
21      25             -0.0876355794352599                
25      41             -0.0881050857946662                
1       15             -0.08916752817369022               
1       16             -0.08927354957080114               
14      25             -0.08967808497255508               
41      46             -0.09019441766373101               
11      15             -0.09027257108108955               
4       20             -0.09294071945097404               
15      42             -0.09299518073001961               
21      28             -0.09344642729922092               
3       28             -0.09435550092132539               
28      29             -0.09435550092132727               
4       29             -0.0951638274450245                
3       4              -0.09516382744502494               
3       19             -0.09572861127979454               
19      29             -0.09572861127979587               
35      39             -0.09608795965915068               
1       30             -0.09782283925036322               
1       31             -0.09782283925036322               
1       2              -0.09782283925036406               
23      37             -0.09943512684238898               
17      20             -0.0997447496795516                
18      20             -0.09974474967955166               
6       37             -0.10109581758454367               
37      43             -0.10109581758454378               
35      36             -0.10118913186850537               
18      42             -0.10163111630676486               
17      42             -0.10163111630676508               
22      38             -0.10231453575618177               
11      23             -0.10272944998888062               
15      23             -0.10305429145089715               
10      19             -0.10333641712049413               
25      37             -0.1033375843212207                
22      47             -0.10353570056473815               
7       11             -0.10366685720380475               
18      28             -0.10399406955580864               
17      28             -0.10399406955580887               
7       10             -0.10453630092475374               
29      35             -0.10472135253083065               
3       35             -0.10472135253083126               
35      43             -0.1066658099116255                
6       35             -0.10666580991162841               
12      41             -0.10668464396096919               
10      35             -0.10723737556168206               
17      21             -0.10753250288905714               
18      21             -0.10753250288905714               
22      39             -0.1075785295414583                
25      34             -0.10762895483148532               
18      47             -0.10773201759983675               
17      47             -0.107732017599837                 
5       20             -0.10813776385801643               
21      44             -0.1100660616548178                
8       45             -0.11046555614370102               
24      45             -0.11046555614370107               
15      19             -0.11176612499512856               
14      47             -0.11192422344423628               
18      39             -0.11197216856448794               
17      39             -0.1119721685644883                
13      28             -0.11506378761174885               
21      34             -0.1154889067699747                
8       33             -0.11576838270724987               
8       32             -0.1157683827072499                
24      32             -0.11576838270725079               
24      33             -0.11576838270725093               
26      35             -0.11578529507701918               
7       26             -0.1160838345497251                
1       26             -0.1166511469551465                
29      30             -0.11769502045622732               
29      31             -0.11769502045622732               
3       30             -0.11769502045622765               
3       31             -0.11769502045622776               
2       29             -0.11769502045622854               
2       3              -0.1176950204562287                
16      44             -0.1179640117999925                
23      30             -0.11964724092293127               
23      31             -0.11964724092293127               
2       23             -0.11964724092293255               
15      47             -0.12063307613556301               
12      33             -0.12065352392429429               
12      32             -0.12065352392429435               
10      37             -0.12080658370461445               
13      17             -0.12122697526499754               
13      18             -0.12122697526499754               
12      37             -0.12151898671088363               
5       38             -0.12272125295814185               
7       45             -0.12288188641562281               
8       11             -0.1238290376380059                
11      24             -0.12382903763800612               
20      41             -0.1240223982314318                
36      38             -0.12415982390754493               
18      22             -0.12516834246904646               
17      22             -0.1251683424690465                
11      28             -0.12518125501129196               
4       42             -0.1251993420854658                
8       38             -0.12532720707721196               
24      38             -0.12532720707721257               
5       19             -0.12605060532207496               
18      29             -0.12605424612517174               
17      29             -0.12605424612517202               
3       18             -0.12605424612517324               
3       17             -0.1260542461251733                
10      11             -0.1267566106342709                
1       4              -0.12687268662373674               
14      40             -0.130695500327626                 
9       14             -0.13069550032762745               
23      27             -0.13095673439013128               
5       18             -0.1314502860702092                
5       17             -0.13145028607020925               
8       46             -0.13248868928455515               
24      46             -0.13248868928455554               
4       46             -0.13266726462646905               
23      33             -0.13273490768252771               
23      32             -0.1327349076825281                
6       29             -0.1333045852474084                
3       43             -0.13330458524740857               
3       6              -0.1333045852474089                
29      43             -0.13330458524740946               
14      20             -0.13459917800531324               
16      35             -0.13514559214984817               
40      44             -0.13552528060932428               
9       44             -0.13552528060932825               
5       32             -0.13576047340347352               
5       33             -0.13576047340347375               
42      44             -0.13715098512346574               
34      47             -0.1373526659852271                
15      46             -0.13760951316942283               
35      44             -0.14006881376899025               
15      38             -0.140099938213321                 
6       40             -0.14129686718578993               
6       9              -0.14129686718579024               
40      43             -0.14129686718579051               
9       43             -0.1412968671857912                
28      37             -0.14209834719158598               
27      40             -0.14380626616944409               
9       27             -0.14380626616944542               
10      47             -0.1448260298239694                
10      21             -0.14753452744136147               
28      31             -0.14771958238286542               
2       28             -0.14771958238286553               
28      30             -0.14771958238286553               
6       34             -0.14806743021929633               
34      43             -0.1480674302192965                
7       21             -0.14847895704648106               
7       22             -0.14871439374404827               
16      41             -0.1492311512234297                
12      22             -0.14924805763227222               
24      26             -0.1492674599796608                
8       26             -0.14926745997966084               
18      24             -0.14939078607808545               
17      24             -0.14939078607808548               
8       17             -0.14939078607808587               
8       18             -0.1493907860780859                
2       21             -0.15082274437693155               
21      30             -0.15082274437693186               
21      31             -0.1508227443769319                
3       36             -0.15226342945592797               
29      36             -0.15226342945592858               
15      21             -0.1523672187715992                
19      44             -0.15298271630442165               
41      45             -0.1531868136871521                
14      23             -0.15357154163710635               
28      43             -0.15390575978591697               
6       28             -0.1539057597859187                
36      39             -0.154018584739017                 
34      42             -0.15416516739403863               
31      40             -0.1549873019063457                
30      40             -0.15498730190634571               
9       30             -0.15498730190634769               
9       31             -0.15498730190634777               
2       40             -0.15498730190634816               
2       9              -0.15498730190634882               
32      38             -0.1556009105064059                
33      38             -0.15560091050640604               
34      41             -0.15618215196701457               
36      47             -0.15644330804211015               
1       11             -0.15768622869780657               
11      12             -0.15771925789620067               
3       34             -0.15783274356035243               
29      34             -0.15783274356035465               
21      26             -0.15820444946765969               
1       29             -0.15825640572273336               
1       3              -0.15825640572273358               
13      46             -0.1590174480350781                
7       44             -0.15948122290257477               
19      45             -0.15989811410469446               
21      35             -0.15998554501508114               
36      40             -0.16030388081070185               
9       36             -0.1603038808107037                
22      32             -0.16060078992018767               
22      33             -0.16060078992018811               
5       13             -0.16154555471476906               
14      28             -0.162328978970199                 
4       44             -0.16275358433329673               
42      43             -0.16366763903465423               
6       42             -0.16366763903465742               
21      38             -0.16372308738520913               
13      26             -0.16455029434777219               
44      47             -0.1649243084169135                
5       14             -0.16496159860379156               
20      33             -0.1652551236831835                
20      32             -0.16525512368318362               
6       19             -0.16527177037568094               
19      43             -0.16527177037568314               
16      18             -0.16855546188589876               
16      17             -0.16855546188589882               
29      41             -0.16872997828389677               
3       41             -0.1687299782838987                
19      30             -0.16906381944850754               
19      31             -0.16906381944850754               
2       19             -0.1690638194485077                
18      46             -0.16915001791852385               
17      46             -0.16915001791852394               
43      45             -0.1692756656073518                
6       45             -0.1692756656073522                
23      45             -0.16939920849213036               
10      39             -0.1695289785204283                
3       8              -0.1702852398511132                
3       24             -0.17028523985111327               
8       29             -0.17028523985111338               
24      29             -0.17028523985111355               
11      40             -0.1705979617718389                
9       11             -0.17059796177183978               
26      42             -0.17123170443880878               
30      47             -0.1720475233051508                
31      47             -0.17204752330515083               
2       47             -0.17204752330515097               
35      47             -0.1725804363012775                
2       4              -0.17361829676117313               
4       30             -0.1736182967611744                
4       31             -0.1736182967611744                
1       46             -0.17406129074562876               
9       26             -0.17457856965610885               
26      40             -0.17457856965610963               
20      27             -0.17493761546909048               
10      45             -0.1754253144989676                
29      42             -0.17550518096148143               
3       42             -0.17550518096148188               
27      44             -0.17639899957480792               
23      36             -0.17684648572922915               
27      41             -0.17701598788257705               
7       39             -0.17824378604796393               
6       39             -0.17829111576126308               
39      43             -0.17829111576126322               
36      42             -0.17930404432921054               
12      13             -0.17965190163808364               
23      44             -0.18001493543156558               
44      46             -0.18085694342001452               
20      26             -0.18132149643653356               
13      40             -0.1819155462260788                
9       13             -0.1819155462260797                
7       27             -0.1824199695328509                
10      42             -0.182455409142175                 
32      46             -0.18325869558138264               
33      46             -0.1832586955813828                
8       23             -0.18408122908250985               
23      24             -0.18408122908251                  
15      22             -0.1842857307555336                
4       36             -0.18565761507827616               
1       35             -0.1859584894783209                
12      28             -0.18605581268944937               
5       15             -0.18614034489685166               
12      44             -0.18676795825511086               
19      27             -0.18772172017731636               
12      15             -0.1884488260075326                
3       32             -0.18904358902901217               
3       33             -0.18904358902901222               
29      33             -0.18904358902901233               
29      32             -0.18904358902901253               
12      14             -0.189360017124145                 
23      26             -0.19001539386533367               
14      24             -0.19086294341261117               
8       14             -0.19086294341261117               
10      25             -0.1940646137067923                
32      45             -0.1946073021691524                
33      45             -0.19460730216915248               
6       23             -0.19499169508449382               
23      43             -0.19499169508449407               
28      32             -0.19516775273900477               
28      33             -0.19516775273900522               
8       35             -0.19616543089345306               
24      35             -0.19616543089345312               
22      23             -0.1962616918845957                
9       16             -0.19836198499591118               
16      40             -0.1983619849959113                
13      37             -0.19839130809918476               
23      46             -0.19871105618098456               
10      13             -0.19915160731690884               
39      40             -0.20012445035057436               
9       39             -0.2001244503505745                
13      47             -0.20045706878821162               
4       6              -0.2006092782791507                
4       43             -0.20060927827915076               
18      45             -0.20159300428419447               
17      45             -0.20159300428419455               
2       13             -0.20162092460135594               
13      31             -0.2016209246013568                
13      30             -0.20162092460135694               
7       36             -0.20211789467081587               
13      21             -0.20272136781129546               
2       12             -0.20314011849609845               
12      31             -0.20314011849609898               
12      30             -0.203140118496099                 
5       37             -0.20315608287362685               
13      36             -0.2045999757531232                
8       30             -0.20468938371722065               
8       31             -0.20468938371722067               
24      30             -0.2046893837172207                
24      31             -0.20468938371722079               
2       24             -0.20468938371722126               
2       8              -0.2046893837172213                
1       37             -0.20533443715730393               
21      45             -0.20573375942170058               
14      46             -0.2072436503659487                
5       44             -0.20778724018870426               
1       39             -0.2078276636455948                
35      38             -0.2084422831860586                
19      36             -0.20890016538352574               
10      24             -0.20966563560721863               
8       10             -0.20966563560721868               
19      26             -0.21163884843084235               
35      40             -0.21214174288995202               
9       35             -0.21214174288995233               
5       45             -0.21421598146672516               
15      27             -0.2156249138607607                
9       37             -0.2159138768227694                
37      40             -0.21591387682277005               
16      45             -0.21593538231085307               
12      35             -0.21612620755831718               
14      38             -0.21810668949688247               
28      36             -0.2189359818236588                
1       7              -0.219029196222226                 
30      38             -0.2191120470017718                
31      38             -0.21911204700177184               
2       38             -0.219112047001772                 
21      42             -0.22060122741026217               
4       32             -0.22105802433767585               
4       33             -0.22105802433767607               
17      25             -0.2212740319886443                
18      25             -0.22127403198864465               
5       41             -0.2214477897765501                
4       15             -0.22311371913705916               
34      35             -0.22574765561258103               
38      43             -0.2261462868759309                
6       38             -0.22614628687593097               
12      26             -0.22649432691938615               
38      44             -0.2267440491632733                
1       6              -0.22735278550181415               
1       43             -0.22735278550181462               
7       37             -0.22782137208323577               
42      47             -0.22868422070837116               
4       41             -0.22904959639804534               
13      43             -0.22907493401014445               
6       13             -0.2290749340101446                
22      41             -0.2307112192213579                
16      28             -0.23101717795147092               
4       14             -0.23222062993922138               
4       5              -0.2323425076063652                
12      39             -0.23248191416394082               
27      32             -0.23296482524457085               
27      33             -0.23296482524457096               
21      23             -0.23363810511171565               
7       15             -0.23456778160195815               
11      41             -0.2350035969854739                
40      45             -0.23695742843400996               
9       45             -0.2369574284340108                
6       7              -0.23715956035739008               
7       43             -0.2371595603573901                
14      27             -0.23800659904896346               
10      16             -0.2393830614049103                
23      47             -0.24062602286519263               
30      34             -0.24268965144625368               
31      34             -0.24268965144625368               
2       34             -0.2426896514462546                
5       11             -0.24362558391722544               
26      34             -0.24476785372935086               
12      38             -0.24802953341702966               
21      40             -0.24806897297306219               
9       21             -0.24806897297306305               
1       47             -0.2482997703513245                
2       16             -0.24970988169293637               
16      30             -0.24970988169293645               
16      31             -0.24970988169293654               
23      35             -0.2508076209372867                
23      42             -0.2544033387296649                
16      37             -0.2559445279596853                
28      41             -0.257083459103931                 
17      27             -0.2575922947724917                
18      27             -0.2575922947724919                
19      25             -0.2580121887458278                
8       42             -0.2609152993954144                
24      42             -0.2609152993954146                
19      21             -0.26133554354251104               
24      40             -0.2622254458417169                
8       40             -0.2622254458417171                
8       9              -0.2622254458417178                
9       24             -0.2622254458417179                
38      42             -0.26333952979056985               
10      46             -0.26382722268750536               
14      29             -0.2655730072724126                
3       14             -0.26557300727241323               
12      20             -0.2658010815601587                
21      39             -0.2681546769943302                
10      27             -0.2682528479694323                
16      34             -0.26853931087675387               
5       28             -0.27049468134483146               
12      42             -0.27461589610223697               
12      45             -0.2756402262795882                
1       23             -0.27802318766349043               
1       25             -0.27804250898726024               
25      39             -0.28254569536865426               
40      42             -0.2826609142984775                
9       42             -0.2826609142984796                
11      18             -0.28393362977374254               
11      17             -0.28393362977374265               
34      39             -0.28562731200585045               
20      38             -0.2857030367839724                
9       47             -0.2859638870053798                
40      47             -0.28596388700538                  
19      47             -0.28823009388770504               
13      27             -0.2900142954681009                
7       20             -0.29191931806728794               
19      46             -0.3061763935579874                
36      45             -0.32198689620971427               
20      23             -0.3272450103139969                
11      25             -0.33196103788789577               
40      46             -0.33934366937869354               
9       46             -0.33934366937869387               
8       19             -0.3461087949917506                
19      24             -0.34610879499175085               
20      37             -0.3524843919617843                
34      37             -0.3648553338882629                
