#======================================================================
# PARAMETERS USED FOR THIS COMPUTATION: 
#      Sequence type: RNA
#      Total number of sequences in alignment data: 33021
#      Length of sequences in alignment data: 41
#      Effective number of sequences: 32.073695952368546
#      Value of sequence identity: 0.8
#      Value of relative pseudocount: 0.5
# The First and Second columns represent sites and the
# Third column is MFDCA Frobenius norm, average product corrected (APC) DCA score
#======================================================================
8       33             1.8128035826713804                 
18      24             1.2836303291376288                 
5       36             1.1114677675465838                 
16      26             1.0146041054368267                 
7       34             0.9271850329188931                 
17      20             0.8034705615175566                 
1       2              0.7216462491751257                 
4       6              0.7018595796908718                 
9       32             0.6045830401717027                 
4       37             0.5784484954606011                 
2       4              0.5401093360032346                 
2       3              0.5307268844161306                 
15      17             0.5270007620921995                 
10      20             0.5030981025312699                 
10      17             0.49630956230270845                
16      36             0.49159000729159247                
15      20             0.4878275943110516                 
31      32             0.48676699779339944                
19      20             0.4676270811260897                 
26      36             0.46378622918271795                
7       11             0.4601256793721822                 
32      36             0.44148500773246235                
17      31             0.4362846474431764                 
13      14             0.40698752533772176                
23      24             0.4045661738180093                 
21      31             0.3931070088401972                 
11      12             0.39261846707131653                
39      41             0.3856567255065966                 
10      11             0.3846619477066898                 
10      15             0.37879331214694895                
4       5              0.3720080903587465                 
7       9              0.36941593989453647                
20      31             0.34557605570845623                
39      40             0.33484219327339865                
1       4              0.32478602594921613                
40      41             0.3230180389059959                 
27      35             0.32193158244403275                
15      31             0.3185694155390593                 
7       17             0.3181837079380963                 
10      31             0.30892276074942665                
9       31             0.30692596029662034                
9       36             0.2991421421684242                 
38      39             0.2952125251409169                 
7       8              0.2940383028960145                 
8       16             0.28553186993802376                
7       10             0.284072950981153                  
7       20             0.27605609619140686                
21      22             0.27104026685093796                
38      41             0.2688193876724384                 
7       15             0.25779190260781426                
2       27             0.25749492606017316                
5       6              0.256157535651896                  
29      39             0.25323308288269214                
3       22             0.25288027539435737                
27      33             0.24346332899537926                
28      29             0.23561367485209322                
19      41             0.23266210824039388                
38      40             0.23233123916680365                
29      30             0.22537014230876834                
20      21             0.22122480351672208                
28      30             0.22030972645456165                
28      39             0.2173479737114679                 
28      41             0.21462172087545936                
29      41             0.2122439859076521                 
2       6              0.2111598629066322                 
6       37             0.2103428126401389                 
12      35             0.20806759505292904                
14      15             0.2057915434454155                 
17      40             0.2040288248055342                 
28      38             0.201759189107945                  
9       22             0.2016349388124984                 
19      29             0.19915171022890985                
30      41             0.1978016558813529                 
19      40             0.19435003333917558                
29      38             0.19247452603604776                
31      36             0.1912684519922948                 
30      39             0.19016939508274597                
13      21             0.1901292102288159                 
18      34             0.18802055655806305                
34      35             0.18444218281364927                
19      39             0.1834259245148743                 
11      34             0.18338445252919267                
23      27             0.18337886938610568                
2       34             0.18300786397338564                
27      34             0.17884155273700508                
21      27             0.17564380154802578                
28      40             0.1746098055423954                 
12      40             0.17427301278303475                
8       26             0.16853959247235445                
1       6              0.16804060095575118                
21      36             0.1652167048647295                 
4       33             0.16134133184418464                
30      38             0.1610518067152938                 
19      28             0.16080935861415624                
29      40             0.15960843197958124                
25      35             0.15848051211480385                
23      25             0.1583543654077731                 
17      25             0.15548419557290366                
24      34             0.15331814200764404                
18      23             0.1529582216655768                 
22      35             0.1515423797263038                 
33      36             0.15058068168714828                
3       7              0.1498936642449314                 
6       35             0.14844302613516724                
30      37             0.14789241375851747                
1       3              0.14651825624564546                
12      36             0.145210768862911                  
3       4              0.14403256133252434                
30      40             0.14347817626341675                
26      33             0.1425942311970682                 
14      35             0.14231720288593508                
35      37             0.14180891109876204                
22      33             0.14016240784420075                
19      38             0.1398672016872624                 
12      33             0.1398199079636231                 
1       13             0.13971421341130155                
6       10             0.13961256973011235                
19      21             0.1373595918285646                 
22      23             0.13718443476862546                
8       11             0.1371830612578619                 
5       7              0.13407307813730435                
37      40             0.1308018052538669                 
19      30             0.13072874717646443                
19      24             0.12823814590589905                
6       13             0.12741064773999108                
12      16             0.12689937025005787                
16      19             0.1265823813238356                 
24      25             0.12596039107532844                
25      37             0.12482493865952188                
3       18             0.12391360127514273                
16      21             0.12282296182011854                
11      20             0.1218763337785615                 
1       9              0.1215715792834981                 
17      19             0.12095155172046868                
1       26             0.12063460498055034                
12      26             0.12030406156143125                
14      28             0.11953773709305096                
3       23             0.11833393443901233                
5       12             0.11822669868835839                
32      35             0.11779565708941103                
21      26             0.1175183791872928                 
19      22             0.11714014979459306                
37      39             0.11690691849933002                
11      26             0.11621400780946478                
8       36             0.11471000099887468                
13      25             0.11391649935480375                
16      33             0.11078165192326489                
11      36             0.10912077724319047                
13      18             0.10804338207696776                
7       31             0.10704821229757588                
2       5              0.10593985011952928                
13      27             0.10573578169122536                
22      25             0.10402334991064463                
2       36             0.10372748708194274                
9       21             0.10140834789272929                
1       25             0.09888138175842798                
2       9              0.09637798415093735                
19      23             0.0935059385787948                 
21      32             0.0934587621304378                 
3       27             0.09287313346930931                
27      37             0.09090684513521996                
21      34             0.09029108729161206                
14      32             0.09015130373727531                
28      37             0.08991844006678862                
21      23             0.0895561821809221                 
14      29             0.08950034700298773                
37      41             0.08930163499965116                
13      33             0.08670925654728551                
25      27             0.0859076040858478                 
12      27             0.08521524685619097                
20      41             0.08486846047037172                
16      28             0.08483466015479108                
11      32             0.0844797966051089                 
29      37             0.08420046767324396                
5       18             0.08288079493467582                
12      13             0.08259828664393834                
11      14             0.08230928368604307                
26      37             0.08217641037083923                
22      32             0.08167255209766983                
3       34             0.0811487841167533                 
12      25             0.07987198069671331                
12      14             0.07711026920053315                
16      29             0.07671468468257286                
6       27             0.07654268278121418                
14      40             0.07588720785508132                
1       33             0.07528488442322723                
33      37             0.07446344542561234                
16      39             0.07208753370784982                
4       27             0.07017235168185942                
23      32             0.06884840607501475                
37      38             0.06827615280784538                
26      35             0.0680413644131469                 
7       13             0.0674172474327206                 
4       14             0.06676215473578967                
12      31             0.06590402286048458                
13      28             0.0656345871380806                 
29      32             0.06555381410290073                
11      17             0.06524051938407083                
2       22             0.06407036214018824                
18      19             0.06282069391576078                
11      15             0.062313852994099195               
25      30             0.06186158798931121                
8       12             0.06089708425083412                
27      38             0.06071648169385996                
1       21             0.060344959636859485               
1       22             0.05975101810236866                
2       35             0.057959165099452925               
22      38             0.05744221127093488                
1       37             0.05723693216541148                
1       7              0.05592008519853264                
11      35             0.055747322764687746               
32      39             0.055451385003016274               
34      36             0.05463466424204583                
23      38             0.054124503586481326               
28      32             0.05355443258805015                
11      33             0.05326358715533436                
17      21             0.05309130368988835                
16      30             0.05175630634419226                
15      34             0.05118045400145438                
3       6              0.05034224283939334                
32      41             0.050259498977903716               
3       25             0.0502529188049865                 
23      33             0.05001481742805958                
7       33             0.04948796843054498                
9       35             0.04918511599902681                
14      23             0.04817014016527546                
16      25             0.047592993051362054               
3       35             0.046320590576307386               
6       23             0.04579253847355452                
9       13             0.04506810640000547                
6       26             0.04480753080454575                
24      33             0.044619698217046866               
18      22             0.04358882230310859                
33      34             0.04331971871204682                
9       12             0.04308783107390751                
16      38             0.04272624505379624                
34      40             0.0422709164486329                 
14      39             0.04210253477005568                
4       8              0.04193469694430568                
5       9              0.04117831040214198                
10      30             0.040352724476326235               
16      41             0.04006990316601261                
3       12             0.039370965102839994               
5       11             0.03883932350934216                
17      29             0.03865591228555021                
3       10             0.03749541769844772                
9       23             0.03745284801566662                
14      20             0.03744198212770872                
17      28             0.03743625008704099                
29      31             0.03685915170321469                
12      15             0.036843111971643916               
6       33             0.03678248158812947                
2       18             0.03641353144820686                
13      29             0.035282497826736425               
14      41             0.03480217110517511                
26      28             0.03411318520537521                
18      28             0.034061274086123194               
24      35             0.033076224779404195               
20      40             0.03281648791355646                
14      30             0.032802617042777954               
31      41             0.031820300692030734               
1       38             0.031171568984065923               
17      30             0.031002547387815105               
17      39             0.030848685312456825               
5       34             0.02993348116524991                
9       34             0.02648041103936538                
19      25             0.02644055961079969                
13      30             0.02620604632536222                
26      29             0.02596106675957377                
25      38             0.025314590376727092               
2       25             0.02531321611796844                
32      37             0.025268128998030992               
30      32             0.024667520592309866               
12      21             0.022599574485966778               
8       30             0.02185747155675133                
32      38             0.021703425493984962               
31      39             0.020515430168582982               
10      29             0.01958498795514002                
9       10             0.0191792697856647                 
9       17             0.018535734089110856               
7       27             0.017503285121507173               
22      27             0.01748976093558341                
15      28             0.01720121222665877                
19      26             0.01670087319948066                
5       24             0.016539760515034196               
8       24             0.016248088639792047               
10      39             0.01603506512272268                
26      39             0.01596774899457276                
10      12             0.015624864067181554               
18      25             0.015478743595021383               
12      18             0.015251995956094833               
25      40             0.014825707538560884               
22      26             0.014586276653096364               
14      18             0.014578658653920384               
10      41             0.014090710315117688               
20      29             0.013738746125922519               
1       8              0.013417305529702217               
6       15             0.01312583866306638                
30      31             0.01247573811843855                
1       14             0.010084032021899197               
8       10             0.009616817203548567               
6       7              0.009561964801919842               
34      37             0.009019631656798643               
2       11             0.008543509563228135               
28      31             0.007889155994567076               
20      24             0.007873580044840067               
2       33             0.007379431887724053               
35      38             0.007316400953547519               
9       11             0.007226872871199663               
3       9              0.007001724996514469               
32      34             0.006882391536835619               
14      21             0.0066279208275336066              
13      15             0.006452349751494502               
20      28             0.004699934655607418               
15      25             0.004260272662027387               
29      35             0.003227185881179595               
20      39             0.003037492557001198               
14      38             0.0018599421662264526              
15      21             0.001809927514688614               
7       12             0.0017517214925539815              
33      35             0.0016800840976144982              
17      38             0.0009022559387387163              
18      32             -0.001182889777471774              
11      13             -0.0012858488787809708             
23      34             -0.0012962364820082173             
18      30             -0.0023855935391611516             
1       5              -0.0034352508665315695             
27      32             -0.003482679819019896              
3       39             -0.003620055296708946              
6       8              -0.0036966038749893237             
4       32             -0.004292437693622031              
26      41             -0.004743380912002382              
24      38             -0.004789538034730395              
5       13             -0.00501139021034111               
15      29             -0.005210832357353312              
13      24             -0.005312918496671953              
1       23             -0.005347509171120035              
27      39             -0.005533007429803227              
24      40             -0.006480581560147719              
14      19             -0.006734160059175542              
26      30             -0.007622663848205535              
14      33             -0.008209185201010216              
8       25             -0.008848052417917751              
27      41             -0.008919112464685297              
24      27             -0.01012244120433764               
10      19             -0.010600367465046778              
20      30             -0.01062148286008674               
3       41             -0.011209484545480597              
22      41             -0.011419916490457982              
3       38             -0.011770888032369198              
13      39             -0.012051043721885119              
25      33             -0.012271050734854738              
31      38             -0.012917204326775678              
13      37             -0.012965578961692287              
25      28             -0.014199892984709084              
20      38             -0.014396253484650456              
9       18             -0.014642941728291614              
15      22             -0.015501071935187821              
1       27             -0.01563030628910428               
21      25             -0.01570905689453178               
10      28             -0.01583938253855871               
6       34             -0.017042249800979847              
1       35             -0.01766354040599155               
20      22             -0.01783914096179945               
6       12             -0.01787296980033115               
17      41             -0.01856278250132587               
35      36             -0.01941573924461032               
5       14             -0.019550888135636935              
4       34             -0.01982465756466323               
6       18             -0.02174493022835705               
14      25             -0.022118325033355146              
14      27             -0.022570493717380985              
6       9              -0.022581835447746834              
22      24             -0.023090730221675015              
12      34             -0.023263801108315607              
3       21             -0.023692335346309268              
1       34             -0.023978554834134636              
17      24             -0.024392432266365005              
8       34             -0.02523478618384456               
13      23             -0.02628867376902641               
19      37             -0.026390074765324317              
11      25             -0.026922964170667085              
23      29             -0.02733696469566932               
6       14             -0.028564089386552277              
8       9              -0.02869013174052537               
28      35             -0.028753115266765633              
24      30             -0.028806440623867113              
32      40             -0.02898722995282066               
23      28             -0.030119001581051713              
2       32             -0.030912704369497168              
26      38             -0.03159474565891751               
18      21             -0.032624930102862326              
25      29             -0.03277403390063238               
4       21             -0.03321605783827247               
18      29             -0.03396230202187894               
4       30             -0.03431951421938753               
23      41             -0.034709921627175705              
22      30             -0.03479575575304378               
23      26             -0.03493105249053241               
34      38             -0.03535109477903298               
5       28             -0.03536211390335092               
24      29             -0.03628062460020964               
16      17             -0.036287142367110004              
3       11             -0.03655587004237382               
27      40             -0.036607310718771824              
35      39             -0.03672603778164818               
15      24             -0.03679867559907038               
4       13             -0.03690502154651218               
15      35             -0.03693735093907341               
5       41             -0.03702774386971319               
2       37             -0.03790772355153349               
1       11             -0.038449313894308945              
5       30             -0.03912398519147817               
18      27             -0.03963966636497557               
1       39             -0.03965704457779515               
4       40             -0.039887490230035405              
4       25             -0.04009175801860651               
13      35             -0.040123629905055996              
3       32             -0.04061064041757512               
25      39             -0.04084349742461274               
23      35             -0.04133393288812229               
31      40             -0.041582875735128644              
23      39             -0.04207832506492401               
22      29             -0.042088518133745506              
11      27             -0.042127820106520386              
11      16             -0.0422693849603632                
35      41             -0.04268253905481792               
25      32             -0.042788116747897564              
24      37             -0.04333359963565139               
7       21             -0.04370240154887167               
3       40             -0.04427970376740606               
8       21             -0.04471796584280596               
2       16             -0.04519851262369934               
5       38             -0.04591670701505546               
23      30             -0.04644008555164961               
10      37             -0.04648549019401757               
27      29             -0.046490068377332106              
24      39             -0.04678201819454242               
4       23             -0.047042215342088634              
2       12             -0.04726064739588487               
23      40             -0.04817936059364211               
13      41             -0.049135318863296584              
2       13             -0.049237211407648446              
4       39             -0.04946142182464547               
11      37             -0.04958081508293141               
4       28             -0.04975682381360519               
15      30             -0.05028836061629555               
12      23             -0.050379040135130865              
7       22             -0.050853222858381786              
12      37             -0.0515400303848742                
30      35             -0.0516696998056036                
6       11             -0.051688437600495046              
5       33             -0.052780672077135105              
13      19             -0.05286820490659486               
18      40             -0.053088253238228966              
3       30             -0.05327739730833819               
5       23             -0.053430814799444754              
3       28             -0.05348169459496213               
15      39             -0.05384008330661877               
2       38             -0.05452461508182044               
9       16             -0.05590901687328481               
8       14             -0.05594555706869819               
13      16             -0.05600258665544641               
6       30             -0.05612000982887616               
1       41             -0.05623707656284771               
2       28             -0.05628821682544627               
13      36             -0.056330619607512206              
24      28             -0.056646461065740505              
25      34             -0.05723576199500638               
22      28             -0.05735582800011341               
6       25             -0.05787992322233851               
8       22             -0.05790078708882054               
27      36             -0.05983749936936361               
4       15             -0.06015246781185296               
16      20             -0.06019592795125345               
8       41             -0.060828349891104805              
5       19             -0.06106125975586493               
4       29             -0.06106278799124165               
18      38             -0.06114240428428899               
13      38             -0.06130760160609844               
19      31             -0.06147204276293253               
23      37             -0.062171077585452844              
6       32             -0.06247077337312379               
10      22             -0.0626495220361149                
10      38             -0.06267032186695437               
14      37             -0.06310698711556989               
3       29             -0.06328245536973712               
13      20             -0.06335088450543                  
3       19             -0.06354677787351692               
22      39             -0.06369270780889202               
27      28             -0.06375535211205263               
11      23             -0.06396810039707201               
5       29             -0.06438024601227874               
22      34             -0.06438395887161802               
15      41             -0.0648410139997257                
10      40             -0.06521921135105221               
11      29             -0.0655652535817012                
10      24             -0.06559495079956887               
22      40             -0.0656334394569266                
16      22             -0.06575778114350744               
4       9              -0.0657665539486641                
9       24             -0.0660462998268177                
1       16             -0.0664206043014896                
24      41             -0.0664273168199544                
20      23             -0.06658787864101806               
3       37             -0.06728896215223823               
2       39             -0.06781604333793279               
21      35             -0.06794614778964098               
5       16             -0.0689060582082815                
26      32             -0.06904673711186288               
4       26             -0.06909702022741604               
1       24             -0.0692486578486523                
22      37             -0.06992873947541356               
3       15             -0.07036865270583006               
21      41             -0.07055487170862682               
16      40             -0.07062151136339104               
35      40             -0.07092010006449631               
25      26             -0.0709735340509203                
19      35             -0.07112891609090496               
25      31             -0.07114509321434853               
22      31             -0.07119186865107269               
11      31             -0.07152025033228104               
9       40             -0.07166728562640734               
4       38             -0.07183299810111388               
8       27             -0.0722253592670733                
7       28             -0.07248741526654856               
5       39             -0.07280414859465459               
10      13             -0.07297076040465786               
3       14             -0.07318901681741619               
4       7              -0.07327580122233324               
4       11             -0.07339836062268273               
3       16             -0.07391612134594008               
7       32             -0.07399034437554836               
18      20             -0.07414413852060969               
2       41             -0.07475940555416169               
5       27             -0.074928038376011                 
26      31             -0.07587395264885555               
3       8              -0.07640058052890336               
13      40             -0.07644375849802719               
9       15             -0.07644874349262076               
5       15             -0.07658193411916284               
11      24             -0.07670246724726862               
14      26             -0.07747299770338475               
17      18             -0.07903843055492882               
1       30             -0.07923066999475253               
18      41             -0.07930930670323286               
27      30             -0.07941308921555093               
18      36             -0.08032561106413466               
12      17             -0.08093095388870655               
21      24             -0.08095489320173543               
6       24             -0.08294719176150231               
18      39             -0.08329594945407853               
3       5              -0.08423349292043653               
1       28             -0.08432645021166152               
1       18             -0.0844200487946774                
22      36             -0.08450140505371878               
16      37             -0.08491466229086186               
20      34             -0.08532480699527473               
5       8              -0.08539767165992124               
3       31             -0.08550914953164263               
8       23             -0.08657679920465805               
25      41             -0.08708768462430269               
19      32             -0.08711310571547451               
13      34             -0.08755845887726235               
7       24             -0.08772408734038034               
1       19             -0.08781104404866139               
8       19             -0.08876382266096391               
14      24             -0.08878005438453826               
5       31             -0.08913526669424121               
2       24             -0.0891994202454959                
17      26             -0.08954559887079433               
24      32             -0.08985574812777802               
11      18             -0.09051181599800226               
6       22             -0.09058427564277502               
14      34             -0.09184307885458706               
16      35             -0.0920753139948301                
15      23             -0.0920964950295469                
30      36             -0.09283353076282824               
25      36             -0.09348684956667669               
30      33             -0.09354075290075095               
10      23             -0.09421692515884925               
21      30             -0.09433563457405394               
14      31             -0.0944927639397474                
14      16             -0.09451996339215821               
10      21             -0.0946024573604212                
3       13             -0.09487089215053057               
5       40             -0.09489467284745118               
6       28             -0.09491386894729692               
6       21             -0.0954053589627605                
15      36             -0.09562637305121285               
4       22             -0.09569988387169087               
9       26             -0.09637571763558761               
15      38             -0.09655755144109077               
5       32             -0.09770390025197553               
9       20             -0.09820526950537928               
12      20             -0.09855016365284253               
7       23             -0.0990986718096987                
18      35             -0.09910723378142539               
15      16             -0.09910937852811622               
21      29             -0.09940908179867791               
26      34             -0.0998414897079497                
16      23             -0.10062153043994881               
8       15             -0.10111326305503057               
4       41             -0.10111412488376992               
6       36             -0.10124426011136406               
12      32             -0.10228850796804428               
8       39             -0.1025800319952149                
2       10             -0.1026212749710696                
31      35             -0.10264663010492797               
18      33             -0.10280104631020048               
5       25             -0.10290058304962166               
6       29             -0.10374386134562305               
26      40             -0.10537056728685179               
15      19             -0.10596487116567452               
21      40             -0.10600217958579661               
21      38             -0.10601782104916596               
1       29             -0.10621473544457263               
8       38             -0.10636518670057568               
15      40             -0.10642482813120774               
18      37             -0.1067706427776122                
8       13             -0.10816996418681916               
9       29             -0.1085587256035486                
3       33             -0.10881563757057616               
2       40             -0.10888311930992584               
16      24             -0.10960146805566112               
6       39             -0.11008482442814961               
6       38             -0.11023876081129988               
2       14             -0.1103031929243033                
5       22             -0.11130063560682382               
2       8              -0.11133291152125735               
1       40             -0.11145762702942613               
17      23             -0.11153771835517717               
10      16             -0.11154866457388032               
18      31             -0.11156213541504084               
15      37             -0.11168105162505404               
29      36             -0.11196920014999073               
23      31             -0.1120132593077959                
18      26             -0.11223594956825744               
19      27             -0.11224298921474735               
14      17             -0.112607024907899                 
14      22             -0.11277193940979995               
31      37             -0.1132742143454874                
9       38             -0.11336745440743376               
6       31             -0.1135250862621231                
14      36             -0.11380934511834748               
9       41             -0.1143947895803416                
31      34             -0.11447661699326966               
2       30             -0.11467533016547485               
12      22             -0.11493118825818091               
12      30             -0.11504725714078573               
1       15             -0.11554952815193531               
11      22             -0.11702302828251007               
15      18             -0.11771501592177128               
30      34             -0.11779035706977065               
6       41             -0.11786720366130436               
24      26             -0.11804182687701803               
13      31             -0.11819927893325155               
9       30             -0.11858577356809769               
17      22             -0.11885924907890336               
7       18             -0.12067758715402802               
12      19             -0.12139502746712                  
21      39             -0.12170346999940496               
2       20             -0.12239817592930319               
21      28             -0.12246366690773555               
7       35             -0.12249001059722264               
13      26             -0.12312816984792209               
5       17             -0.12492098900481069               
5       10             -0.1253215209323739                
17      37             -0.1256373725662442                
16      31             -0.12627824697849932               
1       10             -0.12652676930082718               
13      22             -0.12730461539274335               
9       14             -0.12804991900756227               
8       29             -0.12912336484137357               
36      39             -0.12973964704434385               
12      24             -0.1315295902099628                
2       29             -0.13191615369392556               
5       20             -0.13252431785831514               
28      36             -0.13266556177211297               
10      26             -0.13283492257129859               
2       19             -0.13284807754071062               
6       19             -0.13318437962572724               
10      14             -0.133288651727688                 
7       40             -0.13373343051537248               
5       35             -0.13384222083680739               
8       28             -0.13406068369243807               
4       19             -0.13449164881113457               
10      18             -0.13490813784013095               
9       37             -0.1367819774099038                
10      25             -0.13708237977501153               
15      27             -0.13728798897958921               
9       28             -0.13729760953828124               
12      29             -0.1378167951386831                
1       32             -0.1378342036558298                
5       37             -0.1379428419694248                
9       39             -0.13805254202549644               
4       12             -0.13841384656215341               
15      32             -0.13843261366892715               
12      28             -0.13869578211042763               
3       20             -0.13904831811487914               
10      32             -0.13990815696824957               
16      34             -0.13998911513462436               
4       17             -0.14137691581809206               
36      37             -0.14171428893180477               
4       10             -0.14206975972549107               
27      31             -0.1422020776127053                
36      41             -0.14283564537363205               
10      36             -0.14336863456600107               
9       27             -0.14344338145526422               
33      40             -0.1434591427934309                
16      32             -0.14407598016163006               
21      37             -0.14464725908990428               
10      34             -0.14515493960495182               
16      18             -0.14584731332906176               
8       18             -0.14595834841105892               
11      40             -0.14600680350156525               
2       23             -0.14610544058764466               
5       26             -0.14625318783927446               
2       26             -0.14636384329137778               
10      35             -0.14686183078641646               
6       40             -0.14803715139618334               
15      26             -0.1484045978501689                
3       36             -0.14849411090665318               
33      38             -0.14907912275822188               
20      25             -0.14963296431820836               
3       17             -0.1499238718262526                
9       19             -0.15138928591188341               
5       21             -0.15294813939599294               
3       24             -0.15325515778390808               
1       12             -0.15354506827159223               
16      27             -0.15507346710499406               
4       18             -0.15519797260862528               
29      33             -0.15541914437907312               
8       40             -0.15550003868808285               
13      17             -0.1574769378504637                
4       24             -0.15776893026138422               
15      33             -0.15780623795106988               
21      33             -0.15834959609809596               
3       26             -0.15895755920184365               
8       35             -0.1603075766034794                
10      27             -0.16116020230438824               
7       37             -0.16121455044605285               
20      37             -0.16231383554244913               
17      35             -0.1640548044507253                
28      33             -0.16492287071794554               
11      19             -0.16552622654692628               
33      39             -0.16553868588717774               
23      36             -0.16631037776168367               
20      26             -0.16631575375392346               
2       17             -0.16920461577164217               
11      38             -0.17066263790652614               
17      32             -0.17099819478988812               
12      41             -0.17112796160362176               
13      32             -0.1717952852039667                
7       36             -0.17345336776534664               
36      38             -0.1736400935729655                
12      38             -0.17401227385986484               
20      36             -0.17473814765366918               
17      34             -0.17574967503814343               
12      39             -0.17595198709430382               
29      34             -0.17705195584809108               
24      31             -0.1783507666008907                
7       14             -0.17874414261451627               
4       35             -0.17890072593778794               
4       36             -0.17934093980501636               
20      35             -0.17991974070973424               
11      30             -0.18135706684012928               
20      32             -0.18231285772783262               
1       20             -0.18292787182579717               
8       31             -0.18297965409654562               
1       17             -0.18438634708775478               
36      40             -0.1860554346960261                
8       37             -0.18787378911293132               
34      41             -0.19012329932897698               
11      41             -0.19092795844345917               
2       7              -0.192871382940264                 
1       36             -0.19391833651824436               
17      27             -0.19483324537322982               
6       17             -0.19498412698603676               
19      33             -0.19848605143105896               
4       16             -0.198763765979407                 
33      41             -0.19907188225564665               
8       17             -0.2014371289139436                
24      36             -0.20205436234365182               
11      39             -0.20283415202647276               
7       25             -0.2039524488354864                
11      21             -0.20649408777809028               
2       31             -0.20776893821086706               
26      27             -0.20913884259493348               
7       16             -0.20935031588995714               
1       31             -0.2100370839682954                
8       20             -0.21066341337731634               
7       41             -0.21322128449459193               
10      33             -0.21354109571841773               
2       15             -0.21443218615545603               
6       16             -0.21637033633440406               
9       25             -0.21752190231455681               
20      27             -0.21770896078715934               
28      34             -0.22018443365261087               
6       20             -0.2222213773719216                
11      28             -0.22419778690998893               
19      34             -0.22496447044938034               
8       32             -0.22713977922634299               
7       38             -0.22983401447909152               
31      33             -0.23244367750818812               
7       19             -0.23465434508059477               
7       29             -0.2373245448473132                
9       33             -0.23922947412188122               
17      36             -0.24193532669432266               
7       26             -0.24259166350931205               
7       39             -0.24662769101492493               
4       31             -0.24785475615906927               
17      33             -0.249545069351171                 
34      39             -0.250033116487104                 
7       30             -0.25331126378721336               
19      36             -0.254320910610147                 
32      33             -0.27433158658817947               
20      33             -0.2780847504928867                
4       20             -0.2806799286306353                
2       21             -0.3136474587365838                
