#======================================================================
# PARAMETERS USED FOR THIS COMPUTATION: 
#	Sequence type: RNA
#	Total number of sequences in alignment data: 158
#	Length of sequences in alignment data: 35
#	Value of sequence identity: 0.8
#	lambda_h: 6.800000000000001
#	lambda_J: 6.800000000000001
#	Number of gradient decent iterations: 500
# The First and Second columns represent sites and the
# Third column is PLMDCA Frobenius norm, average product corrected (APC) DCA score
#======================================================================
3       24             0.28379534848424415                
2       25             0.2598477599209367                 
1       26             0.23154904625819034                
32      34             0.14837121137953369                
29      30             0.12775239116410178                
28      33             0.12305177031354304                
3       19             0.12008738356292506                
5       22             0.11285112071761383                
14      22             0.10878812053353111                
5       14             0.10404064099710214                
25      33             0.0993880795625468                 
29      33             0.09321251391888001                
26      27             0.09288384338312787                
30      31             0.09274994228874191                
28      35             0.08980732772641496                
25      28             0.08701111541348974                
27      28             0.08378691561809753                
29      31             0.07940541761721633                
2       33             0.07736451474132344                
2       28             0.07659536736973004                
34      35             0.07348006621523127                
28      29             0.07300613975490969                
3       27             0.06734554329696037                
32      33             0.06703398860221989                
24      25             0.0665105919670784                 
29      32             0.061215379010625584               
2       27             0.061005614829026084               
2       24             0.05929287031175347                
2       3              0.05904424951428354                
1       27             0.058720787194335156               
27      35             0.05725407176686623                
24      31             0.05721610417890938                
27      33             0.05604761688685435                
2       19             0.05167475332668736                
31      35             0.05062748696286114                
19      32             0.04946087706120118                
28      30             0.04916263595687498                
24      28             0.04885156403508449                
24      27             0.04647506440254433                
5       28             0.04600763844437333                
22      34             0.04500008944317578                
30      32             0.04293567278555363                
1       30             0.04292695038583186                
25      27             0.04245250028442349                
14      28             0.04134685013043446                
28      31             0.040628379535538314               
2       31             0.04034842568067286                
29      35             0.040175283093153574               
31      32             0.039524356828172444               
3       31             0.03855849599597863                
24      33             0.0381644138558752                 
25      30             0.03774772109524317                
5       34             0.03770462152688962                
33      35             0.03719954738698078                
30      35             0.035951913890830106               
22      28             0.035501914369883855               
14      33             0.034965588797614536               
3       25             0.03325562527513662                
25      31             0.03247311946875732                
14      35             0.032407954259126515               
1       29             0.031845297687655635               
27      30             0.03177773781263209                
31      33             0.03163773656292139                
6       20             0.03141057140661013                
8       20             0.03141057073196746                
17      20             0.031410568107676784               
13      20             0.03141056696597379                
10      20             0.03141056603185316                
11      20             0.031410565928061976               
20      21             0.031410564682567824               
18      20             0.03141056405982072                
15      20             0.031410563333282446               
16      20             0.03141056328138686                
7       20             0.03141056239916182                
9       20             0.03141056193210151                
12      20             0.03141056068660733                
6       13             0.03138169135942229                
8       13             0.03138169067726526                
10      12             0.03138167965847863                
11      12             0.03138167955353138                
6       7              0.0313816792911632                 
6       9              0.03138167881890064                
7       15             0.03138167866147977                
7       16             0.03138167860900615                
12      21             0.03138167829416448                
9       15             0.031381678189217194               
8       9              0.03138167813674357                
9       16             0.03138167813674357                
12      18             0.03138167766448102                
6       17             0.03138167761268071                
6       12             0.03138167755953378                
7       9              0.03138167724469203                
8       17             0.0313816769305237                 
12      15             0.03138167692985032                
8       12             0.031381676877376696               
12      16             0.031381676877376696               
10      21             0.0313816762483666                 
11      21             0.03138167614341937                
7       12             0.03138167598532514                
10      18             0.031381675618683186               
11      18             0.03138167551373594                
9       12             0.03138167551306255                
18      21             0.03138167425436911                
13      17             0.03138167320556985                
6       15             0.031381672785107756               
6       8              0.03138167273263413                
6       16             0.03138167273263413                
7       21             0.03138167257521331                
10      17             0.03138167226104477                
11      17             0.03138167215609752                
9       21             0.031381672102950744               
8       15             0.0313816721029507                 
15      16             0.0313816721029507                 
8       16             0.03138167205047708                
7       18             0.03138167194552986                
9       18             0.031381671473267286               
7       8              0.03138167115842555                
10      13             0.03138167110662518                
11      13             0.031381671001677935               
17      21             0.031381670896730746               
17      18             0.03138167026704734                
10      11             0.031381670057152825               
13      21             0.031381669742311144               
15      17             0.03138166953241671                
16      17             0.0313816694799431                 
13      18             0.03138166911262773                
7       17             0.031381668587891626               
13      15             0.03138166837799708                
13      16             0.03138166832552347                
9       17             0.03138166811562908                
6       10             0.03138166806315536                
6       11             0.03138166795820811                
7       13             0.03138166743347198                
10      15             0.03138166743347194                
8       10             0.03138166738099833                
10      16             0.03138166738099832                
11      15             0.031381667328524696               
8       11             0.03138166727605107                
11      16             0.03138166727605107                
9       13             0.031381666961209434               
12      17             0.031381666856262286               
6       21             0.031381666698841265               
7       10             0.03138166648894683                
7       11             0.03138166638399957                
15      21             0.031381666069157835               
6       18             0.03138166606915782                
9       10             0.03138166601668427                
8       21             0.031381666016684226               
16      21             0.031381666016684226               
9       11             0.03138166591173702                
12      13             0.031381665701842615               
15      18             0.03138166543947439                
8       18             0.03138166538700078                
16      18             0.03138166538700078                
2       32             0.030866987582609084               
2       35             0.030193360652963422               
14      34             0.029683869465577897               
17      23             0.029666445731390684               
10      23             0.029666443699352646               
11      23             0.02966644359775074                
21      23             0.02966644237852792                
18      23             0.0296664417689165                 
6       23             0.02966644166731458                
15      23             0.029666441057703163               
8       23             0.029666441006902217               
16      23             0.029666441006902217               
7       23             0.029666440143286052               
9       23             0.02966643968607749                
12      23             0.029666438466854655               
13      23             0.02966643716318916                
20      23             0.029570027328057052               
4       15             0.028361778117201808               
4       16             0.028361778067077806               
4       7              0.028361777214969658               
4       9              0.028361776763853597               
4       12             0.028361775560877392               
4       10             0.028361773273069657               
4       11             0.02836177317282164                
4       21             0.028361771969845448               
4       18             0.02836177136835734                
4       6              0.028361771268109306               
4       8              0.02836177061649721                
4       13             0.02836176672472121                
4       17             0.0283617603768688                 
4       20             0.028229597867067344               
24      32             0.02726280983264684                
4       23             0.02609541339432213                
19      25             0.026092498058147076               
2       30             0.025973316695762166               
27      31             0.025336859910496                  
25      35             0.024186253327371066               
29      34             0.02373381053981749                
3       33             0.02329075916415753                
22      35             0.02281552229101716                
1       24             0.021151676738650954               
2       34             0.01870697680380573                
24      29             0.018000887994777517               
5       33             0.017730010485340342               
27      29             0.01748767741849408                
19      27             0.017063494077721855               
1       33             0.016214628163455258               
19      24             0.01580891166575489                
19      34             0.01559213003509409                
3       28             0.01523625377781597                
28      32             0.014942297736919935               
5       35             0.014868970452522723               
1       3              0.014142366335873832               
31      34             0.011680906082848413               
2       29             0.011166140144995312               
5       32             0.009903648865354067               
1       31             0.009320427897555092               
24      35             0.009083354856252723               
22      33             0.008965388516855383               
3       32             0.008102646403046088               
3       30             0.00798944350029751                
25      32             0.007511378015412962               
1       35             0.007355514040231603               
27      34             0.0070054362042570595              
25      29             0.0064387529170043395              
26      29             0.006354108761659025               
26      28             0.00535739587096315                
19      30             0.0051998663343509055              
32      35             0.0051433211484224195              
22      31             0.00466888182008969                
24      30             0.0034630964882906984              
5       29             0.001339122098181586               
3       34             0.001222556016585108               
22      32             0.0011853114321064284              
5       31             0.0005182448085541413              
1       25             0.00041698107255340455             
27      32             -0.00032456229714017404            
19      23             -0.0019015478081828019             
14      32             -0.0020836816226429827             
19      26             -0.0026086800841630675             
7       14             -0.0028220038232780464             
9       14             -0.0028220043893855684             
12      14             -0.0028220058990056363             
14      21             -0.002822008506221843              
14      18             -0.002822009261031877              
14      15             -0.0028220101416435994             
14      16             -0.002822010204544423              
14      17             -0.0028220118053472742             
10      14             -0.0028220143213807114             
11      14             -0.002822014447182386              
13      14             -0.0028220206397462644             
6       14             -0.0028220242879947594             
8       14             -0.0028220251057056167             
14      20             -0.002840136556266956              
20      22             -0.002845969679256974              
21      22             -0.0028692192221202867             
18      22             -0.0028692199868148582             
6       22             -0.002869220114263951              
8       22             -0.002869220942683076              
7       22             -0.002869222026000373              
9       22             -0.0028692225995212983             
17      22             -0.002869229917461358              
13      22             -0.002869231319401394              
10      22             -0.0028692324664432445             
11      22             -0.0028692325938923513             
15      22             -0.0028692357801197166             
16      22             -0.00286923584384427               
12      22             -0.0028692390300716353             
3       29             -0.00291523329691748               
6       26             -0.0029448214762617525             
10      26             -0.00294482691939478               
11      26             -0.002944827019767171              
21      26             -0.002944828224235696              
18      26             -0.0029448288264699585             
15      26             -0.002944829529076612              
8       26             -0.0029448295792628004             
16      26             -0.0029448295792628004             
7       26             -0.0029448304324280056             
9       26             -0.0029448308841037024             
12      26             -0.002944832088572241              
13      26             -0.0029448334666239834             
17      26             -0.0029448398131084325             
30      34             -0.0030262213243008873             
5       20             -0.0031901017687256256             
5       18             -0.003191602763948767              
5       15             -0.003191603655933531              
5       16             -0.0031916037196467323             
5       13             -0.003191606646590364              
5       12             -0.0031916069053065516             
5       10             -0.003191607793427892              
5       11             -0.0031916079208542947             
5       21             -0.003191609449971003              
5       6              -0.0031916103419557806             
5       8              -0.003191611170227329              
5       7              -0.0031916122533516694             
5       9              -0.0031916128267704263             
5       17             -0.0031916201460612387             
19      22             -0.0033663119944052355             
20      26             -0.0037666523841340255             
4       19             -0.004047015690339287              
3       14             -0.004133944267930248              
1       2              -0.0042669415568343805             
22      23             -0.004592707589515951              
14      23             -0.004704298183303923              
14      29             -0.0047219397295021615             
19      20             -0.004816603249008539              
5       23             -0.004993319662082579              
26      33             -0.005017034475797655              
12      19             -0.005147148098415197              
10      19             -0.005147149239026372              
11      19             -0.005147149361550057              
19      21             -0.005147150831834174              
18      19             -0.005147151566976246              
6       19             -0.005147151689499932              
15      19             -0.005147152424642004              
8       19             -0.005147152485903847              
16      19             -0.005147152485903847              
7       19             -0.0051471535273551056             
9       19             -0.005147154078711649              
17      19             -0.0051471542391334085             
13      19             -0.005147155586893867              
22      29             -0.006232895999608773              
1       32             -0.006500894013611258              
4       22             -0.0067945266999560605             
4       14             -0.007063733145003054              
4       5              -0.007261452262042209              
23      26             -0.007303171445244144              
22      30             -0.007542755607962942              
26      31             -0.008187632654092183              
3       22             -0.008297110030721463              
25      34             -0.008956285555842908              
26      35             -0.009788564719195203              
4       26             -0.01032393009434672               
5       19             -0.011940031933828102              
19      31             -0.012486988247512376              
30      33             -0.013750025749039843              
23      30             -0.014099595249766436              
4       34             -0.01421654251643914               
3       35             -0.014239504685601978              
1       17             -0.01450046321280854               
1       13             -0.014500464461782561              
1       10             -0.014500465483670386              
1       11             -0.014500465597213491              
1       21             -0.01450046695973059               
1       18             -0.014500467640989154              
1       6              -0.014500467754532245              
1       15             -0.014500468435790809              
1       8              -0.01450046849256234               
1       16             -0.01450046849256234               
1       7              -0.014500469457678633              
1       9              -0.014500469968622545              
1       12             -0.014500471331139658              
23      25             -0.014512669919414203              
14      31             -0.014684527079968812              
1       20             -0.015078603106126506              
5       30             -0.015119627046971104              
3       26             -0.015254451660930007              
4       31             -0.015264470070603983              
19      29             -0.015346542115350317              
4       28             -0.015783853739301704              
1       14             -0.015833600722758634              
14      27             -0.01593464953730575               
33      34             -0.015935820588850652              
18      34             -0.016207105160343502              
17      34             -0.016207115300865285              
13      34             -0.01620711664360973               
10      34             -0.01620711774221882               
11      34             -0.01620711786428651               
21      34             -0.01620711932909863               
6       34             -0.01620712018357237               
15      34             -0.016207120915978437              
8       34             -0.016207120977012282              
16      34             -0.016207120977012282              
7       34             -0.01620712201458753               
9       34             -0.016207122563892076              
12      34             -0.01620712402870421               
19      33             -0.01622670219155846               
4       30             -0.016401885666190164              
20      34             -0.01667759144945545               
28      34             -0.017230790219205247              
26      30             -0.017278468162038763              
3       5              -0.01750360826195907               
1       23             -0.017526357091598346              
1       4              -0.017730103459281762              
23      34             -0.018481848700024353              
2       23             -0.018827863180746085              
26      32             -0.018911607425684013              
24      26             -0.022597054868163838              
14      19             -0.023530761057008673              
14      26             -0.023824405874587715              
1       5              -0.024016334291659627              
4       32             -0.024118651584528597              
26      34             -0.024481703117572834              
5       27             -0.025398800527597132              
20      30             -0.025959412380060623              
4       35             -0.026366588630181556              
14      30             -0.027022153027970994              
23      35             -0.027111394259156                 
1       22             -0.02751243332316819               
5       26             -0.027913813386779146              
17      35             -0.028291922695254157              
13      35             -0.02829192391610652               
10      35             -0.028291924914985722              
11      35             -0.028291925025972317              
21      35             -0.028291926357811248              
18      35             -0.02829192702373072               
6       35             -0.028291927134717315              
15      35             -0.028291927800636787              
8       35             -0.028291927856130078              
16      35             -0.028291927856130078              
7       35             -0.02829192879951599               
9       35             -0.02829192929895559               
12      35             -0.02829193063079455               
4       29             -0.02829789636728272               
15      30             -0.02845253419873496               
8       30             -0.0284525342490249                
16      30             -0.0284525342490249                
7       30             -0.028452535103954055              
9       30             -0.028452535556563602              
12      30             -0.028452536763522412              
17      30             -0.028452537022640126              
18      30             -0.028452537219965948              
6       30             -0.028452537320545854              
13      30             -0.02845253812901903               
10      30             -0.028452539034238125              
11      30             -0.028452539134818045              
21      30             -0.02845254034177684               
20      35             -0.02850806466005991               
22      26             -0.029733122358094916              
24      34             -0.02979446130605301               
11      32             -0.03024198042396002               
17      32             -0.03024198172624895               
15      32             -0.03024198330848546               
8       32             -0.030241983366175965              
16      32             -0.030241983366175965              
10      32             -0.030241984033869296              
21      32             -0.030241985533822513              
18      32             -0.030241986226108616              
13      32             -0.030241986720730432              
7       32             -0.030241988072204906              
9       32             -0.03024198859141948               
12      32             -0.030241989975991687              
6       32             -0.03024199006677994               
20      32             -0.031057269209216587              
15      25             -0.031808131421716665              
16      25             -0.031808131486181                 
7       25             -0.031808132582074725              
17      25             -0.03180813294157826               
9       25             -0.031808133162253754              
10      25             -0.03180813552015173               
11      25             -0.031808135649080416              
21      25             -0.03180813719622448               
18      25             -0.031808137969796535              
8       25             -0.0318081389367616                
13      25             -0.031808141810374266              
12      25             -0.031808142159978445              
6       25             -0.0318081529998864                
19      28             -0.03182050067193848               
17      24             -0.031957951404531726              
13      24             -0.0319579527183793                
10      24             -0.031957953793345484              
11      24             -0.03195795391278618               
21      24             -0.031957955346074415              
18      24             -0.03195795606271855               
15      24             -0.031957956898803375              
16      24             -0.031957956958523714              
12      24             -0.03195795994454091               
8       24             -0.03195796068381401               
9       24             -0.031957962236542944              
6       24             -0.03195796363273984               
7       24             -0.03195796542435016               
22      27             -0.031966787394493226              
4       24             -0.03229853003012144               
20      25             -0.03230720531074434               
23      32             -0.03252935544898905               
20      24             -0.032588395361666175              
1       28             -0.03262641749074778               
5       24             -0.03315859599726116               
20      29             -0.03336420178847366               
3       23             -0.03352161813679051               
17      31             -0.033959619542155095              
15      31             -0.03395962036190131               
16      31             -0.033959620411303876              
13      31             -0.03395962062901166               
7       31             -0.03395962125114757               
9       31             -0.033959621695770714              
12      31             -0.03395962288143241               
6       31             -0.033959623494360755              
8       31             -0.033959624136594174              
10      31             -0.03395962524354822               
11      31             -0.03395962534235336               
21      31             -0.033959626528015055              
18      31             -0.03395962712084591               
25      26             -0.03487605662976784               
20      31             -0.035085458931429114              
23      31             -0.035100872042054906              
2       10             -0.035754386573097666              
2       11             -0.035754386698691354              
2       17             -0.03575438778651446               
2       21             -0.035754388205815446              
2       18             -0.035754388959377506              
2       6              -0.03575438908497118               
2       13             -0.035754389168044895              
2       12             -0.03575438931588165               
2       15             -0.03575438983853324               
2       8              -0.035754389901330064              
2       16             -0.035754389901330064              
2       9              -0.035754391534047844              
2       7              -0.03575439469416661               
15      29             -0.0358785653494762                
16      29             -0.035878565395318515              
7       29             -0.035878566174637944              
9       29             -0.0358785665872188                
12      29             -0.03587856768743446               
6       29             -0.03587856852465868               
8       29             -0.035878569120608814              
13      29             -0.035878573316384776              
10      29             -0.03587857414154651               
11      29             -0.03587857423323115               
21      29             -0.035878575333446794              
18      29             -0.03587857588355463               
17      29             -0.03587857603314405               
13      27             -0.03610925409663701               
10      27             -0.036109255084098416              
11      27             -0.036109255193816345              
21      27             -0.03610925651043154               
17      27             -0.03610925661503005               
18      27             -0.03610925716873914               
8       27             -0.03610926171691395               
7       27             -0.03610926264951639               
9       27             -0.03610926314324708               
12      27             -0.03610926445986229               
6       27             -0.03610926472903768               
15      27             -0.03610926538734528               
16      27             -0.03610926544220425               
23      24             -0.03633119988874561               
4       25             -0.03648154890479573               
3       20             -0.03660372559102623               
2       20             -0.03662958907942271               
22      24             -0.03686767187074841               
3       16             -0.037390121214944255              
3       17             -0.037390122784443036              
3       21             -0.03739012323282369               
3       6              -0.03739012411814786               
3       13             -0.037390124175666686              
3       12             -0.0373901243768162                
3       15             -0.037390124876997125              
3       8              -0.037390124940234554              
3       10             -0.03739012531394058               
3       11             -0.03739012544041548               
3       7              -0.037390126015271016              
3       9              -0.03739012658440796               
3       18             -0.03739012771696326               
20      27             -0.03742117100389203               
3       4              -0.03826616870167118               
1       19             -0.03902757755600579               
23      27             -0.04155948766154881               
1       34             -0.041796131974082426              
17      33             -0.04192833454438129               
13      33             -0.04192833573781131               
8       33             -0.04192833586404515               
10      33             -0.04192833671425404               
7       33             -0.04192833678624108               
11      33             -0.041928336822747686              
9       33             -0.04192833727446245               
21      33             -0.04192833812467134               
18      33             -0.041928338775633164              
6       33             -0.04192833888412681               
15      33             -0.041928339535088635              
16      33             -0.04192833958933545               
12      33             -0.0419283423016764                
23      33             -0.0422275830945153                
2       4              -0.04226184865617251               
4       27             -0.042499400136943616              
2       26             -0.042583059071313434              
20      33             -0.04265398111542469               
4       33             -0.044218537879382666              
23      29             -0.045536021064945295              
23      28             -0.046245076683640696              
14      24             -0.04756968160589531               
20      28             -0.049022179944383126              
17      28             -0.05002456353944819               
15      28             -0.05002456393721719               
13      28             -0.05002456452539715               
10      28             -0.05002456533208266               
11      28             -0.05002456542171439               
8       28             -0.050024565844678195              
16      28             -0.050024565844678195              
21      28             -0.05002456649729506               
9       28             -0.05002456700989061               
18      28             -0.05002456703508541               
6       28             -0.050024567124717145              
12      28             -0.05002456808547129               
7       28             -0.050024568469192995              
14      25             -0.050866027427197855              
2       14             -0.05515540035288767               
19      35             -0.05561644967518581               
5       25             -0.05610790866730707               
22      25             -0.057900861775659535              
2       5              -0.060625521904205074              
2       22             -0.06255569955657836               
