#======================================================================
# PARAMETERS USED FOR THIS COMPUTATION: 
#      Sequence type: RNA
#      Total number of sequences in alignment data: 4
#      Length of sequences in alignment data: 28
#      Effective number of sequences: 1.1666666666666665
#      Value of sequence identity: 0.8
#      Value of relative pseudocount: 0.5
# The First and Second columns represent sites and the
# Third column is MFDCA Frobenius norm, average product corrected (APC) DCA score
#======================================================================
6       28             3.3074842702483456                 
18      19             0.8969807991536964                 
18      20             0.8969807991536956                 
19      20             0.8969807991536951                 
5       28             0.6073803051094167                 
5       6              0.6073803051094159                 
5       20             0.18792523452376433                
5       18             0.18792523452376425                
5       19             0.18792523452376425                
11      12             0.02966885578216627                
11      13             0.02966885578216588                
11      14             0.029668855782165604               
12      13             0.029668855782165438               
10      11             0.029668855782165382               
10      12             0.029668855782165326               
12      14             0.02966885578216505                
10      13             0.029668855782164993               
10      14             0.029668855782164827               
1       2              0.029668855782164827               
17      27             0.02966885578216455                
17      25             0.029668855782164494               
17      21             0.029668855782164494               
2       3              0.02966885578216444                
17      24             0.02966885578216444                
17      23             0.029668855782164383               
17      22             0.029668855782164327               
23      25             0.029668855782164272               
24      25             0.029668855782164272               
22      24             0.029668855782164272               
26      27             0.029668855782164272               
22      27             0.029668855782164272               
9       12             0.029668855782164272               
2       4              0.029668855782164216               
1       4              0.029668855782164216               
21      23             0.029668855782164216               
22      25             0.029668855782164216               
25      27             0.029668855782164216               
24      27             0.029668855782164216               
17      26             0.029668855782164216               
9       11             0.029668855782164216               
23      26             0.02966885578216416                
21      25             0.02966885578216416                
21      26             0.02966885578216416                
22      26             0.02966885578216416                
23      24             0.02966885578216416                
21      22             0.02966885578216416                
13      14             0.029668855782164105               
24      26             0.029668855782164105               
23      27             0.029668855782164105               
21      27             0.029668855782164105               
3       4              0.02966885578216405                
22      23             0.02966885578216405                
21      24             0.02966885578216405                
25      26             0.029668855782163994               
9       13             0.029668855782163994               
9       14             0.029668855782163772               
9       10             0.02966885578216355                
1       3              0.029668855782163495               
8       9              0.029668855782163384               
7       10             0.029668855782163273               
7       9              0.029668855782163273               
8       10             0.029668855782163217               
15      17             0.02966885578216316                
16      17             0.02966885578216305                
16      23             0.02966885578216294                
15      24             0.02966885578216294                
16      21             0.02966885578216294                
15      27             0.02966885578216294                
16      27             0.02966885578216294                
15      26             0.029668855782162884               
15      21             0.029668855782162884               
15      22             0.029668855782162884               
15      23             0.02966885578216283                
15      25             0.02966885578216283                
16      25             0.02966885578216283                
16      26             0.029668855782162773               
16      22             0.029668855782162773               
16      24             0.029668855782162717               
4       7              0.029668855782162606               
7       8              0.029668855782162495               
2       7              0.02966885578216244                
4       8              0.02966885578216244                
2       8              0.02966885578216233                
3       7              0.029668855782162162               
3       8              0.029668855782162162               
1       7              0.029668855782162162               
14      15             0.02966885578216205                
14      16             0.029668855782161996               
1       8              0.02966885578216194                
9       15             0.029668855782161163               
4       12             0.029668855782160997               
9       16             0.029668855782160886               
4       11             0.029668855782160886               
4       13             0.02966885578216083                
3       11             0.029668855782160775               
1       9              0.029668855782160775               
8       15             0.02966885578216072                
8       16             0.02966885578216072                
7       15             0.029668855782160664               
7       16             0.029668855782160608               
2       11             0.029668855782160608               
3       12             0.029668855782160608               
2       12             0.029668855782160553               
1       11             0.029668855782160553               
8       11             0.029668855782160497               
4       14             0.02966885578216044                
1       12             0.02966885578216044                
7       11             0.029668855782160386               
8       12             0.029668855782160386               
1       13             0.02966885578216033                
3       9              0.02966885578216033                
2       9              0.029668855782160275               
1       10             0.029668855782160275               
7       13             0.029668855782160275               
8       13             0.02966885578216022                
2       13             0.029668855782160164               
3       10             0.02966885578216011                
3       13             0.02966885578216011                
2       14             0.029668855782160053               
3       14             0.029668855782159997               
2       10             0.029668855782159997               
7       12             0.029668855782159997               
8       14             0.02966885578215972                
1       14             0.029668855782159664               
7       14             0.02966885578215961                
4       9              0.02966885578215961                
13      15             0.029668855782159553               
13      16             0.029668855782159553               
4       10             0.029668855782159498               
10      15             0.029668855782159054               
10      16             0.029668855782158998               
12      15             0.029668855782158388               
12      16             0.029668855782158388               
11      15             0.029668855782158055               
11      16             0.029668855782158055               
1       15             0.02966885578215772                
4       24             0.029668855782157666               
3       15             0.02966885578215761                
3       16             0.02966885578215761                
4       26             0.02966885578215761                
4       17             0.02966885578215761                
1       16             0.029668855782157555               
4       23             0.0296688557821575                 
4       25             0.029668855782157444               
4       22             0.029668855782157444               
4       27             0.029668855782157444               
15      16             0.02966885578215739                
2       15             0.029668855782157333               
4       21             0.029668855782157333               
3       17             0.029668855782157333               
2       23             0.029668855782157222               
2       26             0.029668855782157222               
3       23             0.029668855782157222               
3       26             0.029668855782157222               
2       17             0.029668855782157222               
8       21             0.029668855782157222               
2       24             0.029668855782157166               
3       25             0.029668855782157166               
3       21             0.029668855782157166               
8       17             0.029668855782157166               
2       16             0.02966885578215711                
2       27             0.02966885578215711                
3       22             0.02966885578215711                
3       24             0.02966885578215711                
7       17             0.02966885578215711                
3       27             0.029668855782157055               
8       26             0.029668855782157055               
7       21             0.029668855782157055               
4       16             0.029668855782157                  
2       25             0.029668855782157                  
1       17             0.029668855782157                  
8       22             0.029668855782157                  
8       24             0.029668855782157                  
8       27             0.029668855782157                  
2       21             0.029668855782156944               
2       22             0.029668855782156944               
8       23             0.029668855782156944               
4       15             0.02966885578215689                
1       26             0.02966885578215689                
1       24             0.02966885578215689                
1       27             0.02966885578215689                
8       25             0.02966885578215689                
7       22             0.02966885578215689                
7       27             0.02966885578215689                
1       23             0.029668855782156833               
13      21             0.029668855782156833               
7       26             0.029668855782156833               
1       25             0.029668855782156778               
1       22             0.029668855782156722               
7       23             0.029668855782156722               
7       25             0.029668855782156722               
1       21             0.029668855782156667               
7       24             0.029668855782156667               
13      17             0.029668855782156667               
13      23             0.02966885578215661                
13      25             0.02966885578215661                
13      26             0.02966885578215661                
13      22             0.029668855782156556               
13      27             0.029668855782156556               
13      24             0.0296688557821565                 
12      17             0.029668855782156445               
14      17             0.02966885578215639                
14      21             0.029668855782156334               
14      22             0.029668855782156334               
14      27             0.029668855782156334               
14      26             0.029668855782156278               
14      24             0.029668855782156278               
14      23             0.029668855782156223               
14      25             0.029668855782156167               
12      22             0.02966885578215611                
9       17             0.02966885578215611                
10      17             0.029668855782156056               
12      27             0.029668855782156056               
12      21             0.029668855782156                  
12      24             0.029668855782156                  
11      17             0.029668855782156                  
12      23             0.029668855782155945               
12      25             0.029668855782155945               
10      26             0.02966885578215589                
10      27             0.02966885578215589                
12      26             0.02966885578215589                
9       27             0.02966885578215589                
10      24             0.029668855782155834               
9       22             0.029668855782155834               
9       24             0.029668855782155834               
11      26             0.029668855782155834               
10      22             0.02966885578215578                
9       23             0.02966885578215578                
9       25             0.02966885578215578                
11      21             0.02966885578215578                
10      23             0.029668855782155668               
10      21             0.029668855782155668               
9       26             0.029668855782155668               
11      22             0.029668855782155668               
11      24             0.029668855782155668               
11      27             0.029668855782155668               
9       21             0.029668855782155612               
11      23             0.029668855782155612               
11      25             0.029668855782155612               
10      25             0.029668855782155557               
19      27             -0.07631656785838822               
19      24             -0.07631656785838828               
18      27             -0.07631656785838828               
19      23             -0.0763165678583883                
19      25             -0.0763165678583883                
18      24             -0.0763165678583883                
20      27             -0.0763165678583883                
19      22             -0.07631656785838833               
18      23             -0.07631656785838836               
19      26             -0.07631656785838836               
20      21             -0.07631656785838836               
20      22             -0.07631656785838836               
20      24             -0.07631656785838836               
18      21             -0.07631656785838836               
18      22             -0.07631656785838836               
19      21             -0.07631656785838836               
20      23             -0.07631656785838839               
18      26             -0.07631656785838839               
20      25             -0.07631656785838842               
20      26             -0.07631656785838842               
18      25             -0.07631656785838842               
8       18             -0.07631656785838886               
8       19             -0.07631656785838892               
17      18             -0.07631656785838892               
17      20             -0.07631656785838895               
8       20             -0.07631656785838897               
17      19             -0.076316567858389                 
2       20             -0.07631656785838906               
2       19             -0.07631656785838906               
1       19             -0.07631656785838906               
1       20             -0.07631656785838914               
2       18             -0.07631656785838917               
1       18             -0.07631656785838917               
4       20             -0.07631656785838925               
10      19             -0.07631656785838925               
4       19             -0.07631656785838928               
10      20             -0.07631656785838928               
4       18             -0.0763165678583893                
10      18             -0.0763165678583893                
12      19             -0.07631656785838975               
12      20             -0.07631656785838978               
11      19             -0.07631656785838978               
12      18             -0.07631656785838978               
9       18             -0.07631656785838983               
9       20             -0.07631656785838986               
9       19             -0.07631656785838986               
3       20             -0.07631656785838989               
3       18             -0.07631656785838989               
3       19             -0.07631656785838989               
11      20             -0.07631656785838992               
7       18             -0.07631656785838994               
11      18             -0.07631656785838997               
7       19             -0.07631656785839                  
7       20             -0.07631656785839006               
16      20             -0.07631656785839017               
16      19             -0.07631656785839017               
16      18             -0.0763165678583902                
15      19             -0.07631656785839025               
15      20             -0.07631656785839028               
15      18             -0.0763165678583903                
14      20             -0.07631656785839042               
14      18             -0.07631656785839044               
14      19             -0.07631656785839044               
13      20             -0.07631656785839064               
13      19             -0.07631656785839067               
13      18             -0.07631656785839072               
2       5              -0.08242538113639303               
3       5              -0.08242538113639311               
1       5              -0.08242538113639336               
4       5              -0.08242538113639411               
5       7              -0.08242538113639489               
5       8              -0.082425381136395                 
5       9              -0.08242538113639525               
5       11             -0.08242538113639525               
5       10             -0.08242538113639536               
5       12             -0.08242538113639536               
5       13             -0.08242538113639539               
5       14             -0.08242538113639589               
5       27             -0.08242538113639727               
5       17             -0.0824253811363973                
5       16             -0.08242538113639733               
5       24             -0.08242538113639733               
5       15             -0.08242538113639739               
5       22             -0.08242538113639739               
5       23             -0.08242538113639741               
5       25             -0.08242538113639741               
5       26             -0.08242538113639744               
5       21             -0.08242538113639744               
1       6              -0.15243831665377017               
1       28             -0.15243831665377094               
2       6              -0.15243831665377108               
3       6              -0.15243831665377122               
4       6              -0.1524383166537716                
8       28             -0.15243831665377164               
2       28             -0.15243831665377192               
7       28             -0.152438316653772                 
4       28             -0.1524383166537722                
3       28             -0.15243831665377228               
11      28             -0.15243831665377233               
10      28             -0.15243831665377247               
12      28             -0.15243831665377247               
6       12             -0.15243831665377292               
6       13             -0.15243831665377294               
6       11             -0.15243831665377294               
9       28             -0.15243831665377305               
6       8              -0.1524383166537734                
6       7              -0.15243831665377344               
6       14             -0.15243831665377358               
13      28             -0.15243831665377358               
6       9              -0.1524383166537737                
14      28             -0.1524383166537738                
6       10             -0.1524383166537739                
17      28             -0.15243831665377436               
27      28             -0.15243831665377452               
24      28             -0.15243831665377455               
23      28             -0.15243831665377458               
21      28             -0.15243831665377458               
22      28             -0.15243831665377458               
6       17             -0.15243831665377458               
25      28             -0.15243831665377464               
26      28             -0.15243831665377464               
6       27             -0.1524383166537747                
6       24             -0.15243831665377472               
6       22             -0.15243831665377475               
6       23             -0.1524383166537748                
6       21             -0.1524383166537748                
6       25             -0.15243831665377483               
6       26             -0.15243831665377483               
6       15             -0.1524383166537761                
6       16             -0.15243831665377616               
16      28             -0.15243831665377672               
15      28             -0.1524383166537768                
19      28             -0.17519799896051338               
20      28             -0.1751979989605134                
18      28             -0.1751979989605134                
6       20             -0.17519799896051388               
6       19             -0.1751979989605139                
6       18             -0.17519799896051402               
