#======================================================================
# PARAMETERS USED FOR THIS COMPUTATION: 
#	Sequence type: RNA
#	Total number of sequences in alignment data: 92
#	Length of sequences in alignment data: 37
#	Value of sequence identity: 0.8
#	lambda_h: 7.2
#	lambda_J: 7.2
#	Number of gradient decent iterations: 500
# The First and Second columns represent sites and the
# Third column is PLMDCA Frobenius norm, average product corrected (APC) DCA score
#======================================================================
5       34             0.25523900155418877                
14      25             0.21804781079540925                
2       37             0.20746226527045591                
3       36             0.17808892794206188                
16      22             0.1562148397223063                 
12      27             0.1353840125602946                 
15      23             0.13033449595558802                
6       32             0.12688679511655115                
4       35             0.12264912154505563                
9       22             0.12131561491356535                
26      27             0.11258662191768896                
12      26             0.10893811878961616                
6       14             0.10636259427684204                
6       25             0.1046474239965244                 
13      26             0.10451825208987597                
8       17             0.10252874003891954                
2       13             0.09585124720842927                
13      37             0.09584178740256716                
7       17             0.09443172734607737                
10      14             0.09388271276628538                
10      25             0.0937491792430538                 
10      29             0.09305777618656975                
29      35             0.08602381881207534                
4       29             0.08553084322352833                
18      23             0.08215043409086367                
5       9              0.08094946491919164                
9       34             0.08075580084518555                
22      29             0.0805017333168771                 
17      26             0.0801255203172095                 
11      28             0.07958036233305371                
11      34             0.07904984553920816                
5       11             0.07827766386516358                
7       26             0.0769994894117157                 
2       35             0.07246230717476013                
1       36             0.07243067083029536                
2       4              0.0716188689293557                 
35      37             0.07156913760741426                
4       37             0.07067815632906534                
16      18             0.07017800501551268                
8       30             0.06866018701712187                
15      18             0.06663060766336848                
11      32             0.06576204439472015                
16      30             0.06541794940071079                
1       2              0.06295426727362623                
1       13             0.06295080900367815                
9       16             0.06276117204938336                
12      18             0.06255636604369827                
18      27             0.062330953778078596               
1       37             0.062100109846601                  
16      17             0.060095315557109466               
14      32             0.05857807786400475                
1       26             0.05825839527324153                
3       10             0.057730446795188115               
25      32             0.05759954091295191                
29      36             0.05748233134018277                
14      29             0.05635454160498628                
25      29             0.05624607382357637                
15      24             0.055489512530793345               
2       7              0.05299097927136717                
7       37             0.0527303113849011                 
8       36             0.05269878166847518                
5       36             0.05245278611883303                
7       21             0.052231192290056724               
11      18             0.05200007568939753                
34      36             0.05101547398354131                
21      32             0.050939517783592375               
21      30             0.0485392200878194                 
10      28             0.047939037422797606               
19      33             0.04782358580554697                
31      33             0.04763603436922208                
19      31             0.04763603166909818                
20      33             0.04760387976585619                
19      20             0.047603869613487414               
13      27             0.047423997485642924               
20      31             0.047399635920551735               
11      36             0.04736971275976973                
8       9              0.04704512893981688                
22      35             0.0457546809055417                 
6       16             0.04570184897439669                
4       22             0.04510385848209025                
1       3              0.043964524244658215               
19      24             0.04315072675859931                
24      33             0.043150722329160895               
24      31             0.04274607971875829                
20      24             0.042723594842603296               
12      13             0.042269014967702745               
20      23             0.041974765926844945               
28      30             0.04175652172209776                
1       12             0.041532353835735475               
1       27             0.041126255089811256               
3       25             0.04105405489584943                
3       14             0.040454007288049196               
23      33             0.03890784579383666                
19      23             0.038907835637130635               
15      31             0.038755494983472714               
15      20             0.03853162246251865                
8       14             0.03845463594779236                
23      31             0.038228905699636946               
2       29             0.038133433971971914               
29      37             0.037416816682371526               
8       25             0.03735890361253133                
22      36             0.03599169598565141                
15      19             0.03549477342632872                
15      33             0.035494768674090314               
7       28             0.03519020310196967                
30      32             0.034381228637483954               
6       30             0.033969729844831986               
6       8              0.033278786856792156               
6       21             0.032531502402011955               
14      17             0.03236070233571428                
7       13             0.031454008953875234               
17      25             0.03133289654764443                
11      12             0.03118924472676425                
8       28             0.03111714347000294                
11      27             0.03101174248400311                
6       10             0.030952107668698423               
18      26             0.030902166904071465               
3       8              0.030508960167825172               
6       28             0.030493626878123042               
23      24             0.028976706164236206               
30      36             0.028961417239939863               
16      29             0.028782062524740845               
9       32             0.028440337510683575               
21      33             0.02836516304404535                
19      21             0.028365160434447118               
3       9              0.028339674306860824               
21      31             0.027874188470086353               
20      21             0.02783246172456872                
3       29             0.027823574491786657               
7       9              0.027016194621793846               
7       24             0.026689149923297864               
13      30             0.025944113685295853               
32      34             0.025904584735274114               
7       22             0.02561481353204434                
5       32             0.02532841029053605                
9       11             0.025014817037278675               
18      21             0.02492145425541009                
4       31             0.023141271083006176               
1       11             0.02307434396691034                
14      21             0.022834899820977014               
18      30             0.022826021889048684               
21      25             0.022436202873898414               
17      28             0.022258584942710463               
1       18             0.02204065539315117                
7       15             0.021813520059382918               
6       13             0.02148979283288502                
11      37             0.021207463631398693               
12      33             0.02119727043158222                
12      19             0.02119726858064623                
27      33             0.02105731439434877                
19      27             0.021057312549792345               
3       12             0.02103138422341959                
12      20             0.02088895281415777                
12      31             0.020844069272755783               
20      27             0.02075118774484505                
3       27             0.02073270166318268                
27      31             0.020707386921317267               
9       36             0.02062475041676634                
5       18             0.019859284866029586               
2       11             0.019707280231226226               
33      35             0.019367141824401995               
19      35             0.01936713268610253                
20      35             0.01913793293220442                
31      35             0.019088488501924364               
10      33             0.01898285870038674                
10      19             0.0189828569842794                 
10      31             0.01878193197208375                
10      20             0.01869396999393723                
4       33             0.018689320287660127               
4       19             0.01868929620383164                
6       17             0.018594972823770414               
4       20             0.01842222029876063                
22      32             0.01823292128686617                
21      24             0.018124135784443315               
18      34             0.018092952663176953               
3       32             0.018064425371654452               
12      36             0.017497380774181767               
10      22             0.017411597112350408               
5       22             0.017395101607821012               
27      36             0.017191518107032316               
25      36             0.017121065464471785               
5       29             0.017032474694357314               
22      34             0.016757997114237366               
26      28             0.016477888360324947               
3       37             0.016440411425876378               
29      34             0.016238135964965955               
14      36             0.01597876994757863                
25      28             0.015327477208407006               
14      28             0.01504198462280025                
2       3              0.014684568849764101               
1       9              0.014411004090378404               
5       8              0.014339712612622332               
21      23             0.014268266345744574               
8       34             0.014177369535822007               
5       28             0.013951993806031071               
9       17             0.013907029374985502               
15      16             0.013674022795609642               
13      32             0.013645128806747606               
24      35             0.013461450430453659               
12      24             0.013385986482639459               
24      27             0.013284432386522119               
28      34             0.013253647187230488               
1       22             0.013052211501899474               
28      32             0.013011326272688306               
24      30             0.012939667946432962               
20      30             0.012765382396590086               
8       24             0.012658893327012685               
16      21             0.012530750465208518               
5       35             0.012462847875705785               
17      22             0.012360140961899843               
10      24             0.012318598285944005               
4       24             0.012316010093096325               
6       18             0.012261830527260043               
9       26             0.012236770941111239               
1       7              0.012221073047318856               
34      35             0.012071031415307285               
6       11             0.011896676656339866               
1       17             0.011522789742118941               
4       5              0.011419193211501102               
28      36             0.011045165678123692               
4       34             0.010986111861466655               
19      30             0.010850090674056193               
30      33             0.01085008438197077                
30      31             0.010413199807723816               
7       19             0.010148191794384018               
7       33             0.010148186304184223               
4       15             0.010058383421086475               
4       23             0.009816260950621339               
7       20             0.00969622738732405                
7       31             0.009594452206933737               
15      21             0.009316874266809834               
28      29             0.009268532214821434               
22      26             0.009067319665740592               
2       6              0.008268603973272795               
10      16             0.008092156311282378               
23      35             0.007714437429261284               
12      23             0.0073164538167226345              
23      27             0.0072534373714453065              
10      23             0.00721274235015934                
2       22             0.0069490266528256794              
9       18             0.006505265824986922               
17      24             0.006216960664351165               
22      37             0.006212332821008748               
1       34             0.005749363944413874               
18      32             0.0055843619266940925              
6       37             0.005434223122808321               
6       29             0.005363017506075124               
9       30             0.004946285060380584               
8       33             0.0049371362710551175              
8       19             0.004937127426869567               
3       11             0.004910890955206498               
11      16             0.004454963239430815               
8       31             0.004391834310847401               
10      36             0.004320226773504174               
8       20             0.004281684773386446               
1       16             0.0039012197435943224              
15      35             0.0038266755689580767              
10      15             0.003644681804109262               
1       5              0.0029361866763649574              
24      28             0.0028665538243751176              
12      15             0.0027627390460752133              
15      27             0.002711522753907472               
16      23             0.002389812129572441               
13      15             0.0022957074857618553              
16      35             0.0019079868496094804              
8       11             0.001802544614444762               
11      26             0.0016676779893873284              
23      30             0.0013773709478461377              
18      24             0.000441681722103765               
4       16             0.00042747062749243225             
13      23             0.00032717104652475737             
13      17             8.908227232223842e-05              
26      36             -0.0004002113739942914             
13      34             -0.0004111675598667264             
16      26             -0.0005364647701434633             
22      25             -0.0005518545049316148             
18      31             -0.0006808838864093697             
19      32             -0.0007687329314564895             
32      33             -0.0007687465828577073             
18      20             -0.0008472065343997359             
14      22             -0.0008655736006160236             
20      28             -0.0009198130015334594             
26      34             -0.0010396937351779684             
15      30             -0.001062159686401179              
31      32             -0.001290061103902257              
9       37             -0.001340988878321514              
11      13             -0.001373525789920449              
20      32             -0.0013997190723520347             
2       9              -0.0017634160183049863             
28      33             -0.0018189955790230417             
19      28             -0.0018189961743389077             
28      31             -0.0018691695135570757             
2       17             -0.0020512397092781742             
5       26             -0.002079747697973991              
17      37             -0.0021809266844418362             
5       13             -0.0021922713327336696             
32      36             -0.0023802059461482394             
21      35             -0.00266304838438991               
35      36             -0.0027436068965731447             
8       16             -0.0028300965164460706             
4       36             -0.0035094006656583854             
17      19             -0.0036438153478184354             
17      33             -0.0036438216664858303             
10      21             -0.0037694639463395907             
21      28             -0.0038296774108063925             
18      19             -0.0039177794172920305             
18      33             -0.003917786026528328              
4       21             -0.00398210373250292               
17      20             -0.004044616472580906              
17      31             -0.004233577626655383              
4       28             -0.0044198122737428985             
13      24             -0.004523209246036539              
7       34             -0.005279518118928239              
9       25             -0.00547341817517924               
28      35             -0.005648124967585891              
1       29             -0.005714747217249516              
14      16             -0.005887122121303337              
12      21             -0.005898714206528433              
13      33             -0.005944292521074215              
13      19             -0.005944300218915219              
13      20             -0.005948004826043837              
21      27             -0.006009536859820225              
13      31             -0.006114065233765564              
5       7              -0.006153159256127569              
3       5              -0.0062755687018369866             
9       14             -0.006304005227775383              
26      33             -0.006373899917201747              
19      26             -0.006373901062509318              
7       23             -0.006428635854127951              
20      26             -0.00675255535464335               
22      28             -0.006856792610280715              
16      25             -0.006881649478876206              
26      31             -0.006922944248512586              
3       34             -0.007097482288009882              
9       28             -0.007330551799042878              
1       24             -0.007735742001831095              
8       23             -0.008155274871676832              
14      30             -0.008286824487954356              
3       26             -0.008468695602150675              
23      28             -0.008535791928221945              
11      17             -0.009013758214567166              
3       21             -0.009486888725561554              
16      24             -0.009560158791849432              
25      30             -0.009583163511515697              
7       16             -0.009767760051777458              
10      12             -0.009887997118291997              
10      27             -0.009984065268948406              
13      21             -0.010311325702199461              
3       28             -0.010406668647629708              
14      24             -0.010498406658011702              
12      35             -0.01055790388068542               
15      28             -0.010565736563472136              
29      33             -0.010627538942728845              
19      29             -0.010627547208898927              
27      35             -0.010649619197282092              
1       15             -0.01065681926311765               
24      25             -0.010727664016386598              
17      34             -0.010792093511668072              
29      31             -0.010952978974414301              
20      29             -0.010967079877741301              
1       23             -0.011119838176267674              
8       22             -0.011176611635090164              
6       22             -0.011308572643218856              
26      37             -0.011432007765345309              
2       26             -0.011524103067332953              
4       12             -0.011583988786250304              
4       27             -0.011660496678201487              
2       21             -0.011802405313086628              
5       17             -0.011834719438017324              
21      37             -0.011979066538334082              
3       30             -0.012383224003788995              
3       7              -0.01247359012519382               
12      16             -0.012507814390692804              
2       5              -0.012652008466721348              
36      37             -0.012668127468880908              
2       34             -0.012702213242489796              
22      30             -0.012705991794130109              
3       6              -0.012743897752824293              
23      32             -0.012744891169961858              
1       8              -0.012839510287562653              
16      27             -0.012854388443070616              
2       36             -0.012932236486574988              
12      30             -0.013000754878452578              
27      30             -0.013169004181403363              
14      19             -0.013259730987832744              
14      33             -0.013259737687187245              
25      33             -0.01331302518874225               
19      25             -0.01331304083851606               
5       37             -0.013379172848855647              
34      37             -0.013449698784161829              
12      28             -0.013705321684154087              
14      31             -0.013769661393752977              
27      28             -0.01380129514204037               
14      20             -0.01381021835393055               
25      31             -0.013832769270407191              
20      25             -0.013872324070923633              
24      32             -0.014021251418644826              
3       17             -0.014222457910964076              
10      35             -0.014487046011265853              
16      31             -0.014493587516795886              
16      20             -0.014531328186667442              
17      36             -0.01488083130913187               
16      19             -0.014883375015452088              
16      33             -0.014883382111781945              
2       18             -0.014930895451929646              
13      36             -0.014960718784185811              
4       10             -0.015165528429577496              
8       18             -0.01520875361213539               
6       24             -0.015280806786990522              
18      37             -0.015395668136488724              
17      23             -0.015402885493994087              
8       15             -0.015578772606070712              
10      30             -0.015649335245319126              
4       13             -0.016209793298311098              
24      26             -0.01638411128389297               
15      17             -0.016795197616104457              
6       34             -0.016937302787663228              
13      35             -0.017388399081807268              
16      36             -0.017564663576252554              
5       6              -0.018532923142860508              
30      35             -0.018569416836681785              
24      29             -0.018869892424259502              
4       30             -0.019287327371712598              
3       4              -0.01956066603152702               
15      32             -0.019578832306113514              
11      33             -0.019838258184349422              
11      19             -0.019838258444277557              
30      37             -0.020087118981641006              
11      20             -0.020249948851738434              
11      23             -0.020253787354646335              
11      31             -0.020366877840681544              
3       35             -0.02087421725724732               
13      29             -0.021054280165317574              
2       30             -0.021340375870753672              
18      22             -0.021503138610582326              
23      26             -0.021504196046980256              
11      21             -0.021732809858296523              
11      15             -0.021953684537585977              
3       15             -0.022051925722200577              
7       10             -0.022197500861220368              
6       9              -0.02224061153644563               
11      24             -0.022429238945001942              
25      34             -0.02244385307393229               
8       27             -0.022656978760027036              
7       12             -0.022711953203953777              
8       12             -0.022844009453971692              
7       35             -0.022932958613091442              
14      23             -0.02297376394758302               
7       27             -0.023146068079096443              
14      34             -0.023240823876559374              
5       25             -0.023308051159219273              
16      32             -0.023432185401582428              
2       33             -0.02372968704500808               
2       19             -0.02372968732869389               
33      37             -0.023803920988936925              
19      37             -0.023803921291553343              
23      25             -0.023906463086608265              
2       20             -0.02398411880499275               
7       30             -0.024049642041372096              
5       14             -0.02406854925948268               
20      37             -0.024072527166040913              
3       23             -0.024164124182573493              
2       31             -0.02430228272568874               
4       7              -0.024324729633587436              
10      13             -0.02435293420899068               
31      37             -0.02439282999821088               
1       6              -0.0244340219459227                
5       30             -0.024454865482347543              
23      29             -0.02445586079611245               
3       22             -0.02507706559014511               
30      34             -0.02526523081037034               
7       11             -0.025283951391018952              
26      30             -0.025637412556057518              
15      26             -0.02581590914275128               
5       15             -0.02619554381539453               
1       35             -0.026365466107109617              
14      15             -0.026664121866383353              
8       21             -0.027043384887945374              
1       21             -0.02704777349543558               
1       4              -0.02707597736578428               
9       19             -0.02748060413143781               
9       33             -0.02748061143121279               
1       32             -0.027569662847495194              
9       29             -0.027717772569541776              
12      32             -0.027835499957575005              
5       23             -0.027881547877230226              
9       31             -0.02800064046248553               
9       20             -0.02800673585112315               
3       19             -0.02829151952780226               
3       33             -0.028291534108681987              
15      29             -0.028301536243931225              
6       19             -0.02848631471791961               
6       33             -0.02848631773134519               
3       31             -0.028562162444351502              
15      25             -0.028600585950920562              
17      30             -0.028607671743770977              
18      28             -0.02875094301354393               
3       20             -0.028766493661455686              
2       24             -0.029054060855533984              
3       24             -0.029069053385093566              
24      37             -0.02915497449314182               
1       10             -0.02924354485029916               
8       10             -0.029369139935732674              
6       31             -0.02943062906957787               
15      34             -0.029506563131443023              
6       20             -0.029547482167745998              
6       15             -0.02955714734935891               
4       18             -0.02979130173111036               
2       23             -0.029800469759565726              
23      37             -0.02986761385542057               
8       35             -0.029876299663421937              
8       13             -0.029960855665730562              
13      25             -0.030042497682136404              
1       31             -0.030169252922054274              
12      17             -0.030201181315077485              
17      27             -0.03037739735956456               
21      34             -0.030441045114456028              
2       15             -0.030634061178039476              
23      34             -0.03082398352190073               
9       15             -0.0308338167048422                
5       21             -0.031089208485003086              
15      37             -0.031147148082564066              
4       8              -0.03118859185211524               
13      14             -0.03132037567278732               
9       23             -0.031323519382125714              
1       33             -0.0313961495929167                
1       19             -0.0313961543353254                
25      37             -0.031809739342046714              
27      32             -0.03209040535070737               
24      34             -0.03212687944740933               
1       20             -0.032402444081381834              
5       24             -0.03249157298686878               
14      37             -0.03253612643109227               
9       24             -0.03256079960095269               
11      22             -0.03288261895102257               
32      37             -0.03290510439897178               
10      32             -0.0329237988215486                
2       25             -0.03293302405349552               
19      34             -0.033030531407531816              
33      34             -0.033030538837457296              
18      25             -0.03311446900115378               
5       19             -0.03325688343612171               
5       33             -0.03325689088181499               
31      34             -0.03327383109799795               
20      34             -0.03333106296838738               
21      26             -0.03341605001912308               
5       31             -0.033492932352827076              
5       20             -0.0335506515232991                
2       14             -0.03362619534954481               
32      35             -0.033627511418242495              
11      29             -0.03363452353684361               
29      30             -0.033713096694205164              
10      18             -0.03386589398489469               
8       32             -0.033896988251258864              
17      32             -0.033955087367124714              
2       32             -0.03402776132161904               
17      21             -0.03476913203449965               
7       36             -0.03479458074205696               
4       32             -0.03482312698949211               
18      36             -0.03483253399574182               
12      34             -0.03507859625570027               
2       16             -0.03512380150161282               
18      35             -0.035182876195311005              
21      29             -0.035275015222193035              
4       11             -0.0353250234100425                
27      34             -0.03532754270992457               
8       37             -0.03540800831787262               
5       12             -0.03571738868159782               
11      35             -0.03585581755568612               
5       27             -0.03596369662977164               
14      18             -0.03606167304553555               
9       21             -0.03623274748715197               
2       8              -0.0363834579090799                
17      18             -0.03652915509284238               
25      27             -0.03653358134347813               
12      25             -0.03653891320125348               
10      26             -0.036696686827535865              
14      27             -0.03671816045772798               
12      14             -0.036732554299651596              
16      37             -0.03693963231966682               
6       36             -0.03724683832452602               
10      17             -0.037266914680171015              
10      11             -0.03727588128140509               
5       10             -0.0373435400152608                
26      35             -0.03736190429918912               
10      34             -0.037625476424227214              
17      35             -0.0376321106482799                
9       12             -0.037678369448314444              
9       27             -0.0377910016564955                
7       18             -0.03807206700132183               
4       26             -0.0384674923776742                
7       8              -0.0388264118847757                
23      36             -0.03904397206981232               
4       17             -0.039064116257355466              
4       9              -0.0392326658343969                
9       35             -0.03994541137698705               
22      33             -0.04000635649905243               
19      22             -0.040006356869714974              
15      36             -0.04005656317640714               
27      37             -0.040411580662323185              
12      37             -0.04044026125850689               
9       10             -0.040490838603115795              
22      31             -0.04051527179303668               
20      22             -0.04052125411864635               
6       12             -0.04068504546630081               
2       27             -0.04084201356314403               
2       12             -0.04086398223451011               
6       27             -0.040875427373425366              
12      29             -0.04128114471356606               
27      29             -0.04133016037804456               
16      28             -0.04148402693917144               
25      35             -0.04181942317335506               
14      35             -0.041893081239101224              
4       25             -0.04235051607500814               
4       14             -0.042433380752720684              
10      37             -0.04249114333610743               
2       10             -0.04269061430318588               
6       26             -0.04270753296438831               
6       23             -0.04273514838640709               
26      32             -0.04282731521039533               
21      36             -0.043076344484209314              
15      22             -0.043154790512655875              
13      16             -0.043598740376525974              
22      23             -0.04397677128908828               
13      22             -0.04431836506817585               
9       13             -0.044475073222763395              
7       32             -0.045531501286313225              
22      24             -0.04603386093598284               
7       25             -0.046348298810958394              
7       14             -0.04659758934232705               
4       6              -0.04733121238075254               
6       35             -0.04742670671467565               
1       14             -0.04831647752452098               
1       25             -0.04834696339624607               
21      22             -0.04835514378144565               
28      37             -0.0486599724429391                
1       30             -0.049796777445399815              
2       28             -0.04992672442548149               
13      18             -0.050545962305486775              
8       29             -0.05099658014255323               
12      22             -0.05104823204136179               
22      27             -0.05114466559260092               
8       26             -0.051312893858941125              
7       29             -0.05132014392949569               
6       7              -0.052918205497137286              
18      29             -0.053602424071497234              
29      32             -0.05408836132794208               
3       16             -0.0562078207868095                
11      30             -0.056596068951100365              
3       13             -0.056689444512357245              
25      26             -0.05757001017045932               
13      28             -0.05792079157151983               
14      26             -0.058068903845452755              
26      29             -0.060533002987082155              
24      36             -0.06077288043800699               
11      14             -0.06267112676052734               
17      29             -0.06288928190554804               
11      25             -0.06317023477994603               
3       18             -0.06569643289815978               
19      36             -0.06791799891963482               
33      36             -0.0679180068566001                
31      36             -0.06846326347947061               
20      36             -0.06868661359176755               
1       28             -0.0688666852519398                
5       16             -0.07269072023074902               
16      34             -0.07360658302596809               
