#======================================================================
# PARAMETERS USED FOR THIS COMPUTATION: 
#	Sequence type: RNA
#	Total number of sequences in alignment data: 106
#	Length of sequences in alignment data: 51
#	Value of sequence identity: 0.8
#	lambda_h: 10.0
#	lambda_J: 10.0
#	Number of gradient decent iterations: 500
# The First and Second columns represent sites and the
# Third column is PLMDCA Frobenius norm, average product corrected (APC) DCA score
#======================================================================
15      36             0.6139116725877546                 
14      37             0.5859028739116806                 
18      33             0.583731685581403                  
2       50             0.5203094208926533                 
3       49             0.5155986126258645                 
6       45             0.4780082938168442                 
20      31             0.3487032136046604                 
19      32             0.32277411470272666                
8       43             0.32142013009346804                
1       51             0.25717845986467003                
9       42             0.21301400402316584                
21      30             0.19286127786645008                
11      38             0.1926782442922739                 
24      25             0.181131131831603                  
21      27             0.18065752250002454                
25      26             0.1739495611913732                 
6       12             0.1701626111921072                 
15      30             0.1658975642908429                 
7       26             0.1592259457483851                 
30      36             0.1542622960668439                 
12      18             0.14771604763530105                
11      44             0.14555289070079047                
32      51             0.14143708815518985                
11      48             0.13988379258025252                
3       34             0.13824217004987313                
4       14             0.13796437388663654                
21      43             0.13605526755355482                
3       16             0.13397674054174616                
4       47             0.12870180585195645                
10      41             0.12619860966875143                
2       3              0.12619162877103296                
7       44             0.1255786272582895                 
10      22             0.12220232546840533                
9       41             0.12217910676692031                
41      42             0.12217910610535071                
29      30             0.1198431382945166                 
15      48             0.11497496767641902                
34      49             0.11390081875680133                
37      39             0.11174274481636025                
23      32             0.1109164053371666                 
8       23             0.10928369533559304                
24      26             0.10923250174860273                
14      39             0.10749280228463864                
43      49             0.10714176492798444                
16      22             0.10631864476126823                
1       22             0.10540114709414843                
28      29             0.10250866077132571                
30      44             0.10172047007989052                
46      49             0.10106323986042495                
24      49             0.1000375533914935                 
38      48             0.09957273205936235                
9       10             0.09933604576093079                
10      42             0.09933604495572555                
23      31             0.09626961816908017                
22      30             0.09600748583433133                
11      27             0.09569695985469087                
31      38             0.0956108840914402                 
5       45             0.09450340947372426                
23      24             0.09445337250557205                
3       43             0.09392588552873801                
23      33             0.09337356983774373                
15      46             0.0926140706584658                 
13      35             0.0908703490521715                 
11      47             0.09065271644242623                
39      47             0.09044535005181978                
6       48             0.09013759153183498                
5       48             0.08917656745368291                
23      40             0.08898416872353325                
23      47             0.08868962469763164                
18      50             0.0861948613986743                 
29      50             0.0859748774075755                 
35      41             0.0858933698965863                 
30      45             0.08378059931498408                
4       32             0.08358984814577253                
44      46             0.0827236380435448                 
5       50             0.08266207238808332                
7       51             0.08240374338065537                
26      28             0.08202091641294215                
8       45             0.08111741240556808                
44      48             0.08023574792005791                
43      44             0.08019810056289611                
7       23             0.08019245135881573                
33      44             0.08013677010881326                
8       38             0.07915915364074994                
22      51             0.07912825077012295                
21      38             0.07771845359473095                
16      38             0.07766643580665514                
2       49             0.07750770218705322                
13      41             0.07674964332072186                
4       6              0.07648530489162694                
4       23             0.07602731263371831                
18      37             0.07583670782855029                
33      46             0.07525362199782606                
35      40             0.07444204228672012                
33      50             0.07420641972742581                
30      47             0.07409366590863165                
5       47             0.07404646164233333                
30      32             0.07372268964734718                
16      45             0.07260641993206177                
7       19             0.07247920626876758                
11      43             0.07222803655668991                
19      31             0.07120885832376503                
46      51             0.07109131288092918                
23      48             0.07095598351533555                
11      28             0.07070402508769637                
26      40             0.07000515299731407                
35      42             0.06987697886849575                
9       35             0.06987695720044251                
10      35             0.06979067980158662                
11      36             0.06961840456295298                
25      27             0.06867546112322064                
16      21             0.06855254013019774                
1       14             0.06777961510820854                
2       19             0.0676672002745505                 
25      35             0.06736776433642246                
17      27             0.06660643529649657                
17      35             0.06572067890548391                
18      46             0.06553603890776602                
12      36             0.06538372209199181                
16      28             0.06459323121241106                
12      32             0.06401110821314124                
36      49             0.06383060895260478                
15      49             0.06349101466039081                
13      40             0.0629819783859579                 
8       30             0.06271686908715596                
34      46             0.0626369075890256                 
21      23             0.06214515066646323                
5       43             0.06214123335295266                
2       47             0.06210233217295022                
12      45             0.06177587820826033                
5       9              0.06168207934454846                
5       42             0.06168204811521456                
40      41             0.06165925063115368                
37      40             0.060921637322910435               
7       43             0.06032064780329302                
16      17             0.06020701731867201                
1       26             0.05945743281902739                
2       8              0.05932835218223659                
13      42             0.05931232554497352                
9       13             0.059312318822500334               
38      39             0.05930603608128479                
46      47             0.05882567468895755                
29      33             0.05877419615487432                
10      13             0.05874578488379868                
36      46             0.058735563564253634               
32      40             0.05853400258129668                
4       38             0.057585411166747924               
21      22             0.057531882913064575               
9       37             0.057238275209177986               
37      42             0.057238273975723106               
14      24             0.05711076260598609                
34      39             0.056958902026565394               
20      44             0.056876216910859784               
31      44             0.056809470841193754               
40      47             0.05672039159621865                
4       30             0.05663815460557062                
25      40             0.056414528333465414               
6       9              0.056016956901947135               
6       42             0.056016940589874                  
13      17             0.05598130905309484                
24      38             0.05354764189262                   
31      34             0.053077638618478584               
37      41             0.05306883419206303                
20      22             0.052505709984557725               
29      39             0.05249446252746476                
1       35             0.052354096003391914               
12      15             0.05232939181115559                
16      50             0.05203115003299219                
5       10             0.05197149568036073                
24      35             0.051962532760648404               
12      16             0.051918801449934965               
19      43             0.05191068726263576                
17      41             0.05159592073960295                
2       28             0.051296853825216954               
4       36             0.05121480992473648                
34      48             0.05092821044682372                
8       21             0.05060657344497069                
16      51             0.050519440578926766               
8       31             0.050517744582364854               
5       31             0.050146058591055614               
4       50             0.0501174059283975                 
31      32             0.0500916401725488                 
7       20             0.04941893429017158                
5       21             0.048598592027684406               
25      41             0.04847353262015994                
24      45             0.04797888147662738                
45      49             0.0479321485776841                 
17      33             0.04778094819632847                
8       11             0.04720428223879622                
5       32             0.046593755019673194               
22      43             0.04658270431948733                
27      28             0.04628320830676598                
20      30             0.04617627312204339                
4       21             0.046174835541780035               
24      48             0.04608281305173316                
10      44             0.04597008763158959                
22      35             0.04579707540637484                
29      32             0.045405814643250164               
19      36             0.045330860070550205               
44      47             0.045138302930352064               
24      39             0.04498753900001494                
12      34             0.04488603490633056                
1       32             0.04462848550990495                
17      25             0.04448889643622897                
2       34             0.04421652202129672                
2       16             0.044004864541861505               
26      32             0.043500299917509894               
5       29             0.04323095892497816                
34      47             0.043088944573888566               
49      50             0.0430477139082156                 
4       45             0.04273894506130424                
13      25             0.042290159581802815               
18      44             0.042259770494990495               
40      42             0.04220355965719923                
9       40             0.04220354558551489                
4       5              0.0420541066114451                 
1       13             0.04200350373364743                
4       29             0.04193194768726921                
15      28             0.04187837074018361                
14      41             0.04182476162549874                
1       7              0.04154259833029032                
3       46             0.041438344164101554               
12      50             0.04138177048822486                
16      44             0.041002789927215594               
6       36             0.04091311139841872                
10      40             0.04042423177399185                
8       20             0.040035260752927404               
44      45             0.03998596250113745                
20      47             0.03969938825783481                
3       21             0.039115798700858684               
14      26             0.03908504117879691                
13      23             0.038594828213437876               
26      51             0.03855689257984053                
35      51             0.03842083568422504                
45      48             0.03825255303138936                
14      28             0.03813039531725723                
12      38             0.03741128022015802                
16      18             0.037238459194045365               
35      39             0.0369553586090304                 
2       44             0.03666970266525196                
43      46             0.036607507267242906               
1       41             0.03654653250698361                
16      36             0.03644216206689693                
19      39             0.036182459284159404               
18      19             0.03602545915960373                
26      29             0.03597611190964864                
3       51             0.03591794031970727                
17      50             0.03588949812018109                
16      33             0.035716361812027586               
46      48             0.03563709699794387                
17      40             0.035634968436001585               
6       16             0.03550366039032235                
5       44             0.035276324493614786               
4       44             0.035119106543084505               
22      28             0.0347271212986118                 
9       14             0.0344140674598411                 
14      42             0.03441406618697575                
4       16             0.03408936240416899                
13      22             0.03374180165970872                
11      29             0.033503398237980486               
19      37             0.033451192292342447               
17      42             0.03338163404334411                
9       17             0.0333816200751698                 
10      43             0.03335630257597347                
8       18             0.033303128424057166               
1       38             0.03324559424287474                
2       36             0.03289209265805265                
26      35             0.03282311962548634                
16      39             0.03251172127378721                
12      47             0.03207951780047133                
18      23             0.03205062557312113                
4       28             0.03196851380346283                
24      27             0.031864162003010246               
3       8              0.031812389236531374               
16      34             0.03127555017635855                
7       36             0.031247721448640575               
12      19             0.03104545568068201                
22      29             0.030801825973794772               
26      34             0.030519974129841837               
13      24             0.03041586375025912                
10      17             0.03004548860681551                
17      24             0.029951990384319588               
3       7              0.029902208340756242               
14      40             0.029882655539634845               
3       6              0.029880202465487032               
19      47             0.0297094684753354                 
22      41             0.02938841333460808                
38      45             0.029231761648392945               
38      43             0.029218602014940698               
25      42             0.029038633003801106               
9       25             0.029038626366746936               
20      27             0.028906432811214453               
15      32             0.02889232522145077                
17      31             0.02849575731235382                
1       19             0.02847581876745639                
10      14             0.028411738140074777               
20      35             0.02825811215477604                
10      37             0.028088485376994377               
28      30             0.02800118511690855                
8       34             0.027913498294738104               
21      46             0.02775505131219827                
15      20             0.027704417160084205               
17      19             0.027472526450301765               
24      41             0.027356613775233962               
31      37             0.027141387476487783               
15      37             0.025855800234617782               
8       33             0.025817270515235552               
14      51             0.02550678801776074                
8       27             0.02541603876624632                
18      31             0.025412899474594325               
26      27             0.025392084956653252               
13      51             0.025335361792716282               
19      33             0.025265745519310823               
11      18             0.025199388828996                  
25      28             0.025136896800183106               
17      46             0.025108717769268873               
30      34             0.02473618877082251                
30      49             0.024709633628700156               
8       10             0.024635298070532274               
21      48             0.02462073420714636                
29      46             0.024523230645143834               
3       32             0.024481625842363602               
6       51             0.024479307037769127               
43      50             0.02445747889049532                
18      26             0.024435525348805776               
2       4              0.02433016828874346                
1       10             0.023710593542104752               
41      51             0.023677379078710092               
1       21             0.02327066458319285                
5       22             0.023226668079362245               
7       30             0.022910378864421904               
15      21             0.022827974376948862               
2       29             0.0228159573906975                 
5       7              0.022738864500505968               
6       11             0.022625521245055874               
2       32             0.02243989200416091                
14      31             0.022287558052268258               
10      47             0.02218337813339072                
13      37             0.022169519836286553               
8       51             0.022112835383176682               
18      29             0.022029034062892347               
27      51             0.0219476881412949                 
27      29             0.021607844903740916               
6       30             0.02145119163010753                
4       31             0.02129587086908699                
25      38             0.02122366809287614                
7       28             0.02122023167326592                
13      27             0.02116276905510911                
1       39             0.021074552196813076               
19      34             0.02062161039641608                
27      40             0.020491792228972946               
2       5              0.020245455302335874               
11      34             0.020229743903090736               
6       21             0.019742301893616004               
34      36             0.019495853253192724               
39      44             0.019245266194679478               
11      39             0.018975139831899662               
45      47             0.01885642282573957                
24      37             0.018841665995683488               
32      39             0.018692665541369002               
27      35             0.018690880849340515               
2       21             0.01820032740639252                
32      36             0.018151372208229682               
4       48             0.018134960826652696               
36      39             0.018108114722233615               
29      44             0.017942549327913476               
32      46             0.017892735892663186               
5       12             0.01781889534385897                
7       34             0.017278331804382235               
2       12             0.017245791128577714               
1       40             0.016829217473083566               
36      47             0.01659786651891207                
38      47             0.016087042274352426               
34      45             0.016076307166901838               
13      39             0.01607419903250562                
6       33             0.016024788325941175               
19      51             0.015785922004826272               
13      20             0.015435965755724257               
44      51             0.015278637316631066               
36      44             0.01523188935050318                
23      29             0.015136908586682332               
11      20             0.014966711819140222               
8       46             0.014685658865486506               
21      50             0.014468306311129914               
4       46             0.014446062334523141               
35      37             0.01428470990060135                
13      38             0.014281649276785796               
4       27             0.014248941418546907               
6       17             0.014234764754988749               
29      45             0.01413551076612829                
19      28             0.013954095188651414               
3       5              0.013883923710738738               
16      25             0.01337088828027537                
11      26             0.013359974283353226               
17      32             0.013323655719683289               
20      46             0.013293761223856532               
2       25             0.013178298304273584               
27      30             0.013134033527372413               
28      51             0.012964577941927277               
1       42             0.012787025854239714               
1       9              0.012787004450622627               
21      31             0.012610992339534083               
3       13             0.012469125611312887               
11      33             0.012441858619920282               
14      36             0.012313822828670773               
1       12             0.01226191926824409                
32      42             0.012226198054320375               
9       32             0.012226184500848017               
7       48             0.0121740587331238                 
43      48             0.012128530058956477               
21      37             0.012032463897331896               
33      35             0.011927353945655014               
26      41             0.011850285928834345               
10      25             0.0118413970702171                 
19      44             0.011653970693122712               
22      26             0.01162083583354595                
14      19             0.011517217875224084               
11      46             0.011465361596835422               
31      35             0.010989662817983803               
1       28             0.010974420639127722               
24      47             0.01062725029934418                
2       23             0.010609745353678396               
40      46             0.010400706148017982               
7       47             0.010375116241352567               
36      45             0.010366834156875226               
15      25             0.01033046372718141                
26      38             0.01001674660192478                
10      12             0.009666911701615752               
26      50             0.009645641555791895               
13      44             0.009550060980391045               
21      25             0.009523226389020145               
15      45             0.009507747342272582               
39      41             0.009505797869011193               
41      50             0.009489894390731807               
4       7              0.009416198685584048               
13      14             0.009077173683674514               
1       17             0.008954134241309239               
25      49             0.008896802773592186               
4       15             0.008887685583147925               
49      51             0.008803634467694416               
3       20             0.008756368804240772               
35      48             0.00870727416715264                
27      48             0.00859662768701068                
22      38             0.008421773653897305               
22      42             0.008381422789420848               
9       22             0.008381408844761198               
20      29             0.008337413365711907               
35      38             0.008323692119383497               
14      49             0.008293431857346212               
25      39             0.00814850594983313                
5       15             0.008139821501869177               
5       28             0.008116644873506662               
19      35             0.00810742327812311                
18      35             0.007932418569534458               
1       16             0.007908203029494215               
24      28             0.00743807480085068                
20      48             0.007426240794791289               
14      25             0.0074257640614776715              
7       18             0.007313069690106921               
20      41             0.007297565551939125               
9       24             0.0072912440347140395              
24      42             0.007291243140935419               
20      21             0.007266808683027426               
3       50             0.007209237925203532               
45      51             0.007165733533335439               
34      40             0.0071239789034237555              
28      50             0.007060099815491161               
1       49             0.006944312234244021               
12      37             0.00676822386586301                
23      27             0.0067502195048887575              
33      40             0.006736301686522464               
8       36             0.006302982098869897               
36      37             0.0060246573995695885              
17      26             0.005668100741687443               
22      24             0.005591937872386585               
1       29             0.005107186309040543               
29      51             0.004888285569757539               
44      50             0.0047643630691389105              
25      29             0.004696691311992365               
22      25             0.004662039968762174               
13      26             0.0043296442701523385              
6       8              0.0042657504032408144              
23      25             0.004066629657615756               
10      51             0.00391249130907409                
18      49             0.0036865507533136443              
16      43             0.003593892573103191               
9       16             0.0034017872694986767              
16      42             0.0034017856787382644              
38      40             0.0033109647358964683              
1       27             0.003289261510426869               
27      46             0.0032485797697752727              
7       13             0.0029947642174562167              
14      34             0.0029438910970761845              
11      13             0.002912059832801628               
27      31             0.002620473005349497               
6       7              0.0024181903749314893              
33      45             0.002313889446309253               
14      47             0.0021580715715905086              
27      38             0.002099393381839648               
3       30             0.0018875201875795111              
5       26             0.0018451538169967918              
10      28             0.0016205671713773184              
28      37             0.0014489867971869547              
19      50             0.0012816970192521815              
14      35             0.0011059856562425918              
20      37             0.0010884507858722192              
7       41             0.001064461376092729               
1       37             0.0010250495983179508              
23      46             0.0008626286279725115              
33      43             0.0008573032282821746              
9       27             0.0008459056340027749              
27      42             0.0008459047841895134              
24      46             0.0007148518472386706              
8       24             0.0006826217943452506              
6       15             0.0006712196074714905              
4       11             0.0006632856936572007              
17      23             0.0006168146819650749              
40      51             0.00043217829127760454             
22      47             0.0003660726285653615              
15      17             0.0002426746681386538              
3       47             0.00022941254055455773             
6       34             0.00022057270132944118             
30      48             9.816519789562772e-05              
12      30             1.653005515683814e-05              
3       45             -1.553116147545719e-05             
15      19             -0.0001104575121717577             
15      40             -0.00015677875433642297            
18      38             -0.00020502208236733432            
9       51             -0.0002380281492177505             
42      51             -0.0002380367170292247             
30      40             -0.0004864519398227185             
39      43             -0.0004967858595441577             
29      41             -0.0007881542580125273             
36      48             -0.0008102748338330579             
1       46             -0.0008146501613398582             
4       17             -0.0008177786741943582             
38      41             -0.0008900147290095695             
12      49             -0.0009377587656133057             
28      41             -0.0010294569602696535             
3       24             -0.0010856826967227395             
12      46             -0.001222746748439446              
22      46             -0.0012476539458305402             
28      36             -0.001289839980240931              
13      18             -0.0013279135381707163             
24      40             -0.0014025751706449041             
7       31             -0.0018224108305934794             
17      18             -0.0018369180382397793             
21      24             -0.0018928527023023278             
12      43             -0.0020245032802893026             
13      31             -0.002052921586097961              
26      49             -0.0020855682935167763             
38      42             -0.002212883151873124              
9       38             -0.0022128893090917062             
37      48             -0.0022722983045753986             
22      27             -0.0024646841989952456             
13      33             -0.0025453435425785292             
18      40             -0.0026752199219532563             
6       46             -0.002697251443103732              
22      23             -0.0027740312736940498             
15      38             -0.002791580345203215              
25      47             -0.0027933989436886297             
7       39             -0.002887897642079029              
28      47             -0.0030063042921580907             
3       33             -0.0032696805479191238             
9       11             -0.003361735417823891              
11      42             -0.003361736792015041              
7       11             -0.0034276980196392415             
23      50             -0.0034350894799546616             
8       44             -0.00344310808500789               
22      31             -0.0034957316461312338             
13      28             -0.003517006551903054              
26      39             -0.003549421733604438              
3       15             -0.003724001153235068              
4       39             -0.003728991110535179              
29      43             -0.003740677019191452              
7       49             -0.003778982647599849              
28      43             -0.003914370283320007              
38      50             -0.00395764278042901               
11      19             -0.0040275382255174075             
4       34             -0.004197701892353162              
19      25             -0.00422998872331283               
34      44             -0.004232140786580241              
6       41             -0.0043072248883884445             
27      49             -0.0043863068619844625             
31      46             -0.0044294013020422796             
24      34             -0.004430091557241056              
4       8              -0.004448337040065864              
22      40             -0.004508940571034972              
9       45             -0.004537969271037973              
42      45             -0.004537985777482781              
34      35             -0.004587841821627123              
18      41             -0.0046861529578794275             
11      30             -0.004715576106883834              
41      44             -0.004725453944344468              
17      22             -0.004801527403403741              
28      35             -0.004861795881346609              
32      35             -0.004905683560646218              
8       49             -0.004960320523901357              
10      38             -0.0049635968533028735             
2       46             -0.004987208287060202              
6       47             -0.004999637667980228              
2       41             -0.0053337995791718495             
2       26             -0.005572827950044823              
5       8              -0.00593328987881131               
28      40             -0.005961650410960251              
5       27             -0.00604087676647623               
35      50             -0.006186193635336942              
27      41             -0.006271146362316446              
23      39             -0.006493591199469559              
4       40             -0.006548407980353249              
6       49             -0.006582956651017519              
10      24             -0.006728917363235165              
12      44             -0.006751061478318665              
33      41             -0.006911599774192798              
9       48             -0.007151843133532218              
42      48             -0.00715184434030286               
30      39             -0.007390400382667972              
36      50             -0.007422138908949966              
20      36             -0.007429112994067427              
5       38             -0.0075114560088948845             
25      34             -0.007648221477891404              
30      50             -0.007692241936370109              
2       18             -0.007799772664578403              
17      45             -0.008025812917606151              
39      45             -0.008085813956130505              
23      35             -0.008129282083171083              
10      33             -0.00815272338813211               
9       33             -0.008287591410429049              
33      42             -0.008287607538253333              
3       38             -0.008292745062764173              
10      29             -0.008322450760064645              
27      43             -0.008564272231102149              
9       34             -0.008630928585374342              
34      42             -0.00863092994970742               
18      20             -0.008633617225527024              
30      31             -0.008652021473219224              
17      51             -0.0087182858392931                
15      27             -0.008917216704553949              
12      28             -0.00897006954689833               
13      47             -0.008996821396020371              
21      28             -0.0090271688172201                
15      23             -0.009043116443283511              
23      28             -0.009154613995346589              
6       25             -0.009258296787433201              
7       33             -0.009343717094245696              
23      26             -0.00937221284227581               
13      48             -0.009797450178838332              
11      12             -0.010066743068154166              
37      47             -0.01011526705442009               
8       22             -0.010197698991360277              
39      46             -0.010208142590773489              
29      31             -0.010220016789703662              
31      41             -0.010248021129419166              
22      37             -0.01025806601194093               
7       29             -0.010494368439479304              
5       36             -0.010524793824249618              
8       48             -0.010549921830041636              
25      33             -0.010650255129317651              
12      39             -0.010750027049914679              
13      19             -0.010800209658332643              
21      47             -0.010816228528933297              
9       26             -0.010982382139689162              
26      42             -0.010982390613105561              
1       25             -0.011068626084606431              
5       16             -0.011174752306170377              
10      18             -0.01126917339445016               
26      30             -0.011311864656454645              
10      27             -0.011643202270723865              
19      49             -0.01175596881603469               
18      21             -0.011899219080643314              
15      16             -0.012064921973302611              
47      48             -0.012072052039801301              
20      28             -0.012225468394821845              
13      29             -0.012243940196214317              
2       39             -0.012311994258347808              
17      39             -0.012411320214873553              
33      49             -0.012449858683797888              
11      25             -0.012578264592309152              
20      34             -0.01258259046256674               
17      49             -0.012654763169541089              
28      46             -0.012659370010766974              
28      33             -0.012686655886170628              
46      50             -0.012759519572636019              
6       13             -0.012781368962903397              
3       40             -0.012799509948635046              
13      16             -0.012800041958015332              
3       31             -0.012873775550127614              
3       36             -0.01288703843652761               
6       37             -0.013076817600021079              
3       12             -0.01317828964455453               
5       6              -0.013349771627856638              
29      35             -0.013388387371277108              
10      34             -0.013634016448181963              
23      43             -0.013681037072028529              
41      43             -0.013721564650864299              
45      46             -0.013806516308496913              
9       20             -0.013812004067950953              
20      42             -0.013812012547567878              
7       16             -0.01382046065113271               
15      31             -0.014034303779925456              
15      34             -0.01410255325542642               
20      40             -0.014160340312247693              
39      40             -0.014297585729575624              
19      23             -0.014343452764018938              
11      49             -0.01445896412751188               
41      48             -0.014483045361698421              
34      43             -0.014503480031125449              
1       18             -0.014568782884683662              
16      30             -0.014745549898834698              
5       37             -0.014780073961595225              
11      32             -0.014951080959520607              
33      37             -0.014953635771198903              
32      37             -0.015129436847172023              
5       35             -0.015139416994984736              
8       17             -0.015280098077121995              
19      20             -0.015329020635639456              
25      46             -0.015452249883126004              
1       11             -0.015456426200462087              
32      47             -0.015487325625322151              
39      42             -0.015509240474532504              
9       39             -0.015509243171678747              
5       18             -0.015546949721528092              
37      49             -0.015609894185174167              
14      16             -0.016049556923332764              
6       27             -0.01605875755157006               
9       18             -0.016230728762017685              
18      42             -0.01623073002792383               
9       50             -0.016362881120873377              
42      50             -0.01636288240413368               
6       20             -0.01637488165300105               
31      48             -0.016533195704422493              
48      50             -0.016675015343459804              
12      21             -0.016766564436235587              
5       41             -0.016908290135401002              
11      45             -0.01700687530049                  
16      29             -0.017247289261930393              
12      31             -0.017300592084927263              
29      40             -0.017351985052307825              
2       6              -0.01735545363259325               
21      39             -0.017634681188780144              
8       26             -0.017805412683335853              
5       19             -0.017845547700689496              
20      49             -0.017927151598663343              
16      26             -0.017964281718185565              
15      50             -0.0180799396233641                
47      49             -0.018088598433539688              
14      45             -0.018168119738561334              
8       29             -0.018393451517315473              
15      33             -0.0185571578245311                
1       4              -0.018687341184180445              
7       35             -0.01878177531544027               
18      24             -0.018783485848714948              
2       17             -0.01878777536562143               
28      49             -0.018804870512574068              
1       24             -0.01890593793994705               
26      46             -0.01898866164075913               
43      45             -0.01900668345186518               
13      49             -0.01916293970640172               
32      33             -0.019250819498551425              
10      39             -0.019279075236680737              
10      26             -0.01940468772694867               
14      15             -0.01942037915552608               
17      37             -0.019423317957083103              
3       25             -0.019664112728668318              
21      34             -0.019820917588562692              
17      20             -0.020019011147767246              
26      48             -0.020271792187517013              
2       48             -0.02030280363484349               
21      49             -0.020554902295542687              
19      41             -0.020600902125180814              
38      51             -0.020727216011499516              
18      43             -0.020948413098887397              
20      43             -0.021003522357258275              
1       34             -0.021019143998376552              
7       14             -0.02113434550606272               
12      23             -0.02113546229469862               
12      24             -0.021136888069670304              
34      41             -0.021272534759380388              
22      33             -0.02129500325732693               
32      50             -0.0213512389276663                
10      20             -0.021372536457392358              
6       14             -0.02139673886529536               
32      41             -0.02145615767277151               
16      37             -0.021549435933636008              
19      30             -0.021771971643424454              
5       51             -0.02186714228651329               
31      40             -0.021908081941717727              
6       35             -0.022092397962474558              
12      40             -0.022108428814072795              
12      26             -0.02211228740243272               
25      51             -0.022153287337057098              
13      34             -0.022192531172665758              
4       19             -0.02221098903594726               
7       38             -0.02222885863267407               
24      29             -0.022259257461214918              
17      29             -0.02227373915475439               
12      13             -0.022361304424145592              
3       29             -0.02241333115275415               
11      17             -0.022496395051971485              
43      47             -0.02267813972302546               
28      42             -0.022681336482355                 
9       28             -0.022681342991935208              
41      46             -0.0228044205004084                
37      45             -0.02290411603518372               
33      34             -0.02298957918376668               
36      40             -0.02300611421220697               
27      39             -0.023359134096634343              
10      45             -0.02355522366214842               
27      34             -0.023617588250337815              
6       40             -0.023729185940131764              
1       5              -0.023782607260623506              
25      37             -0.023806293786129876              
21      40             -0.02391696565216285               
22      44             -0.024018381135054362              
40      45             -0.02403626747056406               
23      49             -0.024263563328662086              
3       17             -0.02430848668160121               
20      23             -0.024370277088386946              
29      38             -0.024467436287582786              
7       22             -0.024596803385276172              
2       43             -0.024614077890692504              
17      43             -0.024672487627082906              
17      21             -0.024715990967741297              
4       22             -0.024778326114506255              
13      32             -0.025066131108090903              
27      47             -0.02515877874459513               
9       12             -0.025332494685873425              
12      42             -0.025332495930527                 
35      44             -0.025546491812978744              
14      17             -0.025563918164486152              
12      20             -0.0257107363771997                
12      33             -0.025719447125217315              
20      39             -0.025873143356530542              
3       19             -0.02602524696614683               
8       28             -0.026052658085129382              
7       45             -0.026083355617377957              
34      51             -0.02619882414938743               
7       24             -0.026214942516223583              
31      51             -0.026508825672500957              
31      33             -0.026579854808136488              
6       39             -0.02661718989484943               
37      51             -0.026731297237228002              
5       49             -0.026855398328047064              
20      25             -0.027029818752856954              
17      30             -0.02710939245976743               
20      50             -0.027193392859555632              
4       43             -0.027239338171240662              
34      37             -0.027265647587589842              
17      48             -0.027305429748403123              
31      50             -0.02741414937911238               
7       9              -0.027517196428409024              
7       42             -0.027517197629076645              
16      20             -0.02754456300182423               
23      44             -0.02757564932257467               
15      47             -0.027596198950995104              
3       39             -0.027607844366933587              
9       31             -0.027657328020158564              
31      42             -0.027657336615835373              
11      51             -0.027661567865541747              
10      16             -0.027762079198005343              
39      51             -0.027911112989905035              
8       12             -0.028134762714133094              
27      50             -0.028203457796134312              
1       8              -0.028215715013342912              
13      50             -0.028261509749031036              
10      48             -0.028292718268318126              
18      25             -0.028557861139840948              
23      36             -0.028563628126359403              
29      36             -0.02856423052217827               
10      30             -0.02871683724749194               
29      42             -0.02897169273279175               
9       29             -0.028971706639312825              
14      48             -0.02925635246942676               
18      27             -0.02932542013647879               
10      50             -0.029360939125556026              
16      48             -0.029478287868065167              
20      26             -0.029577502064856723              
7       27             -0.029609780826534912              
12      35             -0.029821411547479845              
36      38             -0.02986953104076484               
21      29             -0.029888705262748116              
20      32             -0.02995287319470269               
22      45             -0.029963051504470206              
29      48             -0.02999793061965149               
25      32             -0.029998454525213658              
33      39             -0.03010779846055331               
6       10             -0.030232370125687275              
25      45             -0.030551538716331567              
18      22             -0.030607950129201686              
28      38             -0.030612436203312277              
22      32             -0.030747196153239204              
10      31             -0.030811365266984345              
18      39             -0.030812564161129263              
8       14             -0.031071651670485617              
27      45             -0.031135019661514357              
14      20             -0.03128193240409968               
16      32             -0.031291671122823494              
2       35             -0.0312966759627845                
2       9              -0.03131840493559135               
2       42             -0.03131841379720865               
41      49             -0.03150778356212949               
30      42             -0.03151392693234581               
9       30             -0.03151393286682937               
2       27             -0.031794352819863425              
20      38             -0.03187976890803751               
4       37             -0.03189216709936618               
27      33             -0.03197114974289657               
3       27             -0.032032151834703676              
23      45             -0.03214277075287503               
2       24             -0.03219343255290345               
28      34             -0.032232789622313254              
7       12             -0.032356966772898704              
11      35             -0.03238534561435756               
10      21             -0.032457416014317356              
6       19             -0.03263220800805525               
1       20             -0.032990649327442514              
7       46             -0.033043263414688606              
26      37             -0.03319077731677254               
14      22             -0.03334818805503269               
2       45             -0.03336130090867942               
39      48             -0.03338357368118047               
17      47             -0.03355884226622856               
7       10             -0.03366514956692186               
15      39             -0.03388390423162227               
11      24             -0.03401942817482316               
7       15             -0.03407429122159525               
24      51             -0.034201817485317434              
15      51             -0.034246410674742156              
17      34             -0.03430853089610593               
12      25             -0.03431551844337667               
5       33             -0.03454807140982258               
8       15             -0.03461806406537202               
26      33             -0.03463547316417585               
8       50             -0.03496240297127004               
20      24             -0.03502727599466941               
8       47             -0.03512617193114309               
19      22             -0.03531034351509761               
17      38             -0.0353164923223499                
11      15             -0.03533174357199739               
21      51             -0.03550207559951002               
37      44             -0.03568853133723496               
32      34             -0.0357235630836201                
12      27             -0.035988152285751876              
29      49             -0.03606547025228379               
14      32             -0.03608866948299433               
2       14             -0.03616649990854931               
6       44             -0.036174750862782046              
23      41             -0.03639906612885044               
8       39             -0.03667063004401469               
20      33             -0.036703055483139554              
32      48             -0.036817287894547884              
21      32             -0.037170938941322174              
35      43             -0.03718485857678365               
17      28             -0.03736952605110988               
28      39             -0.03737280107280741               
31      49             -0.037413725039065426              
3       22             -0.03756462066833016               
5       39             -0.037688680257125046              
31      47             -0.03781669641312113               
5       46             -0.03784090925129596               
2       20             -0.038044579306854925              
9       44             -0.03805539462501274               
42      44             -0.03805539595675299               
42      43             -0.03806389824475778               
9       43             -0.03806391914442417               
40      48             -0.03807252970440528               
4       25             -0.03811692879773754               
36      42             -0.038155836698292075              
9       36             -0.03815584254127609               
19      24             -0.03822085572157262               
12      41             -0.038234989097871486              
5       11             -0.03868130478944637               
2       38             -0.03876056328036109               
10      32             -0.03880386698352885               
5       13             -0.03888242273252476               
4       18             -0.038930989520921944              
23      51             -0.03896390902726621               
19      40             -0.039265101517949944              
37      50             -0.03935094322970431               
22      34             -0.03938219063813428               
31      43             -0.03942327410285512               
6       50             -0.039456658777284354              
24      33             -0.03977660138338829               
43      51             -0.03977987604358549               
6       38             -0.03978505606485816               
24      32             -0.03981304251033481               
21      26             -0.0399051286849737                
1       3              -0.0399766863933419                
11      23             -0.040521499606095884              
8       42             -0.040703631486606856              
8       9              -0.040703637364366704              
13      15             -0.04071789135211988               
16      46             -0.04081636543660436               
23      34             -0.04082273091168562               
35      47             -0.04085118869589616               
31      36             -0.04086308320688356               
2       10             -0.041235378091519614              
2       31             -0.041456683773460734              
6       22             -0.041463843004861195              
10      23             -0.041464795987899955              
19      27             -0.04154891950028941               
7       17             -0.04168014660449065               
19      45             -0.041810775524331656              
25      48             -0.04188621053155078               
15      24             -0.041914301106237895              
1       33             -0.04204536252356228               
12      22             -0.04206547712542924               
22      48             -0.04235983497428156               
28      48             -0.0424628600564505                
12      51             -0.04261150176720274               
4       24             -0.04261742103626634               
25      31             -0.042767998495452916              
11      16             -0.042811819310985794              
20      51             -0.042848813183565565              
1       48             -0.04285399707658215               
2       7              -0.04289010937730042               
22      36             -0.042953997191670173              
7       50             -0.04295672702605871               
18      51             -0.04312017130168905               
7       8              -0.04341153236634232               
1       43             -0.04344434899357333               
1       30             -0.04348003615248644               
29      47             -0.043539060607470426              
5       14             -0.043571773879783254              
14      43             -0.0435872733614156                
33      48             -0.04365392810519819               
21      45             -0.04367794208363357               
38      49             -0.04378319271503198               
28      31             -0.04379687416593439               
11      21             -0.04387353109736372               
5       24             -0.04396390234388939               
13      36             -0.0440265392245891                
38      46             -0.04420301000546423               
48      51             -0.04421321504604314               
10      36             -0.04449550308511452               
25      44             -0.04451039942695649               
32      45             -0.044729490664546095              
1       15             -0.04490021559495985               
47      50             -0.04503162756034601               
11      14             -0.04505052702353879               
9       19             -0.045230059870395425              
19      42             -0.04523006102296853               
27      37             -0.04545325916830839               
33      38             -0.04547657252901169               
3       35             -0.04553803349107011               
27      36             -0.045621598293830556              
15      44             -0.045635477868046614              
3       28             -0.04580345455859222               
22      39             -0.04584664132443454               
16      40             -0.04593452185897945               
14      18             -0.04595225109301468               
12      29             -0.046318124893741944              
3       23             -0.0465780242239211                
50      51             -0.046592829974254873              
29      37             -0.04666903412111663               
4       20             -0.04673459836465421               
9       21             -0.04675368172818874               
21      42             -0.04675369068083912               
4       35             -0.046879076263048824              
16      19             -0.04693177516504052               
26      44             -0.04696871912497022               
4       13             -0.04713963013275092               
23      42             -0.04716577451476159               
9       23             -0.04716577708087395               
3       41             -0.04720362943445157               
1       2              -0.04738176056405202               
3       11             -0.04765751216613309               
15      22             -0.04766466089743568               
17      44             -0.047713908889372256              
35      46             -0.047735472859961464              
12      14             -0.04835546471390517               
18      30             -0.04864850832062348               
7       40             -0.04872624589968698               
5       20             -0.04879172022246578               
9       46             -0.04904676777214188               
42      46             -0.04904676921637116               
16      47             -0.04908983789700136               
19      26             -0.049161761091578784              
7       37             -0.049198963057351386              
25      50             -0.04920337071909929               
32      38             -0.04928039658930622               
28      45             -0.049527866847210555              
14      33             -0.049562752267298754              
10      19             -0.04970719767946674               
41      47             -0.04984428907631905               
31      45             -0.0498509751292201                
30      43             -0.049868403214966994              
10      15             -0.0498818722074017                
25      30             -0.04998527978149166               
16      35             -0.05013241359635767               
29      34             -0.050423730251019344              
3       48             -0.05072269973703328               
23      30             -0.05079291762605545               
24      31             -0.05085268510845835               
36      43             -0.051113485395763436              
1       31             -0.05115112263846519               
13      43             -0.05120682024247328               
15      26             -0.05141402552689289               
23      37             -0.05145385711765102               
18      48             -0.05159447623131419               
8       19             -0.05162622508269388               
30      51             -0.05165279256461139               
9       47             -0.051807491535442424              
42      47             -0.05180750036917442               
28      44             -0.05190369348762165               
1       23             -0.05197870710379378               
10      11             -0.052066400317207606              
24      43             -0.05221310446767141               
15      43             -0.05223769070545026               
45      50             -0.0522440683258622                
37      38             -0.0522909351623527                
5       30             -0.05263805681611175               
27      44             -0.05293101996041742               
47      51             -0.05296873293738674               
5       40             -0.05302204375668902               
9       49             -0.053284567229209254              
42      49             -0.05328457240740106               
21      44             -0.0537805657570328                
1       45             -0.05391933149920769               
34      38             -0.05404642846218563               
26      43             -0.05405337442553357               
19      48             -0.054520405950689604              
19      38             -0.05507492836934233               
40      49             -0.05517960879320677               
16      23             -0.05530521011802639               
19      46             -0.05545865171036632               
40      44             -0.05551332713736626               
11      31             -0.055696268146188305              
2       15             -0.05575017054067122               
6       43             -0.055868105010038416              
4       49             -0.05601310993319278               
31      39             -0.05611211485625964               
26      31             -0.05614071496809206               
5       17             -0.056309046464056656              
1       36             -0.05645739526942342               
32      43             -0.05645806350302934               
8       40             -0.05650816174214632               
2       13             -0.05658622751775419               
14      50             -0.05703913309503253               
8       25             -0.057266537040500304              
14      27             -0.05728938465122481               
40      50             -0.05738002528722584               
8       41             -0.05749700335074384               
19      29             -0.05751999379383574               
24      36             -0.05760134673232603               
30      35             -0.05781686503052917               
6       23             -0.05782480616698363               
6       28             -0.05783029320295893               
19      21             -0.05801791804852974               
7       32             -0.05849258039689209               
18      28             -0.05853031797646922               
24      50             -0.05855859155117987               
12      48             -0.05860428401474718               
14      29             -0.05875556760136162               
28      32             -0.05889121911698195               
3       37             -0.05894203873489309               
1       50             -0.05934221773105956               
11      22             -0.059638961102213395              
26      45             -0.05978117933409155               
38      44             -0.05978151033510215               
40      43             -0.060009020852888006              
7       25             -0.06010029078699887               
2       37             -0.06010120962069965               
6       24             -0.06018747353403614               
12      17             -0.0602218459056823                
4       33             -0.060266535050766096              
14      21             -0.06049604589667312               
4       10             -0.06062916213494944               
1       6              -0.06063284331049276               
24      30             -0.060780850896242966              
10      49             -0.06080758064677946               
30      46             -0.061130781588654926              
4       41             -0.06116487937781358               
4       12             -0.061617654477668204              
10      46             -0.061799913073787724              
20      45             -0.062116358576378594              
11      50             -0.06212906301206053               
16      27             -0.06228857094922283               
3       18             -0.0624500594070278                
15      41             -0.06281054212915359               
8       13             -0.0633198632045869                
8       37             -0.06336924483018216               
18      32             -0.06345789880803332               
3       42             -0.0636793934080672                
3       9              -0.06367939938820619               
6       31             -0.06376484553082287               
11      41             -0.06389527866100708               
4       9              -0.06395252070571708               
4       42             -0.06395253709634544               
41      45             -0.06397109897721644               
4       26             -0.06443299671160829               
36      41             -0.065432972463768                 
27      32             -0.06548628548471506               
16      24             -0.06587946886207699               
14      38             -0.06591453286938956               
13      21             -0.06626692084289978               
1       47             -0.06704325613371492               
21      33             -0.06712383122298557               
26      47             -0.06712919515259694               
39      49             -0.0673395650406205                
3       14             -0.06762519976941134               
1       44             -0.06775128063769371               
21      41             -0.06780549605987085               
6       29             -0.06802216215253018               
21      36             -0.0685680697639332                
33      51             -0.06878695187264092               
32      44             -0.06881781079220567               
35      49             -0.07021072620468037               
17      36             -0.07042134429525759               
3       10             -0.07100730955388548               
4       51             -0.07108247823616656               
16      31             -0.0711788730704932                
7       21             -0.07136574240670346               
2       33             -0.07169895914882202               
8       35             -0.07196275018474631               
22      50             -0.07196966514742995               
15      35             -0.07219328038073644               
2       40             -0.07251609037134896               
30      41             -0.07258563740665994               
30      33             -0.07278643785193745               
13      30             -0.07328930191683053               
15      29             -0.07331464752192071               
37      43             -0.07400382898795543               
39      50             -0.07404431051422092               
11      40             -0.07419448657441088               
3       26             -0.07454137128422852               
14      30             -0.07476572590154903               
14      44             -0.07505266115925754               
2       22             -0.07524583954282035               
30      37             -0.07542884885871462               
5       25             -0.07579215901171686               
5       34             -0.07595411381763495               
36      51             -0.0759932171062864                
9       15             -0.07603860266522243               
15      42             -0.07603860798814094               
35      45             -0.07610546990267124               
16      49             -0.07646103566955248               
14      23             -0.07698626006336157               
8       32             -0.07708305915206129               
6       18             -0.07732381855093201               
34      50             -0.07791731568817661               
25      43             -0.07830897199966627               
13      46             -0.07856563145864344               
2       11             -0.07901746423369171               
24      44             -0.07967101841252018               
21      35             -0.08093240418626886               
18      34             -0.08131603517340522               
48      49             -0.08246705194649784               
5       23             -0.08247171355706129               
26      36             -0.08310526147397934               
23      38             -0.08329046269231316               
2       51             -0.08350105726071433               
16      41             -0.08509299895113816               
25      36             -0.08540799271073032               
13      45             -0.08549876719694213               
18      36             -0.08600741630093695               
33      36             -0.08777007621313157               
35      36             -0.08937156402646541               
8       16             -0.09120996555387217               
22      49             -0.09197260667954218               
2       30             -0.09272560317742493               
3       4              -0.09298274741842219               
6       26             -0.09478943232044532               
33      47             -0.09741999089800704               
18      47             -0.10111888080380516               
18      45             -0.10214150441588268               
6       32             -0.10278549749689186               
44      49             -0.10339359945007101               
32      49             -0.10379956357620262               
14      46             -0.10616611401055767               
3       44             -0.10927485232618744               
15      18             -0.11434239450420003               
11      37             -0.1158618164504466                
37      46             -0.12447343695179461               
30      38             -0.1332450120416243                
