#======================================================================
# PARAMETERS USED FOR THIS COMPUTATION: 
#      Sequence type: RNA
#      Total number of sequences in alignment data: 5
#      Length of sequences in alignment data: 35
#      Effective number of sequences: 3.0
#      Value of sequence identity: 0.8
#      Value of relative pseudocount: 0.5
# The First and Second columns represent sites and the
# Third column is MFDCA Frobenius norm, average product corrected (APC) DCA score
#======================================================================
30      34             1.529654840118572                  
32      33             1.333968765032265                  
33      34             1.2062261175344597                 
32      34             1.2016072711022552                 
30      33             0.9507400825143913                 
32      35             0.8720205795222028                 
6       24             0.8523524042269003                 
24      35             0.7606535742554019                 
6       35             0.7606535742553996                 
13      24             0.6896936737289253                 
6       13             0.6896936737289252                 
30      32             0.685009747347284                  
24      32             0.6138567022124988                 
6       32             0.6138567022124984                 
13      35             0.580103262925082                  
13      33             0.5198208724711992                 
13      17             0.5134610028539663                 
13      16             0.513461002853966                  
13      32             0.43975345095690055                
16      17             0.4303285644134324                 
33      35             0.36884743476493786                
17      33             0.34323078812145047                
16      33             0.34323078812145047                
12      15             0.2773742063602709                 
12      19             0.27737420636027005                
14      19             0.2773742063602698                 
12      14             0.27737420636026944                
12      18             0.27737420636026905                
18      19             0.2773742063602689                 
14      15             0.2773742063602685                 
15      19             0.2773742063602685                 
15      18             0.27737420636026844                
14      18             0.27737420636026844                
17      24             0.2767131760340616                 
16      24             0.2767131760340616                 
6       16             0.27671317603406137                
6       17             0.2767131760340613                 
6       30             0.25848974132788716                
24      30             0.25848974132788693                
16      35             0.1631157919664767                 
17      35             0.16311579196647596                
15      34             0.15916325087778038                
12      34             0.15916325087778022                
18      34             0.1591632508777801                 
14      34             0.15916325087777922                
19      34             0.15916325087777894                
6       33             0.1352094387668551                 
24      33             0.13520943876685387                
34      35             0.11776532182143157                
9       21             0.09948505577729477                
9       28             0.09948505577729472                
9       22             0.09948505577729466                
9       23             0.09948505577729466                
9       31             0.09948505577729466                
9       26             0.09948505577729466                
9       29             0.09948505577729466                
9       25             0.0994850557772946                 
9       27             0.0994850557772946                 
2       20             0.0994850557772945                 
11      21             0.09948505577729444                
11      27             0.09948505577729438                
11      26             0.09948505577729438                
11      28             0.09948505577729438                
11      29             0.09948505577729438                
11      22             0.09948505577729433                
11      25             0.09948505577729433                
11      31             0.09948505577729433                
5       20             0.09948505577729433                
11      23             0.09948505577729422                
1       20             0.09948505577729405                
3       20             0.099485055777294                  
10      31             0.09948505577729394                
10      28             0.09948505577729394                
10      21             0.09948505577729388                
4       20             0.09948505577729383                
10      23             0.09948505577729383                
10      26             0.09948505577729383                
10      29             0.09948505577729383                
8       21             0.09948505577729377                
10      25             0.09948505577729377                
10      27             0.09948505577729377                
8       31             0.09948505577729372                
8       29             0.09948505577729372                
8       22             0.09948505577729366                
8       25             0.09948505577729366                
8       27             0.09948505577729366                
8       26             0.09948505577729366                
8       28             0.09948505577729366                
10      22             0.09948505577729366                
8       23             0.09948505577729355                
7       22             0.09948505577729339                
7       27             0.09948505577729327                
7       29             0.09948505577729327                
2       31             0.09948505577729327                
2       28             0.09948505577729327                
2       29             0.09948505577729327                
7       23             0.09948505577729322                
7       28             0.09948505577729322                
2       21             0.09948505577729322                
2       26             0.09948505577729322                
7       25             0.09948505577729316                
7       31             0.09948505577729316                
7       21             0.09948505577729316                
2       22             0.09948505577729316                
2       23             0.09948505577729316                
2       25             0.09948505577729316                
2       27             0.09948505577729316                
7       26             0.09948505577729311                
4       22             0.099485055777293                  
4       25             0.099485055777293                  
4       31             0.09948505577729294                
4       26             0.09948505577729294                
4       27             0.09948505577729289                
4       28             0.09948505577729289                
5       31             0.09948505577729289                
5       26             0.09948505577729289                
5       29             0.09948505577729289                
4       23             0.09948505577729283                
3       29             0.09948505577729283                
4       21             0.09948505577729283                
4       29             0.09948505577729283                
5       22             0.09948505577729283                
5       25             0.09948505577729283                
5       27             0.09948505577729283                
5       28             0.09948505577729283                
3       25             0.09948505577729277                
3       26             0.09948505577729277                
3       22             0.09948505577729272                
3       27             0.09948505577729272                
3       21             0.09948505577729272                
3       28             0.09948505577729272                
5       21             0.09948505577729272                
1       23             0.09948505577729272                
5       23             0.09948505577729266                
1       25             0.09948505577729266                
1       27             0.09948505577729266                
1       31             0.09948505577729266                
1       21             0.09948505577729266                
1       29             0.09948505577729266                
5       11             0.09948505577729261                
3       23             0.09948505577729261                
3       31             0.09948505577729261                
1       22             0.09948505577729261                
1       11             0.09948505577729255                
1       26             0.09948505577729255                
1       28             0.09948505577729255                
11      20             0.09948505577729244                
2       11             0.09948505577729244                
3       11             0.09948505577729239                
10      20             0.09948505577729216                
4       11             0.099485055777292                  
3       7              0.09948505577729194                
2       7              0.09948505577729194                
1       2              0.09948505577729189                
5       8              0.09948505577729172                
5       7              0.09948505577729166                
7       20             0.09948505577729166                
4       7              0.09948505577729139                
1       8              0.09948505577729128                
2       8              0.09948505577729128                
8       20             0.09948505577729122                
4       8              0.09948505577729116                
3       8              0.09948505577729105                
1       4              0.09948505577729105                
7       10             0.09948505577729089                
1       7              0.09948505577729083                
3       4              0.09948505577729072                
2       10             0.09948505577729061                
9       20             0.0994850557772905                 
5       10             0.09948505577729044                
10      11             0.09948505577729039                
1       3              0.09948505577729033                
5       9              0.09948505577729028                
2       3              0.09948505577729022                
2       9              0.09948505577729022                
7       9              0.09948505577729017                
1       9              0.09948505577729017                
7       11             0.09948505577729005                
2       4              0.09948505577728978                
1       10             0.09948505577728978                
4       10             0.09948505577728972                
2       5              0.09948505577728972                
3       5              0.09948505577728967                
3       10             0.09948505577728967                
4       9              0.09948505577728967                
7       8              0.09948505577728955                
3       9              0.0994850557772895                 
1       5              0.09948505577728928                
8       11             0.09948505577728922                
28      29             0.09948505577728878                
9       11             0.09948505577728872                
21      23             0.09948505577728872                
22      27             0.09948505577728872                
25      27             0.09948505577728872                
26      27             0.09948505577728872                
22      28             0.09948505577728872                
21      28             0.09948505577728872                
20      26             0.09948505577728872                
20      29             0.09948505577728872                
4       5              0.09948505577728867                
21      31             0.09948505577728867                
20      22             0.09948505577728867                
20      23             0.09948505577728867                
20      27             0.09948505577728867                
20      31             0.09948505577728867                
22      29             0.09948505577728867                
25      28             0.09948505577728867                
25      29             0.09948505577728867                
27      28             0.09948505577728867                
27      29             0.09948505577728867                
26      28             0.09948505577728867                
21      22             0.09948505577728861                
21      27             0.09948505577728861                
22      25             0.09948505577728861                
25      31             0.09948505577728861                
26      31             0.09948505577728861                
27      31             0.09948505577728861                
29      31             0.09948505577728861                
20      25             0.09948505577728861                
22      26             0.09948505577728861                
25      26             0.09948505577728861                
26      29             0.09948505577728861                
20      28             0.09948505577728861                
22      23             0.09948505577728856                
23      25             0.09948505577728856                
21      25             0.09948505577728856                
22      31             0.09948505577728856                
23      26             0.09948505577728856                
21      26             0.09948505577728856                
21      29             0.09948505577728856                
20      21             0.09948505577728856                
23      28             0.09948505577728844                
23      29             0.09948505577728844                
28      31             0.09948505577728844                
23      27             0.09948505577728839                
23      31             0.09948505577728839                
8       9              0.09948505577728828                
9       10             0.09948505577728822                
8       10             0.099485055777288                  
17      19             0.08278099371549164                
16      19             0.08278099371549152                
17      18             0.08278099371548936                
16      18             0.0827809937154893                 
15      17             0.08278099371548875                
12      17             0.08278099371548875                
12      16             0.08278099371548864                
14      17             0.08278099371548858                
14      16             0.08278099371548858                
15      16             0.0827809937154882                 
24      34             0.0679665850088862                 
6       34             0.06796658500888464                
16      32             0.053536728294818314               
17      32             0.05353672829481759                
13      30             0.031064441669188758               
13      34             0.008628580861268553               
13      14             -0.008856016422884971              
13      19             -0.008856016422885304              
13      15             -0.008856016422885582              
13      18             -0.008856016422886637              
12      13             -0.00885601642288758               
19      32             -0.018567849905059997              
18      32             -0.018567849905061162              
15      32             -0.01856784990506144               
14      32             -0.018567849905061773              
12      32             -0.018567849905062328              
19      20             -0.035404939022303794              
14      20             -0.03540493902230424               
18      29             -0.035404939022304655              
18      28             -0.03540493902230471               
15      20             -0.03540493902230471               
18      23             -0.03540493902230474               
18      27             -0.03540493902230474               
18      22             -0.035404939022304766              
18      31             -0.035404939022304766              
18      25             -0.03540493902230479               
18      26             -0.03540493902230479               
18      21             -0.03540493902230485               
14      22             -0.035404939022305015              
14      31             -0.035404939022305015              
14      21             -0.03540493902230504               
14      26             -0.03540493902230504               
14      28             -0.03540493902230504               
14      25             -0.03540493902230507               
14      29             -0.03540493902230507               
14      27             -0.035404939022305126              
14      23             -0.035404939022305154              
15      28             -0.03540493902230532               
12      21             -0.03540493902230532               
12      29             -0.03540493902230535               
15      22             -0.035404939022305376              
15      25             -0.035404939022305376              
15      31             -0.035404939022305376              
15      21             -0.035404939022305376              
15      26             -0.035404939022305376              
15      29             -0.035404939022305376              
12      28             -0.035404939022305376              
18      20             -0.035404939022305404              
15      27             -0.035404939022305404              
12      25             -0.035404939022305404              
12      22             -0.03540493902230543               
12      31             -0.03540493902230543               
12      26             -0.03540493902230543               
15      23             -0.03540493902230546               
12      27             -0.03540493902230546               
12      23             -0.035404939022305515              
4       14             -0.035404939022305765              
4       15             -0.035404939022306015              
19      26             -0.03540493902230604               
19      29             -0.03540493902230604               
5       14             -0.03540493902230607               
12      20             -0.03540493902230607               
3       19             -0.03540493902230607               
19      27             -0.0354049390223061                
19      31             -0.0354049390223061                
19      21             -0.0354049390223061                
19      28             -0.0354049390223061                
8       14             -0.03540493902230615               
19      23             -0.03540493902230615               
19      22             -0.03540493902230615               
19      25             -0.03540493902230618               
3       12             -0.03540493902230624               
10      14             -0.03540493902230624               
10      15             -0.03540493902230632               
5       19             -0.03540493902230632               
3       14             -0.035404939022306375              
1       19             -0.03540493902230643               
5       15             -0.03540493902230646               
10      18             -0.03540493902230646               
4       18             -0.035404939022306486              
5       18             -0.03540493902230654               
8       15             -0.03540493902230654               
9       14             -0.03540493902230654               
7       14             -0.03540493902230657               
9       15             -0.03540493902230671               
8       18             -0.035404939022306736              
1       12             -0.035404939022306736              
7       15             -0.035404939022306764              
5       12             -0.035404939022306764              
2       19             -0.03540493902230679               
3       15             -0.03540493902230682               
1       14             -0.03540493902230682               
7       18             -0.03540493902230685               
4       19             -0.03540493902230685               
9       18             -0.03540493902230693               
3       18             -0.035404939022306986              
1       15             -0.035404939022306986              
4       12             -0.035404939022307014              
1       18             -0.03540493902230704               
7       19             -0.0354049390223071                
8       19             -0.035404939022307125              
2       12             -0.03540493902230718               
2       14             -0.035404939022307264              
11      19             -0.03540493902230735               
8       12             -0.035404939022307375              
9       19             -0.03540493902230743               
10      19             -0.03540493902230746               
7       12             -0.035404939022307486              
11      12             -0.035404939022307486              
9       12             -0.0354049390223076                
10      12             -0.035404939022307624              
2       18             -0.03540493902230765               
2       15             -0.03540493902230765               
11      14             -0.035404939022308735              
11      18             -0.0354049390223089                
11      15             -0.03540493902230907               
16      34             -0.03617832369909357               
17      34             -0.03617832369909424               
15      30             -0.046659542974813284              
18      30             -0.046659542974813506              
14      30             -0.04665954297481406               
12      30             -0.04665954297481412               
19      30             -0.04665954297481417               
30      35             -0.04808514481280407               
19      35             -0.08835297467024633               
15      35             -0.08835297467024694               
12      35             -0.08835297467024728               
14      35             -0.08835297467024733               
18      35             -0.08835297467024739               
16      20             -0.113822105768529                 
17      20             -0.11382210576852925               
8       17             -0.1138221057685303                
9       17             -0.1138221057685303                
9       16             -0.1138221057685303                
8       16             -0.11382210576853033               
5       16             -0.11382210576853033               
5       17             -0.11382210576853038               
17      29             -0.11382210576853044               
16      29             -0.1138221057685305                
17      23             -0.11382210576853052               
17      31             -0.11382210576853052               
4       17             -0.11382210576853055               
17      26             -0.11382210576853055               
17      28             -0.11382210576853055               
16      21             -0.11382210576853055               
16      26             -0.11382210576853055               
4       16             -0.11382210576853058               
16      22             -0.11382210576853058               
16      27             -0.11382210576853058               
17      22             -0.11382210576853061               
16      25             -0.11382210576853061               
17      21             -0.11382210576853061               
17      25             -0.11382210576853063               
17      27             -0.11382210576853063               
16      31             -0.11382210576853063               
16      28             -0.11382210576853063               
3       17             -0.11382210576853066               
3       16             -0.11382210576853066               
16      23             -0.11382210576853072               
10      17             -0.11382210576853075               
10      16             -0.1138221057685308                
2       17             -0.11382210576853094               
2       16             -0.11382210576853108               
7       17             -0.1138221057685311                
7       16             -0.1138221057685311                
1       16             -0.11382210576853119               
1       17             -0.11382210576853127               
11      16             -0.11382210576853219               
11      17             -0.11382210576853222               
10      24             -0.14405439856219399               
1       24             -0.14405439856219418               
4       24             -0.14405439856219426               
6       28             -0.14405439856219437               
6       29             -0.14405439856219437               
6       21             -0.1440543985621944                
6       31             -0.14405439856219443               
6       22             -0.14405439856219449               
6       26             -0.1440543985621945                
6       20             -0.1440543985621945                
6       25             -0.14405439856219454               
8       24             -0.14405439856219457               
6       23             -0.14405439856219457               
6       27             -0.14405439856219457               
7       24             -0.14405439856219474               
3       24             -0.14405439856219476               
5       24             -0.14405439856219487               
2       24             -0.1440543985621949                
9       24             -0.14405439856219496               
11      24             -0.14405439856219518               
6       9              -0.14405439856219632               
3       6              -0.14405439856219635               
1       6              -0.1440543985621964                
23      24             -0.14405439856219643               
22      24             -0.14405439856219643               
6       10             -0.14405439856219648               
21      24             -0.14405439856219648               
20      24             -0.1440543985621966                
6       11             -0.14405439856219662               
2       6              -0.1440543985621967                
24      29             -0.14405439856219673               
24      26             -0.14405439856219676               
24      28             -0.14405439856219676               
24      31             -0.1440543985621968                
6       8              -0.14405439856219682               
4       6              -0.14405439856219682               
24      25             -0.14405439856219684               
6       7              -0.14405439856219687               
24      27             -0.14405439856219687               
5       6              -0.14405439856219715               
30      31             -0.14560287437156955               
20      30             -0.14560287437156977               
25      30             -0.14560287437156982               
27      30             -0.14560287437156985               
23      30             -0.14560287437156988               
26      30             -0.14560287437156988               
21      30             -0.1456028743715699                
22      30             -0.14560287437156993               
28      30             -0.1456028743715701                
29      30             -0.14560287437157013               
1       30             -0.14560287437157188               
8       30             -0.14560287437157204               
10      30             -0.1456028743715723                
5       30             -0.14560287437157235               
3       30             -0.1456028743715724                
4       30             -0.14560287437157274               
9       30             -0.14560287437157288               
7       30             -0.14560287437157302               
2       30             -0.14560287437157302               
11      30             -0.14560287437157324               
26      35             -0.16126488504445588               
23      35             -0.1612648850444559                
25      35             -0.1612648850444559                
27      35             -0.1612648850444559                
20      35             -0.1612648850444559                
22      35             -0.16126488504445596               
21      35             -0.16126488504445596               
28      35             -0.161264885044456                 
29      35             -0.16126488504445605               
31      35             -0.1612648850444561                
3       35             -0.1612648850444573                
1       35             -0.1612648850444573                
8       35             -0.16126488504445735               
5       35             -0.1612648850444574                
4       35             -0.16126488504445743               
10      35             -0.16126488504445768               
9       35             -0.16126488504445774               
2       35             -0.16126488504445796               
7       35             -0.16126488504445835               
11      35             -0.16126488504445843               
19      24             -0.18149984422314702               
6       15             -0.18149984422314722               
6       19             -0.18149984422314722               
6       14             -0.18149984422314747               
6       12             -0.1814998442231476                
6       18             -0.18149984422314774               
14      24             -0.18149984422314813               
18      24             -0.18149984422314824               
15      24             -0.18149984422314827               
12      24             -0.18149984422314827               
13      20             -0.194298986404329                 
9       13             -0.19429898640433024               
8       13             -0.19429898640433033               
5       13             -0.19429898640433033               
13      21             -0.19429898640433038               
13      25             -0.1942989864043304                
13      26             -0.1942989864043304                
13      28             -0.1942989864043304                
13      29             -0.1942989864043304                
13      31             -0.19429898640433044               
13      22             -0.19429898640433046               
13      27             -0.19429898640433046               
13      23             -0.19429898640433052               
3       13             -0.1942989864043306                
4       13             -0.19429898640433066               
10      13             -0.19429898640433074               
2       13             -0.19429898640433088               
1       13             -0.1942989864043311                
7       13             -0.19429898640433127               
11      13             -0.19429898640433216               
17      30             -0.19960238816587328               
16      30             -0.19960238816587333               
10      33             -0.20233623474945808               
1       33             -0.20233623474945825               
28      33             -0.2023362347494584                
29      33             -0.20233623474945844               
31      33             -0.2023362347494585                
26      33             -0.20233623474945867               
21      33             -0.20233623474945872               
20      33             -0.20233623474945875               
25      33             -0.20233623474945878               
27      33             -0.20233623474945878               
23      33             -0.20233623474945883               
22      33             -0.20233623474945886               
11      33             -0.2023362347494589                
7       33             -0.20233623474945914               
4       33             -0.20233623474945922               
2       33             -0.20233623474945928               
3       33             -0.20233623474945944               
9       33             -0.2023362347494595                
8       33             -0.20233623474945953               
5       33             -0.20233623474945978               
15      33             -0.21779124124694613               
14      33             -0.2177912412469462                
18      33             -0.21779124124694663               
12      33             -0.21779124124694677               
19      33             -0.21779124124694757               
25      34             -0.24085485988215533               
21      34             -0.24085485988215533               
26      34             -0.24085485988215533               
20      34             -0.24085485988215533               
23      34             -0.24085485988215538               
27      34             -0.24085485988215538               
22      34             -0.24085485988215538               
1       34             -0.2408548598821557                
10      34             -0.24085485988215574               
28      34             -0.24085485988215577               
29      34             -0.24085485988215577               
31      34             -0.24085485988215583               
9       34             -0.24085485988215588               
2       34             -0.24085485988215588               
8       34             -0.2408548598821559                
5       34             -0.2408548598821559                
3       34             -0.24085485988215602               
4       34             -0.2408548598821562                
11      34             -0.24085485988215627               
7       34             -0.24085485988215638               
20      32             -0.279499766129568                 
21      32             -0.27949976612956806               
25      32             -0.27949976612956806               
26      32             -0.27949976612956806               
22      32             -0.2794997661295681                
27      32             -0.2794997661295681                
23      32             -0.2794997661295682                
28      32             -0.2794997661295682                
31      32             -0.27949976612956823               
29      32             -0.27949976612956823               
8       32             -0.27949976612956867               
9       32             -0.27949976612956867               
1       32             -0.2794997661295688                
10      32             -0.27949976612956895               
2       32             -0.27949976612956895               
5       32             -0.2794997661295692                
7       32             -0.2794997661295693                
3       32             -0.2794997661295694                
4       32             -0.2794997661295694                
11      32             -0.2794997661295695                
