#======================================================================
# PARAMETERS USED FOR THIS COMPUTATION: 
#	Sequence type: RNA
#	Total number of sequences in alignment data: 3
#	Length of sequences in alignment data: 29
#	Value of sequence identity: 0.8
#	lambda_h: 5.6000000000000005
#	lambda_J: 5.6000000000000005
#	Number of gradient decent iterations: 500
# The First and Second columns represent sites and the
# Third column is PLMDCA Frobenius norm, average product corrected (APC) DCA score
#======================================================================
26      28             4.12959381593872e-05               
26      29             4.12959381593872e-05               
27      28             4.12959381593872e-05               
27      29             4.12959381593872e-05               
17      18             4.129566878188079e-05              
17      20             4.129566878188079e-05              
17      21             4.129566878188079e-05              
17      22             4.129566878188079e-05              
17      23             4.129566878188079e-05              
17      25             4.129566878188079e-05              
17      28             4.129539940427723e-05              
17      29             4.129539940427723e-05              
1       3              4.129418720534572e-05              
1       5              4.129418720534572e-05              
2       3              4.129418720534572e-05              
2       5              4.129418720534572e-05              
3       4              4.129418720534572e-05              
3       10             4.129418720534572e-05              
3       11             4.129418720534572e-05              
3       13             4.129418720534572e-05              
3       14             4.129418720534572e-05              
3       16             4.129418720534572e-05              
4       5              4.129418720534572e-05              
5       10             4.129418720534572e-05              
5       11             4.129418720534572e-05              
5       13             4.129418720534572e-05              
5       14             4.129418720534572e-05              
5       16             4.129418720534572e-05              
3       18             4.129405251655088e-05              
3       20             4.129405251655088e-05              
3       21             4.129405251655088e-05              
3       22             4.129405251655088e-05              
3       23             4.129405251655088e-05              
3       25             4.129405251655088e-05              
5       18             4.129405251655088e-05              
5       20             4.129405251655088e-05              
5       21             4.129405251655088e-05              
5       22             4.129405251655088e-05              
5       23             4.129405251655088e-05              
5       25             4.129405251655088e-05              
3       28             4.129378313894039e-05              
3       29             4.129378313894039e-05              
5       28             4.129378313894039e-05              
5       29             4.129378313894039e-05              
19      24             4.1293467765206315e-05             
6       19             4.129333307640454e-05              
6       24             4.129333307640454e-05              
7       19             4.129333307640454e-05              
7       24             4.129333307640454e-05              
9       19             4.129333307640454e-05              
9       24             4.129333307640454e-05              
12      19             4.129333307640454e-05              
12      24             4.129333307640454e-05              
15      19             4.129333307640454e-05              
15      24             4.129333307640454e-05              
19      26             4.129333307640454e-05              
19      27             4.129333307640454e-05              
24      26             4.129333307640454e-05              
24      27             4.129333307640454e-05              
6       7              4.129319838760276e-05              
6       9              4.129319838760276e-05              
6       12             4.129319838760276e-05              
6       15             4.129319838760276e-05              
6       26             4.129319838760276e-05              
6       27             4.129319838760276e-05              
7       9              4.129319838760276e-05              
7       12             4.129319838760276e-05              
7       15             4.129319838760276e-05              
7       26             4.129319838760276e-05              
7       27             4.129319838760276e-05              
9       12             4.129319838760276e-05              
9       15             4.129319838760276e-05              
9       26             4.129319838760276e-05              
9       27             4.129319838760276e-05              
12      15             4.129319838760276e-05              
12      26             4.129319838760276e-05              
12      27             4.129319838760276e-05              
15      26             4.129319838760276e-05              
15      27             4.129319838760276e-05              
1       19             4.129275162426116e-05              
1       24             4.129275162426116e-05              
2       19             4.129275162426116e-05              
2       24             4.129275162426116e-05              
4       19             4.129275162426116e-05              
4       24             4.129275162426116e-05              
10      19             4.129275162426116e-05              
10      24             4.129275162426116e-05              
11      19             4.129275162426116e-05              
11      24             4.129275162426116e-05              
13      19             4.129275162426116e-05              
13      24             4.129275162426116e-05              
14      19             4.129275162426116e-05              
14      24             4.129275162426116e-05              
16      19             4.129275162426116e-05              
16      24             4.129275162426116e-05              
6       17             4.12926596324234e-05               
7       17             4.12926596324234e-05               
9       17             4.12926596324234e-05               
12      17             4.12926596324234e-05               
15      17             4.12926596324234e-05               
1       6              4.12926169354802e-05               
1       7              4.12926169354802e-05               
1       9              4.12926169354802e-05               
1       12             4.12926169354802e-05               
1       15             4.12926169354802e-05               
1       26             4.12926169354802e-05               
1       27             4.12926169354802e-05               
2       6              4.12926169354802e-05               
2       7              4.12926169354802e-05               
2       9              4.12926169354802e-05               
2       12             4.12926169354802e-05               
2       15             4.12926169354802e-05               
2       26             4.12926169354802e-05               
2       27             4.12926169354802e-05               
4       6              4.12926169354802e-05               
4       7              4.12926169354802e-05               
4       9              4.12926169354802e-05               
4       12             4.12926169354802e-05               
4       15             4.12926169354802e-05               
4       26             4.12926169354802e-05               
4       27             4.12926169354802e-05               
10      12             4.12926169354802e-05               
10      15             4.12926169354802e-05               
10      26             4.12926169354802e-05               
10      27             4.12926169354802e-05               
11      12             4.12926169354802e-05               
11      15             4.12926169354802e-05               
11      26             4.12926169354802e-05               
11      27             4.12926169354802e-05               
13      15             4.12926169354802e-05               
13      26             4.12926169354802e-05               
13      27             4.12926169354802e-05               
14      15             4.12926169354802e-05               
14      26             4.12926169354802e-05               
14      27             4.12926169354802e-05               
16      26             4.12926169354802e-05               
16      27             4.12926169354802e-05               
6       10             4.129261693547326e-05              
6       11             4.129261693547326e-05              
6       13             4.129261693547326e-05              
6       14             4.129261693547326e-05              
6       16             4.129261693547326e-05              
7       10             4.129261693547326e-05              
7       11             4.129261693547326e-05              
7       13             4.129261693547326e-05              
7       14             4.129261693547326e-05              
7       16             4.129261693547326e-05              
9       10             4.129261693547326e-05              
9       11             4.129261693547326e-05              
9       13             4.129261693547326e-05              
9       14             4.129261693547326e-05              
9       16             4.129261693547326e-05              
12      13             4.129261693547326e-05              
12      14             4.129261693547326e-05              
12      16             4.129261693547326e-05              
15      16             4.129261693547326e-05              
19      20             4.129261693547326e-05              
19      21             4.129261693547326e-05              
19      22             4.129261693547326e-05              
19      23             4.129261693547326e-05              
19      25             4.129261693547326e-05              
24      25             4.129261693547326e-05              
18      19             4.129261693546632e-05              
18      24             4.129261693546632e-05              
20      24             4.129261693546632e-05              
21      24             4.129261693546632e-05              
22      24             4.129261693546632e-05              
23      24             4.129261693546632e-05              
6       18             4.129248224668536e-05              
6       20             4.129248224668536e-05              
6       21             4.129248224668536e-05              
6       22             4.129248224668536e-05              
6       23             4.129248224668536e-05              
6       25             4.129248224668536e-05              
7       18             4.129248224668536e-05              
7       20             4.129248224668536e-05              
7       21             4.129248224668536e-05              
7       22             4.129248224668536e-05              
7       23             4.129248224668536e-05              
7       25             4.129248224668536e-05              
9       18             4.129248224668536e-05              
9       20             4.129248224668536e-05              
9       21             4.129248224668536e-05              
9       22             4.129248224668536e-05              
9       23             4.129248224668536e-05              
9       25             4.129248224668536e-05              
12      18             4.129248224668536e-05              
12      20             4.129248224668536e-05              
12      21             4.129248224668536e-05              
12      22             4.129248224668536e-05              
12      23             4.129248224668536e-05              
12      25             4.129248224668536e-05              
15      18             4.129248224668536e-05              
15      20             4.129248224668536e-05              
15      21             4.129248224668536e-05              
15      22             4.129248224668536e-05              
15      23             4.129248224668536e-05              
15      25             4.129248224668536e-05              
18      26             4.129248224668536e-05              
18      27             4.129248224668536e-05              
20      26             4.129248224668536e-05              
20      27             4.129248224668536e-05              
21      26             4.129248224668536e-05              
21      27             4.129248224668536e-05              
22      26             4.129248224668536e-05              
22      27             4.129248224668536e-05              
23      26             4.129248224668536e-05              
23      27             4.129248224668536e-05              
25      26             4.129248224668536e-05              
25      27             4.129248224668536e-05              
19      28             4.12923475578697e-05               
19      29             4.12923475578697e-05               
24      28             4.12923475578697e-05               
24      29             4.12923475578697e-05               
6       28             4.129221286908874e-05              
6       29             4.129221286908874e-05              
7       28             4.129221286908874e-05              
7       29             4.129221286908874e-05              
9       28             4.129221286908874e-05              
9       29             4.129221286908874e-05              
12      28             4.129221286908874e-05              
12      29             4.129221286908874e-05              
15      28             4.129221286908874e-05              
15      29             4.129221286908874e-05              
1       17             4.129207818036329e-05              
2       17             4.129207818036329e-05              
4       17             4.129207818036329e-05              
10      17             4.129207818036329e-05              
11      17             4.129207818036329e-05              
13      17             4.129207818036329e-05              
14      17             4.129207818036329e-05              
16      17             4.129207818036329e-05              
1       2              4.1292035482497214e-05             
1       4              4.1292035482497214e-05             
1       10             4.1292035482497214e-05             
1       11             4.1292035482497214e-05             
1       13             4.1292035482497214e-05             
1       14             4.1292035482497214e-05             
1       16             4.1292035482497214e-05             
2       4              4.1292035482497214e-05             
2       10             4.1292035482497214e-05             
2       11             4.1292035482497214e-05             
2       13             4.1292035482497214e-05             
2       14             4.1292035482497214e-05             
2       16             4.1292035482497214e-05             
4       10             4.1292035482497214e-05             
4       11             4.1292035482497214e-05             
4       13             4.1292035482497214e-05             
4       14             4.1292035482497214e-05             
4       16             4.1292035482497214e-05             
10      11             4.1292035482497214e-05             
10      13             4.1292035482497214e-05             
10      14             4.1292035482497214e-05             
10      16             4.1292035482497214e-05             
11      13             4.1292035482497214e-05             
11      14             4.1292035482497214e-05             
11      16             4.1292035482497214e-05             
13      14             4.1292035482497214e-05             
13      16             4.1292035482497214e-05             
14      16             4.1292035482497214e-05             
1       18             4.129190079373013e-05              
1       20             4.129190079373013e-05              
1       21             4.129190079373013e-05              
1       22             4.129190079373013e-05              
1       23             4.129190079373013e-05              
1       25             4.129190079373013e-05              
2       18             4.129190079373013e-05              
2       20             4.129190079373013e-05              
2       21             4.129190079373013e-05              
2       22             4.129190079373013e-05              
2       23             4.129190079373013e-05              
2       25             4.129190079373013e-05              
4       18             4.129190079373013e-05              
4       20             4.129190079373013e-05              
4       21             4.129190079373013e-05              
4       22             4.129190079373013e-05              
4       23             4.129190079373013e-05              
4       25             4.129190079373013e-05              
10      18             4.129190079373013e-05              
10      20             4.129190079373013e-05              
10      21             4.129190079373013e-05              
10      22             4.129190079373013e-05              
10      23             4.129190079373013e-05              
10      25             4.129190079373013e-05              
11      18             4.129190079373013e-05              
11      20             4.129190079373013e-05              
11      21             4.129190079373013e-05              
11      22             4.129190079373013e-05              
11      23             4.129190079373013e-05              
11      25             4.129190079373013e-05              
13      18             4.129190079373013e-05              
13      20             4.129190079373013e-05              
13      21             4.129190079373013e-05              
13      22             4.129190079373013e-05              
13      23             4.129190079373013e-05              
13      25             4.129190079373013e-05              
14      18             4.129190079373013e-05              
14      20             4.129190079373013e-05              
14      21             4.129190079373013e-05              
14      22             4.129190079373013e-05              
14      23             4.129190079373013e-05              
14      25             4.129190079373013e-05              
16      18             4.129190079373013e-05              
16      20             4.129190079373013e-05              
16      21             4.129190079373013e-05              
16      22             4.129190079373013e-05              
16      23             4.129190079373013e-05              
16      25             4.129190079373013e-05              
18      20             4.129176610494917e-05              
18      21             4.129176610494917e-05              
18      22             4.129176610494917e-05              
18      23             4.129176610494917e-05              
18      25             4.129176610494917e-05              
20      21             4.129176610494917e-05              
20      22             4.129176610494917e-05              
20      23             4.129176610494917e-05              
20      25             4.129176610494917e-05              
21      22             4.129176610494917e-05              
21      23             4.129176610494917e-05              
21      25             4.129176610494917e-05              
22      23             4.129176610494917e-05              
22      25             4.129176610494917e-05              
23      25             4.129176610494917e-05              
1       28             4.129163141616127e-05              
1       29             4.129163141616127e-05              
2       28             4.129163141616127e-05              
2       29             4.129163141616127e-05              
4       28             4.129163141616127e-05              
4       29             4.129163141616127e-05              
10      28             4.129163141616127e-05              
10      29             4.129163141616127e-05              
11      28             4.129163141616127e-05              
11      29             4.129163141616127e-05              
13      28             4.129163141616127e-05              
13      29             4.129163141616127e-05              
14      28             4.129163141616127e-05              
14      29             4.129163141616127e-05              
16      28             4.129163141616127e-05              
16      29             4.129163141616127e-05              
18      28             4.1291496727380306e-05             
18      29             4.1291496727380306e-05             
20      28             4.1291496727380306e-05             
20      29             4.1291496727380306e-05             
21      28             4.1291496727380306e-05             
21      29             4.1291496727380306e-05             
22      28             4.1291496727380306e-05             
22      29             4.1291496727380306e-05             
23      28             4.1291496727380306e-05             
23      29             4.1291496727380306e-05             
25      28             4.1291496727380306e-05             
25      29             4.1291496727380306e-05             
28      29             4.129122734982532e-05              
3       19             4.129117805571486e-05              
3       24             4.129117805571486e-05              
5       19             4.129117805571486e-05              
5       24             4.129117805571486e-05              
3       6              4.129104336691308e-05              
3       7              4.129104336691308e-05              
3       9              4.129104336691308e-05              
3       12             4.129104336691308e-05              
3       15             4.129104336691308e-05              
3       26             4.129104336691308e-05              
3       27             4.129104336691308e-05              
5       6              4.129104336691308e-05              
5       7              4.129104336691308e-05              
5       9              4.129104336691308e-05              
5       12             4.129104336691308e-05              
5       15             4.129104336691308e-05              
5       26             4.129104336691308e-05              
5       27             4.129104336691308e-05              
3       17             4.129050461171291e-05              
5       17             4.129050461171291e-05              
26      27             4.12894730973043e-05               
17      19             4.1289069030940595e-05             
17      24             4.1289069030940595e-05             
17      26             4.128893434213882e-05              
17      27             4.128893434213882e-05              
3       5              4.12888883461332e-05               
8       10             -0.00043768595810276395            
8       11             -0.00043768595810276395            
8       13             -0.00043768595810276395            
8       14             -0.00043768595810276395            
8       16             -0.00043768595810276395            
1       8              -0.0004376859581027709             
2       8              -0.0004376859581027709             
4       8              -0.0004376859581027709             
8       18             -0.00043768604515317944            
8       20             -0.00043768604515317944            
8       21             -0.00043768604515317944            
8       22             -0.00043768604515317944            
8       23             -0.00043768604515317944            
8       25             -0.00043768604515317944            
8       28             -0.0004376862192540243             
8       29             -0.0004376862192540243             
8       19             -0.0004376865853332676             
8       24             -0.0004376865853332676             
8       9              -0.0004376866723836831             
8       12             -0.0004376866723836831             
8       15             -0.0004376866723836831             
8       26             -0.0004376866723836831             
8       27             -0.0004376866723836831             
6       8              -0.00043768667238369               
7       8              -0.00043768667238369               
8       17             -0.00043768702058535197            
3       8              -0.00043768806519034475            
5       8              -0.00043768806519034475            
