#======================================================================
# PARAMETERS USED FOR THIS COMPUTATION: 
#	Sequence type: RNA
#	Total number of sequences in alignment data: 13
#	Length of sequences in alignment data: 49
#	Value of sequence identity: 0.8
#	lambda_h: 9.600000000000001
#	lambda_J: 9.600000000000001
#	Number of gradient decent iterations: 500
# The First and Second columns represent sites and the
# Third column is PLMDCA Frobenius norm, average product corrected (APC) DCA score
#======================================================================
3       47             0.11118118786841373                
20      25             0.09147038313864139                
18      19             0.08945371275665344                
4       35             0.08546882871126278                
18      28             0.08379167294164636                
19      28             0.08379167230555333                
1       49             0.0769192784372699                 
6       44             0.07263602617638908                
17      26             0.07089194774768703                
4       49             0.07043742895397545                
16      30             0.07020173144898109                
17      19             0.06844048585442723                
17      18             0.0684404716147004                 
2       48             0.06721424667160675                
5       45             0.06444990728784769                
25      37             0.05944970513757637                
2       3              0.0586948774413623                 
7       43             0.058437685848593296               
24      26             0.057893744798236745               
14      32             0.05719255302573446                
16      21             0.056805694488081884               
21      30             0.05680569349244116                
11      37             0.05630110810556116                
19      26             0.05623217011234142                
18      26             0.05623216326926095                
17      24             0.0549103456034517                 
48      49             0.05440135865348121                
39      42             0.05147531797190322                
8       42             0.05147531213467463                
8       39             0.051475309875981784               
20      43             0.05090302902871036                
11      14             0.05021293338044085                
11      32             0.050212932708417465               
3       48             0.048114513184364896               
1       47             0.04756049963229542                
30      32             0.0465080113048815                 
14      16             0.04650800555492851                
14      30             0.046508004521549504               
16      32             0.046507997437099324               
2       46             0.04572903245226767                
43      47             0.04396765264717732                
25      43             0.043654619887535155               
2       14             0.04361529434727092                
2       32             0.04361529370813827                
26      28             0.04359204486326502                
14      36             0.04313358285835689                
32      36             0.0431335822017372                 
29      42             0.042383851468800735               
8       29             0.0423838508302638                 
29      39             0.04238384923392152                
4       44             0.041825222789183325               
6       36             0.04119396950167842                
5       42             0.040371868840318265               
5       39             0.04037186662519847                
39      45             0.04037185828727423                
5       8              0.04037185330626569                
42      45             0.040371853051813456               
8       45             0.04037185241892208                
20      22             0.040108888648086934               
21      22             0.03977056918920863                
24      49             0.039709710923199734               
2       21             0.03966595085730554                
3       43             0.03963822983671447                
17      28             0.03915417987163578                
5       6              0.03785771595684881                
6       45             0.03785771499654944                
25      26             0.0376676414732031                 
37      46             0.037557484243296656               
22      23             0.03724615052869674                
33      34             0.036591597357849504               
13      34             0.036591597253851395               
13      33             0.03659159685519196                
23      27             0.036264607940105595               
11      36             0.035715404373882376               
8       13             0.03560373035425667                
34      39             0.03560372955245532                
33      39             0.035603729088616594               
13      39             0.03560372896761519                
33      42             0.03560372357933408                
8       34             0.03560372348851619                
13      42             0.03560372345833268                
34      42             0.03560371659259219                
8       33             0.03560371557409688                
18      24             0.03553718157415327                
19      24             0.03553718098140636                
21      32             0.03540061643230226                
14      21             0.03540060964548214                
1       3              0.035398442528490726               
3       20             0.03528915242715637                
11      16             0.034634589736827426               
11      30             0.034634588728792354               
36      46             0.03460992811295931                
20      37             0.03447342269859808                
20      47             0.034207249705025186               
26      27             0.03406723508585076                
2       11             0.03402975539972994                
5       44             0.033859404646322644               
44      45             0.03385940360991453                
17      27             0.03330521442613417                
30      36             0.032982647588902514               
16      36             0.032982641123251444               
35      49             0.03283312314011223                
3       44             0.03245984362234604                
43      49             0.03181479753623087                
11      48             0.03169721787883985                
4       48             0.03141090046540326                
7       20             0.031151235312571524               
3       49             0.03102707452714208                
1       25             0.029930155019731113               
4       8              0.029868935918809597               
4       39             0.02986893430390314                
4       42             0.029868929114191603               
17      48             0.02928363286235458                
3       25             0.029231160970183745               
36      37             0.028818633080269503               
6       14             0.02833342841607636                
6       32             0.02833342771767683                
25      47             0.02809137865465544                
5       29             0.028010856024044586               
29      45             0.02801085514605632                
22      25             0.02782878326182204                
22      27             0.027820155527499987               
24      25             0.027731906835890344               
24      48             0.027551717742073545               
22      35             0.02715602207748244                
2       30             0.027065981236748                  
2       16             0.02706597474486637                
35      48             0.027050161679216297               
4       46             0.026976787849903178               
32      46             0.026237514344016347               
14      46             0.02623750756503189                
12      41             0.026209006400323517               
9       41             0.026209006328403374               
31      40             0.026209006256483272               
15      41             0.026209006256483237               
10      12             0.02620900586092243                
10      15             0.026209005717082144               
40      41             0.02620900564516203                
10      40             0.026209005105760935               
38      41             0.026209004961920683               
10      38             0.026209004422519583               
38      40             0.02620900212107489                
12      31             0.02620899956106415                
9       31             0.026208999489144007               
15      31             0.02620899941722387                
9       10             0.02620899833842169                
31      38             0.026208998122661337               
9       12             0.026208996792138575               
12      15             0.026208996720218432               
9       15             0.02620899664829829                
12      40             0.026208996108897202               
9       40             0.02620899603697706                
15      40             0.026208995965056915               
12      38             0.02620899542565583                
9       38             0.02620899535373568                
15      38             0.026208995281815542               
10      31             0.02620899365676658                
31      41             0.026208986745587047               
10      41             0.026208985594864773               
28      35             0.026191614951958923               
16      24             0.025944260185141357               
24      30             0.02594425934832218                
6       46             0.02566327681488982                
3       4              0.025386361221843012               
43      45             0.02502451330796695                
5       43             0.025024506724303446               
43      44             0.02480318928407349                
4       29             0.024568974320167664               
5       34             0.02433626998128259                
5       33             0.02433626952639191                
5       13             0.024336269407724785               
34      45             0.024336269218629775               
13      45             0.024336268645071955               
33      45             0.024336261313158497               
2       47             0.02427182834705846                
29      33             0.02425830222316349                
29      34             0.0242582952315313                 
13      29             0.02425829465285722                
5       7              0.023945224917581498               
7       45             0.02394522416355084                
17      25             0.023609031311394815               
11      21             0.023451463475313336               
18      27             0.02333021661209269                
19      27             0.023330208597570408               
1       18             0.023324707770694647               
1       19             0.023324707069457717               
14      48             0.023234138076556582               
32      48             0.023234137366487675               
1       43             0.0231604981560065                 
3       46             0.023014239263378825               
24      28             0.022896233753062274               
2       36             0.022618978593542255               
36      44             0.0225455471156719                 
7       25             0.02251570264697029                
6       11             0.022475147697833722               
27      28             0.02245595973504111                
11      24             0.022021535483911975               
42      44             0.021627362673270173               
8       44             0.02162736191951882                
39      44             0.021627360035140417               
23      26             0.021509322660367043               
7       47             0.021367123617167513               
28      44             0.021176511722837993               
8       46             0.020763120776635252               
42      46             0.02076311399765078                
39      46             0.020763111647064333               
21      36             0.020690357348534166               
24      27             0.02068718769595835                
21      48             0.020574580189009373               
44      47             0.020380442766057036               
6       8              0.02028645820129356                
6       39             0.02028645645529474                
6       42             0.020286451449112508               
46      48             0.02010669696353841                
21      47             0.019919699616368094               
4       6              0.019580650347077608               
1       28             0.01956212445731388                
7       31             0.019497220652082682               
7       41             0.01949722006942263                
7       10             0.019497219555310814               
7       12             0.019497218081523618               
7       9              0.019497218012975374               
7       15             0.01949721794442713                
7       40             0.01949721736176708                
7       38             0.019497216710558783               
26      48             0.01924678680089774                
14      37             0.01919381850776418                
32      37             0.019193810466668168               
11      46             0.019103225382618286               
1       20             0.01907809672166745                
21      46             0.018885689810039602               
23      29             0.018733343965733278               
25      49             0.018662322409724055               
11      49             0.01864098461725948                
35      44             0.01860287614214927                
30      47             0.018592410289594935               
16      47             0.018592403869698376               
3       14             0.018116050917403426               
3       32             0.01811605024312543                
20      23             0.017994318861652724               
6       16             0.017856985545892365               
6       30             0.017856984498293066               
6       48             0.01759993887144909                
16      23             0.0175101569917213                 
23      30             0.01751014125842991                
3       21             0.01737849901465799                
25      28             0.017164897747151006               
47      48             0.016964703738898218               
29      44             0.016951244465229942               
17      23             0.016846662298712976               
20      49             0.01679950495406976                
3       6              0.016496472364634737               
1       22             0.016306152646896624               
35      46             0.01536631543202821                
23      41             0.015332546806373255               
12      23             0.01533254479539195                
9       23             0.015332544726047767               
15      23             0.015332544656703584               
23      40             0.015332544067278034               
23      31             0.015332539945218215               
10      23             0.015332538835711285               
23      38             0.015332535957927704               
3       7              0.015070702679866523               
3       30             0.015014171630114412               
3       16             0.015014165190950793               
4       5              0.014982525390079562               
4       45             0.014982517051300395               
1       2              0.014978798485537154               
34      35             0.014942451743997422               
33      35             0.014942451330431712               
13      35             0.014942443771964416               
1       21             0.014267653852994472               
10      27             0.014088047354426841               
27      40             0.01408804523135225                
27      31             0.014088044690673839               
27      38             0.014088044601064477               
12      27             0.0140880422026958                 
9       27             0.014088042136349718               
15      27             0.014088042070003637               
27      41             0.01408803667615155                
13      31             0.013974712368869192               
34      41             0.013974712300967591               
33      41             0.013974711887426772               
13      41             0.01397471177954656                
34      40             0.013974709562350682               
33      40             0.013974709148809841               
34      38             0.013974708903695982               
33      38             0.013974708490155134               
13      38             0.013974708382274915               
31      34             0.01397470543970962                
31      33             0.013974705026168807               
10      34             0.013974704330396437               
10      33             0.013974703916855617               
10      13             0.013974703808975406               
12      34             0.013974702839756853               
9       34             0.013974702770424778               
15      34             0.01397470270109271                
12      33             0.01397470242621602                
9       33             0.013974702356883945               
12      13             0.013974702318335808               
15      33             0.013974702287551877               
9       13             0.013974702249003726               
13      15             0.013974702179671658               
13      40             0.013974701590349026               
18      25             0.013695594296793227               
19      25             0.013695593657620103               
21      23             0.013337107067250352               
47      49             0.01325911426904032                
30      46             0.01325570180314338                
16      46             0.013255695359956965               
16      48             0.013234157092484058               
30      48             0.013234156027380706               
1       17             0.013110751455535724               
44      46             0.012788412547519973               
1       4              0.012661123069716257               
18      48             0.012590571744601209               
19      48             0.012590570990152997               
4       33             0.012483777510906215               
4       34             0.012483770524611228               
4       13             0.012483769939207634               
17      49             0.0119844710589634                 
11      27             0.01197171829920618                
21      24             0.011777253410179434               
22      26             0.011756611175853339               
23      28             0.011733946416774547               
35      42             0.011608645789296088               
8       35             0.011608645213900322               
35      39             0.011608636324830342               
18      44             0.011595534087667739               
19      44             0.01159553328680693                
3       11             0.011388791994986047               
7       49             0.011371256651071915               
22      29             0.011029700171151319               
23      24             0.010877152447727557               
36      48             0.010513409501060375               
6       29             0.010444721661340209               
29      35             0.01039731951361561                
14      24             0.010344962459957002               
24      32             0.010344954451496954               
22      38             0.01027486813266807                
12      22             0.010274865759822706               
9       22             0.010274865692200458               
15      22             0.010274865624578217               
22      40             0.010274865049789111               
22      31             0.01027486084507636                
22      41             0.010274860270287262               
10      22             0.010274859763120411               
18      23             0.010228078939409468               
19      23             0.010228078349983918               
27      29             0.009903778114024611               
1       16             0.009703643820840616               
1       30             0.009703642830859047               
33      37             0.009579919961413046               
13      37             0.009579919850691405               
34      37             0.009579916660555701               
28      47             0.009411514100604257               
14      47             0.009268384180257633               
32      47             0.00926838349313494                
2       6              0.009236603597786386               
20      27             0.009016387901678115               
16      22             0.008966480624022888               
22      30             0.008966472361975321               
1       48             0.008857127671717396               
17      22             0.00845881607267715                
3       37             0.00843894218831074                
29      46             0.008412883308259553               
12      43             0.008238165690378295               
9       43             0.00823816561156765                
15      43             0.00823816553275701                
40      43             0.008238164862866534               
41      43             0.00823816052530637                
10      43             0.008238159934226538               
31      43             0.008238153744616242               
38      43             0.008238149213004226               
1       7              0.00810454857874645                
33      36             0.007965119317390267               
13      36             0.007965111743693479               
34      36             0.007965104888174479               
1       29             0.00782761765303222                
20      28             0.0072720607960587436              
18      47             0.006990230419204588               
19      47             0.0069902222385561374              
27      30             0.006923040684533498               
16      27             0.006923037755396176               
6       28             0.006790924659439243               
14      44             0.0067877560273718884              
32      44             0.0067877552736205216              
6       37             0.006518406970387455               
44      48             0.006432006418713235               
23      25             0.006349261994940188               
44      49             0.005950589318272817               
1       46             0.005777253613620831               
45      47             0.005577368135572552               
5       47             0.005577361629785657               
5       46             0.005451122644822379               
45      46             0.005451121721377697               
6       21             0.005217593090999159               
34      44             0.005137968154940123               
33      44             0.005137967613181332               
13      44             0.005137967471852953               
37      42             0.004854041622418592               
8       37             0.004854041031903178               
37      39             0.004854039555614663               
11      17             0.004751841228752343               
6       47             0.004331790711453315               
19      35             0.004224461567721306               
18      35             0.004224451003208403               
34      46             0.004125171280391103               
33      46             0.004125170797681384               
13      46             0.004125170671757106               
7       23             0.003981992577277847               
1       23             0.003974764817502259               
22      37             0.0037789897285641985              
21      27             0.003707339139220965               
26      38             0.0034898733413047875              
9       26             0.0034898709739559497              
15      26             0.0034898709024853494              
26      31             0.003489870000283897               
26      40             0.0034898665696949244              
10      26             0.0034898651314639387              
12      26             0.00348986359484596                
26      41             0.0034898619422031665              
6       33             0.0034128029017153616              
6       13             0.003412802770765451               
6       34             0.003412795953109435               
1       26             0.0033558986805234947              
36      42             0.003170368530720613               
8       36             0.003170360423520327               
36      39             0.003170351331390514               
5       49             0.003165847409559608               
45      49             0.0031658464412351733              
46      47             0.0031504945384119853              
21      49             0.003146696364867113               
7       44             0.0031222314380050242              
7       34             0.002783394874611371               
7       13             0.002783394377636618               
7       33             0.0027833870298783828              
3       36             0.0025691711607866846              
23      33             0.0024502793685223165              
23      34             0.002450276041961068               
13      23             0.002450271813925438               
4       47             0.0024248684112229135              
38      39             0.0022627716455409785              
41      42             0.0022627701614369305              
8       41             0.00226276958607579                
12      39             0.00226276953360275                
9       39             0.0022627694529351455              
15      39             0.002262769372267548               
31      39             0.0022627688333475907              
39      41             0.0022627681476729555              
10      39             0.002262767542665932               
31      42             0.0022627671218212395              
8       31             0.0022627665464601057              
38      42             0.0022627662087244954              
10      42             0.0022627658311396223              
8       38             0.002262765633363313               
8       10             0.0022627652557784816              
39      40             0.0022627649613026143              
12      42             0.0022627640967862114              
9       42             0.002262764016118607               
15      42             0.0022627639354510093              
8       12             0.002262763521425043               
8       9              0.0022627634407574454              
8       15             0.002262763360089841               
40      42             0.002262763249776402               
8       40             0.0022627626744152335              
22      28             0.002125716285287002               
26      49             0.002087700666431297               
3       18             0.001540582024041462               
3       19             0.0015405813076211083              
32      40             0.0013260147670533726              
32      38             0.0013260139489616601              
14      31             0.0013260120253499735              
31      32             0.0013260114499888467              
10      14             0.001326010647511297               
10      32             0.0013260100721501494              
12      14             0.0013260087960405773              
9       14             0.0013260087099256634              
14      15             0.0013260086238107427              
12      32             0.0013260082206794158              
9       32             0.001326008134564495               
15      32             0.0013260080484495812              
14      40             0.001326007891833951               
14      38             0.0013260070737422386              
14      41             0.001326003842792578               
32      41             0.0013260032674314443              
1       36             0.0011007762886469236              
11      44             0.0009198272049292244              
5       48             0.0008959461808829838              
45      48             0.0008959452045382288              
2       31             0.0006590012880457255              
2       10             0.0006590000097804402              
2       12             0.0006589982921114609              
2       9              0.0006589982122198815              
2       15             0.000658998132328302               
2       40             0.0006589974532498696              
2       38             0.0006589966942798578              
2       41             0.0006589931583866962              
11      47             0.0006176191424218241              
3       28             0.00047158485273331163             
2       22             0.0004534932638183692              
7       27             0.00039569428719583855             
18      20             0.00039074283468073373             
19      20             0.00039073845744717894             
29      49             0.0003778308541543124              
6       35             0.0002767724565381352              
27      34             1.914848760592447e-05              
27      33             1.914810611595985e-05              
13      27             1.914800659683774e-05              
22      24             -0.00022727289457635802            
18      22             -0.0005170651257999509             
19      22             -0.0005170657005890422             
37      49             -0.0005181919316577244             
30      49             -0.0005629846241885783             
16      49             -0.0005629910184152404             
20      21             -0.0005854558636063933             
29      37             -0.0008112241172959153             
25      46             -0.0008580777110473864             
1       27             -0.0009602107471661306             
11      19             -0.0009922424718149109             
11      18             -0.0009922492083706824             
5       20             -0.0010593318167999785             
20      45             -0.0010593363857815466             
35      38             -0.0011557794227051998             
12      35             -0.0011557817095061151             
9       35             -0.0011557817814305885             
15      35             -0.0011557818533550548             
35      40             -0.00115578246471304               
10      35             -0.0011557876137106224             
31      35             -0.0011557901882094032             
35      41             -0.0011557907995673952             
17      20             -0.001378319294147043              
37      45             -0.0014878805091873906             
5       37             -0.0014878834225190013             
10      17             -0.0016118784240622339             
17      38             -0.0016118816534182664             
12      17             -0.0016118838223924126             
17      31             -0.001611884629589895              
17      41             -0.0016118852910242606             
9       17             -0.0016118876254985204             
15      17             -0.0016118877033143228             
17      40             -0.0016118883647486884             
3       5              -0.0016451904778994053             
3       45             -0.0016451914050316374             
21      28             -0.0017510058867710177             
35      45             -0.0018406481963521293             
5       35             -0.0018406548557635613             
12      28             -0.001954780428437705              
9       28             -0.001954780503272184              
15      28             -0.001954780578106649              
28      40             -0.0019547812141996745             
28      31             -0.001954781347435243              
28      38             -0.001954781925127172              
28      41             -0.0019547819835282684             
10      28             -0.001954782544786822              
14      49             -0.0021943644858355427             
32      49             -0.002194365190071504              
23      35             -0.0022596358055503654             
18      49             -0.002817520487745334              
19      49             -0.0028175212359960317             
37      43             -0.00302801699838344               
6       18             -0.003134867958470927              
6       19             -0.0031348687005204184             
46      49             -0.0031769860535522526             
20      26             -0.0033266732304319743             
6       7              -0.0034791480869406782             
19      31             -0.003482432100887292              
19      41             -0.0034824327540224354             
19      38             -0.003482432793864114              
10      19             -0.003482433330318148              
12      18             -0.003482434371044625              
9       18             -0.0034824344478840558             
15      18             -0.0034824345247234795             
12      19             -0.003482434982365848              
9       19             -0.0034824350592052786             
15      19             -0.0034824351360447023             
18      40             -0.003482435177858609              
19      40             -0.0034824357891798455             
18      41             -0.003482435867991532              
18      38             -0.0034824359078331688             
10      18             -0.0034824364442872374             
18      31             -0.003482438940146694              
22      34             -0.0034911100084240587             
22      33             -0.00349111039725198               
13      22             -0.0034911104986853486             
25      48             -0.003768301647511005              
4       24             -0.003770300774667168              
30      37             -0.003784785255489774              
16      37             -0.003784788095006958              
9       37             -0.004133442790497439              
15      37             -0.004133442864311866              
37      40             -0.00413344349173448               
31      37             -0.004133443673932341              
37      38             -0.004133444192971528              
37      41             -0.004133444301354955              
10      37             -0.004133444854963156              
12      37             -0.004133446441973311              
35      36             -0.004260081020176394              
10      20             -0.004261852323579375              
12      20             -0.00426185397261232               
9       20             -0.0042618540493115295             
15      20             -0.004261854126010732              
20      40             -0.004261854777953988              
20      31             -0.0042618548216823635             
20      38             -0.004261855506596454              
20      41             -0.004261862924206217              
26      29             -0.004601007367914689              
6       43             -0.004774889376332331              
7       22             -0.004778643310619474              
12      24             -0.004891429731477624              
9       24             -0.004891429801212557              
15      24             -0.0048914298709474835             
24      40             -0.004891434188984696              
24      31             -0.0048914345669983095             
24      38             -0.004891434851466543              
24      41             -0.004891435159745217              
10      24             -0.0048914356827572045             
41      45             -0.004907517263237793              
10      45             -0.004907517856573458              
5       31             -0.004907519524959443              
12      45             -0.004907519557469035              
9       45             -0.004907519636580461              
15      45             -0.00490751971569188               
5       41             -0.00490752019740652               
31      45             -0.004907520316080993              
5       38             -0.004907520348575861              
40      45             -0.004907520388138971              
38      45             -0.004907521139697488              
5       10             -0.004907524516032484              
5       12             -0.00490752621692804               
5       9              -0.004907526296039459              
5       15             -0.004907526375150878              
5       40             -0.004907527047597962              
20      24             -0.0049290574088934405             
20      29             -0.00527339527642165               
23      43             -0.005287380904594748              
3       17             -0.005402842647085876              
35      43             -0.00547394061549096               
2       37             -0.0056730337738737785             
9       11             -0.005722386438508233              
11      41             -0.005722387643710858              
11      12             -0.005722390079795608              
11      15             -0.005722390247801454              
11      40             -0.005722390961826293              
10      11             -0.005722391999023073              
11      31             -0.0057223943802666155             
11      38             -0.0057223954851443465             
30      44             -0.00634498338525491               
16      44             -0.00634498970520847               
6       49             -0.006425691196021918              
11      26             -0.006503551901039704              
34      43             -0.006531172564234904              
13      43             -0.00653117686090237               
33      43             -0.0065311804679767035             
7       39             -0.006646412718074625              
7       8              -0.006646415072400089              
7       42             -0.006646421974594745              
17      29             -0.007025324791537765              
23      37             -0.007037912022330214              
18      21             -0.007135190023356511              
19      21             -0.007135190728602012              
20      30             -0.007167235741874348              
16      20             -0.00716723854677416               
42      49             -0.007204342465382263              
8       49             -0.00720434316961821               
39      49             -0.0072043449302080925             
27      43             -0.0072383245279104905             
5       25             -0.007324504640821211              
25      45             -0.007324509193276735              
35      37             -0.00745557361890721               
24      36             -0.007572247486874198              
7       32             -0.007575584605283313              
7       14             -0.0075755877821876705             
23      42             -0.007717603653274112              
23      39             -0.007717605594911234              
8       23             -0.007717611658608181              
4       22             -0.007761802111966795              
16      26             -0.007762108214641218              
26      30             -0.0077621127975787615             
3       29             -0.007989520428881222              
17      44             -0.008111372590263996              
17      21             -0.00811987907214659               
7       37             -0.008233382966107393              
17      46             -0.008359708045589762              
16      40             -0.008439698104896497              
16      38             -0.00843969889725419               
12      16             -0.008439700954423028              
9       16             -0.008439701037829102              
15      16             -0.008439701121235169              
12      30             -0.008439701817464763              
16      41             -0.008439702260937189              
9       30             -0.008439705626161143              
15      30             -0.00843970570956721               
30      31             -0.008439706140317561              
30      40             -0.008439706418518843              
10      16             -0.008439706611773047              
10      30             -0.008439707474814762              
16      31             -0.008439709002566166              
30      41             -0.008439710574559493              
30      38             -0.008439710936166848              
20      44             -0.00846461693722933               
25      27             -0.008481223047660622              
29      31             -0.008575077511868631              
29      38             -0.00857507837606241               
29      40             -0.008575081343090124              
29      41             -0.008575081915604403              
10      29             -0.008575082514232758              
12      29             -0.00857508423030072               
9       29             -0.008575084310117838              
15      29             -0.008575084389934949              
11      35             -0.008652742774503903              
37      47             -0.00869986306120539               
25      44             -0.008710703486565663              
21      26             -0.008725788758792194              
17      47             -0.008785285760810502              
4       11             -0.008882967237844125              
12      36             -0.00892012007134941               
9       36             -0.008920120153426872              
15      36             -0.008920120235504328              
36      41             -0.008920121416393346              
36      38             -0.008920121712898618              
10      36             -0.008920122031974308              
36      40             -0.008920124658453044              
31      36             -0.008920128169315533              
27      42             -0.00902510722196908               
27      39             -0.009025109079659345              
8       27             -0.00902511147802803               
11      28             -0.009026604728652896              
29      36             -0.009038763110174097              
16      17             -0.009310049194820508              
17      30             -0.009310050128610206              
28      29             -0.009392570313500194              
36      47             -0.00961918855404717               
36      45             -0.00979550335718904               
5       36             -0.009795509904917565              
4       25             -0.009918703979226277              
12      21             -0.00992098379466387               
9       21             -0.009920983877633932              
15      21             -0.009920983960603987              
21      41             -0.009920985113822417              
21      31             -0.009920988133867208              
21      40             -0.009920988391139786              
21      38             -0.009920989179355355              
10      21             -0.009920989461388176              
4       36             -0.009944908995427743              
16      29             -0.010049065445089544              
29      30             -0.010049066402894935              
27      35             -0.010072884385824654              
4       28             -0.01022263169257781               
23      32             -0.010280888595823205              
14      23             -0.010280895491650337              
7       35             -0.010446523090821482              
22      43             -0.010594384840313789              
21      29             -0.010683934999820802              
26      44             -0.010845162777325681              
26      34             -0.011237698219614317              
26      33             -0.011237698630570295              
13      26             -0.011237698737776199              
4       43             -0.011242714834443765              
28      30             -0.011259022171377066              
16      28             -0.01125902499865368               
1       11             -0.011263886089250677              
25      31             -0.011364274446060904              
25      41             -0.011364275085234028              
10      25             -0.011364275649210318              
12      25             -0.011364277265942344              
9       25             -0.011364277341139185              
15      25             -0.01136427741633602               
25      40             -0.011364278055509144              
25      38             -0.01136427876987911               
4       18             -0.011367889965243204              
4       19             -0.011367890651578443              
42      47             -0.011623774842160373              
8       47             -0.011623779254573363              
39      47             -0.01162378097238008               
5       28             -0.011828516150367709              
28      45             -0.01182852069883722               
8       22             -0.011968531352548113              
22      39             -0.011968532704993047              
22      42             -0.011968534536860434              
2       4              -0.012022273803179884              
28      43             -0.012157760820921432              
26      37             -0.012216162322170522              
27      37             -0.0123044116563387                
27      32             -0.012609320207679874              
14      27             -0.01260932340220152               
2       7              -0.013007901015594181              
17      35             -0.01317173530065189               
24      35             -0.013232963947312937              
21      25             -0.013276420810734657              
36      49             -0.013281418297428252              
1       12             -0.013338847312723535              
1       9              -0.013338847395221995              
1       15             -0.013338847477720461              
1       31             -0.013338847944321441              
1       40             -0.013338848178957398              
1       41             -0.013338848645558385              
1       38             -0.0133388489626928                
1       10             -0.013338849264296862              
18      29             -0.013390409883145778              
19      29             -0.013390410561591244              
29      47             -0.013401130916076448              
37      44             -0.013721492095190968              
32      33             -0.013835796674933634              
14      34             -0.01383579935040656               
32      34             -0.013835799905063152              
14      33             -0.013835803570857633              
13      14             -0.013835803700030007              
13      32             -0.013835804254686605              
18      30             -0.013984358223071466              
16      18             -0.013984361026288625              
16      19             -0.013984361735240244              
19      30             -0.013984362657313398              
25      29             -0.014070810365096685              
7       26             -0.014077324796816247              
24      29             -0.014189598924419289              
4       37             -0.014256090240134425              
43      48             -0.014265912738228873              
14      35             -0.014318984795179547              
32      35             -0.014318989095865604              
18      46             -0.014324627935013157              
19      46             -0.01432462864858404               
24      47             -0.014345718964746165              
27      48             -0.014369828203395635              
28      36             -0.014441616269870235              
2       24             -0.014714580481067024              
2       23             -0.014821440415366614              
17      34             -0.014829723246502613              
17      33             -0.014829723693943517              
13      17             -0.01482972381066723               
11      25             -0.014933067227086885              
8       43             -0.014955602530728057              
39      43             -0.014955607832231224              
42      43             -0.014955609350823504              
3       26             -0.01498085521823151               
14      22             -0.015004690982532529              
22      32             -0.015004691523510506              
2       49             -0.015106729475912822              
24      46             -0.015284944199089587              
24      37             -0.015454986983084347              
2       5              -0.015483338666580512              
2       45             -0.0154833395453879                
16      25             -0.015580691618533496              
25      30             -0.015580692520895563              
26      46             -0.01562237330765879               
20      48             -0.015771372399646627              
1       14             -0.015801337375978664              
1       32             -0.01580134176125668               
7       17             -0.015955466091692676              
26      43             -0.016167730534432614              
2       44             -0.016253734362316544              
2       29             -0.016307424871772808              
25      36             -0.016314707116532698              
4       17             -0.016365945141431096              
20      34             -0.01637044537610268               
13      20             -0.016370445932171934              
20      33             -0.016370449542413415              
1       42             -0.016507505040366174              
1       8              -0.01650750570035389               
1       39             -0.016507507350323164              
1       24             -0.016690177475594724              
21      45             -0.016691179172976772              
5       21             -0.016691185710886708              
18      43             -0.016819962413746697              
19      43             -0.016819963083637167              
2       43             -0.016852178184225255              
7       28             -0.016936716506330746              
28      34             -0.01702243569977807               
13      28             -0.017022436242328007              
28      33             -0.01702243985536659               
20      35             -0.01705119685456736               
4       38             -0.01706437595013975               
4       15             -0.01706437822201423               
4       31             -0.017064378757864263              
4       40             -0.017064378908349477              
4       10             -0.017064380049789434              
4       12             -0.017064381785813883              
4       9              -0.01706438186655921               
4       41             -0.017064383169489807              
2       33             -0.017097681819857304              
2       34             -0.017097685085771017              
2       13             -0.01709768566498497               
2       27             -0.01712522127570397               
7       11             -0.017209697039091865              
14      43             -0.017216059460864783              
32      43             -0.017216060091349947              
20      46             -0.017222403953709067              
4       23             -0.017289330208037863              
3       24             -0.017350415424585847              
6       24             -0.017441874258145994              
24      43             -0.017512839011938508              
17      43             -0.017532023283242736              
2       8              -0.017656846242811164              
2       39             -0.017656847840642767              
2       42             -0.017656849328968813              
28      48             -0.01794030924299568               
23      45             -0.018152219929196446              
5       23             -0.01815222289170073               
24      45             -0.018163331489235754              
5       24             -0.01816333444744181               
21      43             -0.01819936860805131               
26      42             -0.01846896583771889               
8       26             -0.018468966409483728              
26      39             -0.018468967838895796              
2       25             -0.01853476761020883               
26      35             -0.018557706810410912              
8       28             -0.01859399294200781               
28      39             -0.01859399443869727               
28      42             -0.01859399606862231               
2       17             -0.018704221504412637              
3       42             -0.01882949189217742               
3       39             -0.018829494252150372              
3       8              -0.018829496291745712              
20      36             -0.018869599406216145              
13      49             -0.01904271875727119               
34      49             -0.019042721844347653              
33      49             -0.019042722350517245              
26      47             -0.01906227504743698               
21      35             -0.019271621200610663              
29      48             -0.019318021193833648              
37      48             -0.019330796870553626              
22      44             -0.019334871053070732              
7       21             -0.019355905567569914              
3       22             -0.019410446589926453              
2       20             -0.01944311656046907               
20      42             -0.019494472230293165              
8       20             -0.019494472843886834              
20      39             -0.01949447437787096               
7       29             -0.01953823307726238               
3       35             -0.01960620587696857               
1       37             -0.019751060574511682              
6       17             -0.01991218086975935               
4       20             -0.01995166812010101               
22      48             -0.01999726793885672               
23      36             -0.020135396902050393              
7       30             -0.020171321496614984              
7       16             -0.020171324399326382              
7       36             -0.020255048666462903              
5       27             -0.020448580493007164              
27      45             -0.020448584948104358              
18      33             -0.020462727926902707              
19      33             -0.02046272851622534               
18      34             -0.0204627312103663                
13      18             -0.02046273176745215               
19      34             -0.020462731799688924              
13      19             -0.02046273235677478               
5       18             -0.02048281990287009               
5       19             -0.02048282057531716               
18      45             -0.020482820748103793              
19      45             -0.020482821420550877              
1       13             -0.020777805553929544              
1       34             -0.02077780868110598               
1       33             -0.02077780915547215               
14      28             -0.020865866700652408              
28      32             -0.020865874749908794              
43      46             -0.02095578725232093               
7       19             -0.020978531898308228              
7       18             -0.020978535040938474              
2       26             -0.02101605695644257               
4       14             -0.02111373839743476               
4       32             -0.021113739043397348              
22      47             -0.021226455635900296              
21      33             -0.021388988169846343              
13      21             -0.021388988294301442              
21      34             -0.0213889914180588                
29      43             -0.02142497915769616               
4       16             -0.021608595767776045              
4       30             -0.02160859673671993               
18      36             -0.021629645195231154              
19      36             -0.02162964961817987               
16      35             -0.021674061689554262              
30      35             -0.021674062552647894              
1       35             -0.021801459500441225              
8       17             -0.021809963254890402              
17      42             -0.021809966357654212              
17      39             -0.021809968536496846              
8       32             -0.0218585082497937                
32      39             -0.021858513697382342              
14      42             -0.021858514366114135              
32      42             -0.021858515011454943              
8       14             -0.021858515055033473              
14      39             -0.02185851677733182               
21      37             -0.021866084293786586              
39      48             -0.021913666424064504              
42      48             -0.021913667664113623              
8       48             -0.021913668374182543              
14      26             -0.022097321727410434              
26      32             -0.022097322299175264              
27      36             -0.022128427314969647              
31      47             -0.022204217389436634              
10      47             -0.02220421876368201               
41      47             -0.022204221844794786              
38      47             -0.02220422232813095               
12      47             -0.02220422433561453               
9       47             -0.022204224421504867              
15      47             -0.022204224507395204              
40      47             -0.022204225237463057              
24      42             -0.022262671608166584              
8       24             -0.022262672166046042              
24      39             -0.022262673560744656              
11      20             -0.022310121611598982              
14      20             -0.022392045076783898              
20      32             -0.022392045690377546              
1       5              -0.02252633499130928               
1       45             -0.022526335898792382              
16      34             -0.022531807368110092              
16      33             -0.02253180784769502               
13      16             -0.02253180797280413               
30      34             -0.022531808200094976              
30      33             -0.02253180867967991               
13      30             -0.022531808804789027              
8       25             -0.022587018758216303              
25      42             -0.022587021881931887              
25      39             -0.022587023987443368              
22      45             -0.02269893826289876               
5       22             -0.022698941244344337              
11      13             -0.022777626309222657              
11      34             -0.022777629425491767              
11      33             -0.022777633633798866              
21      44             -0.022787296555993555              
8       21             -0.022999273801482006              
21      39             -0.022999275460883192              
21      42             -0.022999276863011814              
9       46             -0.023124624745330745              
31      46             -0.02312462523856467               
40      46             -0.02312462554285115               
41      46             -0.02312462595213556               
38      46             -0.023124626340371546              
10      46             -0.02312462658175693               
12      46             -0.023124628386671522              
15      46             -0.023124628554570557              
8       18             -0.023317032152327673              
19      42             -0.02331703222328685               
8       19             -0.02331703283800228               
18      39             -0.023317033689116216              
18      42             -0.02331703526290254               
19      39             -0.023317038100081136              
22      36             -0.0233562867716203                
12      48             -0.023393519034610885              
9       48             -0.023393519123369497              
15      48             -0.023393519212128108              
31      48             -0.023393519431453166              
40      48             -0.02339351996657632               
38      48             -0.023393520809783144              
10      48             -0.023393520851590993              
41      48             -0.02339352391119169               
22      49             -0.02340350630579071               
27      44             -0.02366174723201766               
2       35             -0.023739153533424782              
16      43             -0.023938561633523106              
30      43             -0.02393856257925084               
24      34             -0.02395472233600894               
24      33             -0.023954722736984797              
13      24             -0.023954722841587194              
3       23             -0.023969645777916347              
11      43             -0.02398509043880949               
25      34             -0.024028212847549933              
25      33             -0.024028213279931758              
13      25             -0.02402821339272701               
36      43             -0.024288620536480482              
6       26             -0.02448120897374531               
11      23             -0.024571816279857127              
14      25             -0.024696197822574845              
25      32             -0.02469619842414955               
14      18             -0.02476343151983204               
18      32             -0.024763432134547472              
14      19             -0.024763435977099138              
19      32             -0.02476343659181457               
7       24             -0.024801262391971127              
14      17             -0.024852008887275012              
17      32             -0.024852009509801473              
2       18             -0.02500922717943501               
2       19             -0.025009227858513436              
5       17             -0.025064166171276332              
17      45             -0.02506417075254052               
31      49             -0.025208210943040404              
41      49             -0.025208211691291116              
10      49             -0.025208212351512313              
12      49             -0.025208214244146432              
9       49             -0.025208214332175932              
15      49             -0.02520821442020542               
40      49             -0.025208215168456116              
38      49             -0.025208216004736314              
27      49             -0.025732338328831386              
28      49             -0.025808110395970058              
34      47             -0.025919774160023328              
13      47             -0.02591977478272827               
33      47             -0.025919778379183064              
5       14             -0.025976783401846032              
5       32             -0.02597678403473741               
14      45             -0.025976784349110132              
32      45             -0.02597678498200151               
17      37             -0.025987739927810893              
19      37             -0.026178783655475116              
18      37             -0.026178784890697644              
5       26             -0.026506222091606295              
26      45             -0.026506222877782933              
30      42             -0.0266957463750562                
8       30             -0.026695747042304818              
16      39             -0.026695747742415052              
30      39             -0.026695748710426292              
16      42             -0.026695749132335286              
8       16             -0.02669574979958389               
11      42             -0.026705390342017785              
8       11             -0.026705391014041166              
11      39             -0.026705396419389904              
6       41             -0.02684289621294207               
6       10             -0.026842896867691632              
6       31             -0.02684289919618288               
6       12             -0.02684290246993068               
6       9              -0.02684290255723061               
6       15             -0.026842902644530556              
6       40             -0.02684290338658006               
6       38             -0.026842904215929497              
7       48             -0.026856761480070747              
17      36             -0.026949816826564915              
4       21             -0.02696435306268903               
4       26             -0.027094043954118137              
4       27             -0.027132082260645757              
35      47             -0.027189982965474417              
16      45             -0.027254502904164396              
5       30             -0.02725450293603464               
30      45             -0.027254503853501463              
5       16             -0.027254505711987884              
1       6              -0.027294533095825607              
28      37             -0.02750113225131863               
26      36             -0.02769467194020786               
11      22             -0.027702153948813257              
4       7              -0.027726965594191008              
14      29             -0.02781671973611119               
29      32             -0.027816724099938406              
25      35             -0.02836236231902555               
3       27             -0.02836434073881553               
23      47             -0.02847284035690397               
11      29             -0.028661649553103838              
10      44             -0.02874364032585079               
31      44             -0.02874364254363837               
41      44             -0.028743643344499192              
38      44             -0.028743644235935964              
12      44             -0.028743646076847873              
9       44             -0.028743646171066783              
15      44             -0.028743646265285708              
40      44             -0.02874364706614653               
5       11             -0.028757284391178                 
11      45             -0.028757285315210157              
22      46             -0.029046032442853552              
6       25             -0.029364310677348363              
23      48             -0.02992541341594293               
23      44             -0.03071534774672202               
34      48             -0.030879041629663977              
33      48             -0.030879042140026007              
13      48             -0.03087904227316393               
27      46             -0.030901395708500964              
28      46             -0.030937620563312923              
1       44             -0.03098713381206042               
6       22             -0.031041423809031535              
23      49             -0.03160740429691319               
6       20             -0.031737514299053804              
2       28             -0.03314169171840414               
24      44             -0.033552421284029396              
27      47             -0.033811387383388916              
7       46             -0.033876142466308455              
3       12             -0.03439248350868239               
3       9              -0.034392483592967135              
3       15             -0.03439248367725188               
3       31             -0.03439248593593978               
3       40             -0.03439248625631739               
3       10             -0.03439248728449575               
3       41             -0.03439248851500529               
3       38             -0.034392488919667646              
6       27             -0.03483411578833048               
23      46             -0.036505492043305464              
6       23             -0.03742883428848612               
3       13             -0.04433104662405354               
3       34             -0.04433104694431169               
3       33             -0.04433104836027157               
