#======================================================================
# PARAMETERS USED FOR THIS COMPUTATION: 
#      Sequence type: RNA
#      Total number of sequences in alignment data: 63
#      Length of sequences in alignment data: 57
#      Effective number of sequences: 14.011370247686035
#      Value of sequence identity: 0.8
#      Value of relative pseudocount: 0.5
# The First and Second columns represent sites and the
# Third column is MFDCA Frobenius norm, average product corrected (APC) DCA score
#======================================================================
21      36             1.6056492277573078                 
18      39             1.3303317499672396                 
43      44             1.2724597457661222                 
19      38             1.254541779698097                  
13      51             1.0342135309307574                 
47      50             0.8864729561217858                 
17      23             0.878559530032661                  
48      51             0.8462786585271243                 
23      40             0.8137642833474166                 
26      27             0.7569277771126087                 
17      40             0.747139048596014                  
21      37             0.7178499045767116                 
36      37             0.7178499045767106                 
49      52             0.7099995535111291                 
29      34             0.6676489285750304                 
47      49             0.6650913493903681                 
3       6              0.6639975366776689                 
27      38             0.6539235222549715                 
34      40             0.6533233928181554                 
17      34             0.6216045502201508                 
27      33             0.5955921876974836                 
29      40             0.5860787990838694                 
20      37             0.5797949687444351                 
53      56             0.575504704798539                  
3       4              0.5715502847891867                 
23      34             0.5679899159020878                 
11      13             0.5616015149103795                 
17      29             0.5569124126906758                 
38      39             0.5098040658916251                 
4       7              0.507635242627669                  
55      56             0.5049840473833798                 
14      43             0.5049124272018035                 
23      29             0.5034677159768026                 
46      47             0.4891547434081498                 
55      57             0.4883061525360955                 
26      39             0.48418501103823836                
12      27             0.48143771167934146                
2       10             0.4751146709565788                 
11      22             0.4725567993728436                 
20      38             0.46863502494005427                
45      48             0.4538178367210155                 
15      55             0.4527310262485551                 
11      45             0.4526677743559473                 
19      27             0.4522864140329176                 
11      53             0.4514040447468564                 
9       37             0.45056026600867133                
12      44             0.44931273348501544                
49      50             0.44596573106945725                
3       7              0.42980777836025924                
13      30             0.4254724751173957                 
51      52             0.4247507212268673                 
29      30             0.4217363856321835                 
9       44             0.4206190974303646                 
19      20             0.4192577439720173                 
8       31             0.4176870105493556                 
27      52             0.4162245323155811                 
22      45             0.4156424094690991                 
50      52             0.4083325800201908                 
46      50             0.40677672120530295                
41      42             0.40385948195179494                
15      16             0.40277212838051135                
14      44             0.40191773380946677                
38      44             0.4010347153757787                 
1       8              0.3981607009135424                 
1       31             0.3908538733809798                 
13      36             0.38686116094073997                
13      21             0.3868611609407392                 
19      39             0.38421072685277846                
22      34             0.3839763102324327                 
7       10             0.3797918509823969                 
49      53             0.3787192780115612                 
10      24             0.37574693573011786                
20      39             0.373185262551312                  
44      48             0.3717737934287118                 
24      28             0.36983265994522313                
47      52             0.3696426221522734                 
2       24             0.36961433088690154                
11      12             0.3685471799611665                 
47      48             0.36320888123718825                
29      37             0.3594031863023802                 
2       7              0.35580960028852826                
18      26             0.35435270641762406                
30      37             0.35010772746328156                
54      57             0.3483847617314662                 
46      48             0.3483544916886043                 
18      46             0.3479195798837703                 
4       11             0.34596202530883324                
11      57             0.3445653559981834                 
3       46             0.3408356711958109                 
48      49             0.33897943366601657                
9       30             0.33734078513199833                
22      29             0.3328308132286723                 
48      50             0.3317267824725467                 
25      35             0.3285792765805662                 
43      55             0.32727597718870666                
18      52             0.3268889559421576                 
19      49             0.32354790579871207                
1       17             0.3224413228214155                 
30      34             0.3220052009447063                 
11      50             0.31607894608587705                
44      47             0.31158828370579045                
17      31             0.31102621113023554                
8       54             0.31028755140516107                
25      42             0.31017984148946354                
25      41             0.3101798414894634                 
22      40             0.3100518113932245                 
35      42             0.30871525659343263                
35      41             0.3087152565934323                 
43      57             0.3079074351605627                 
24      32             0.304410764792844                  
37      38             0.3042042958939044                 
18      47             0.3036633588666078                 
13      14             0.30332566017582785                
20      30             0.2994936493144025                 
18      19             0.2978999176749685                 
34      37             0.29744508159493277                
9       56             0.295259431311457                  
43      47             0.29177695789103764                
14      51             0.29157310013992344                
12      47             0.28906360054351976                
5       6              0.28817103907754815                
43      51             0.28549479460851424                
27      44             0.2844135729993128                 
19      52             0.2840414097445534                 
28      32             0.28296418795039946                
20      21             0.28005961638187415                
20      36             0.28005961638187316                
11      51             0.2776153702868066                 
46      52             0.2772688995886994                 
7       24             0.27669764528996543                
3       11             0.2745313744627701                 
9       20             0.273953009382889                  
19      51             0.2731917228765247                 
56      57             0.27153734586377937                
14      30             0.2680341768078861                 
7       46             0.2671983573561166                 
39      49             0.26707620192626746                
43      45             0.26526088903299094                
16      25             0.2639138214018808                 
20      52             0.26106679004864974                
11      56             0.26086676495324257                
16      35             0.2601377866201627                 
11      52             0.2596008808444331                 
12      50             0.25762206580434566                
8       55             0.25721348475090056                
17      22             0.2570997531407852                 
1       23             0.2569404444231816                 
38      52             0.2553204927045456                 
13      46             0.25322579062907646                
10      28             0.2529788048402747                 
38      49             0.25270324437663105                
5       15             0.2523285362441059                 
4       18             0.2522409510712331                 
2       28             0.2520435955571432                 
26      55             0.250574084962515                  
39      46             0.2503854943250514                 
16      42             0.24838231938121547                
16      41             0.2483823193812154                 
33      39             0.24794647893277522                
8       10             0.24693389490517695                
4       46             0.24665644181731927                
7       30             0.24376841952068296                
26      56             0.2420766437737668                 
45      52             0.2419849925518318                 
23      31             0.24129350832733149                
4       39             0.2412380973225332                 
6       26             0.2403760669409598                 
37      45             0.24011497371353163                
14      57             0.23966012950503351                
46      51             0.2380941695840657                 
13      48             0.23800353850338252                
46      49             0.23781773153120578                
9       36             0.23781312105358243                
9       21             0.2378131210535815                 
45      55             0.23600106510956737                
44      51             0.23494922439763488                
45      57             0.2320467931884757                 
37      40             0.2306320370469302                 
27      57             0.22810529225176557                
2       8              0.22714716186401177                
33      46             0.2263849799886829                 
20      43             0.226004972083927                  
22      23             0.22558257102128992                
45      53             0.22548138748811092                
9       55             0.22511870026468978                
44      45             0.22431362254731146                
8       56             0.22419906287196056                
43      53             0.22285478236497908                
15      25             0.22192477709394545                
24      31             0.221217296105316                  
25      28             0.22104166509274065                
3       18             0.2202460510951672                 
15      35             0.2196985189237256                 
24      54             0.21949332865756113                
6       15             0.2189251557129497                 
53      54             0.2189080659536815                 
10      32             0.21850501626644228                
28      35             0.21844330427321776                
3       39             0.21793140447527687                
18      50             0.21729814393853342                
2       32             0.21681698695735363                
5       16             0.21632717588147155                
26      30             0.21580431275620715                
14      48             0.2142476492769928                 
8       19             0.21327240900745992                
1       12             0.2109924333795108                 
9       12             0.2098240820784607                 
8       17             0.2094471770125163                 
15      42             0.2093797656514513                 
15      41             0.20937976565145125                
5       25             0.20917903101708463                
30      40             0.20884027857591575                
24      33             0.20866627480563615                
20      49             0.20715034556647316                
14      49             0.20697669161332                   
8       53             0.20637044823771516                
5       35             0.20632671294922492                
50      51             0.20529304934360204                
28      41             0.2051739049242952                 
28      42             0.2051739049242943                 
14      52             0.20442062539389416                
36      38             0.20390310304590814                
21      38             0.20390310304590786                
30      50             0.19998269655570833                
14      45             0.1993418073227552                 
26      53             0.1987838633384318                 
28      31             0.1978476615458865                 
6       35             0.1977795102860677                 
5       42             0.19734312946785426                
5       41             0.19734312946785415                
6       16             0.19705493361968937                
4       5              0.1940761139750517                 
17      37             0.19345824068056194                
19      44             0.19308653367442963                
53      57             0.19259463458492715                
27      55             0.19109948389100312                
30      39             0.19055332490886523                
32      54             0.19005305714885298                
6       25             0.18991003109021795                
14      46             0.1886949251654776                 
9       32             0.18705154181703457                
1       5              0.18682644862361653                
5       10             0.18539666770293628                
47      51             0.1842115149407535                 
7       11             0.18410910279483544                
18      38             0.18225602946577102                
10      33             0.18166672695402775                
33      54             0.17951746212120429                
17      30             0.1792149027848392                 
43      49             0.17844779421431567                
14      22             0.17789071014394758                
12      48             0.17656703614793917                
6       41             0.1764544024160496                 
6       42             0.17645440241604915                
4       20             0.17610405608593654                
1       18             0.17557015630605732                
24      35             0.17520989083808766                
32      47             0.1729652799858868                 
10      53             0.17246594276235155                
31      56             0.17222821439411445                
33      43             0.17077281510700404                
16      28             0.1706710073225792                 
24      25             0.1703459212483312                 
2       5              0.17017748935502125                
20      56             0.16925164027482187                
26      47             0.16923529112445357                
34      45             0.16903909996961197                
13      39             0.16886517279309243                
11      30             0.16868001272103383                
12      18             0.16864749534578194                
8       24             0.16842683644587525                
18      31             0.16841424401815736                
34      43             0.16660975226056024                
33      45             0.1664866728900497                 
2       33             0.1662442871745004                 
24      29             0.1646441169269335                 
2       53             0.16438061807193816                
27      47             0.16418915034548398                
7       39             0.1631004271474874                 
13      18             0.1613067298308979                 
48      53             0.16047986095132644                
31      32             0.16013429432661686                
11      43             0.15825152823667854                
24      41             0.15805303252757022                
24      42             0.1580530325275699                 
4       52             0.1563883679333029                 
14      21             0.15595831404670624                
14      36             0.15595831404670546                
22      43             0.15576699579107428                
7       18             0.15537792745132412                
22      25             0.15503855469690314                
25      32             0.15462260029959904                
28      29             0.15404918830746073                
12      38             0.15334741182216927                
13      29             0.1533252810093063                 
32      35             0.15272379723041762                
12      13             0.151912763075715                  
22      35             0.15169703699331158                
54      55             0.15064633137435407                
29      33             0.1506358672604437                 
22      53             0.15023861908049402                
49      51             0.14849205575125712                
5       9              0.1482972074824613                 
11      46             0.14827045158922314                
14      27             0.14765147356106645                
22      42             0.1459260475389432                 
22      41             0.14592604753894298                
12      30             0.14409354486012216                
3       20             0.14403860817722136                
26      44             0.14317254125201145                
7       53             0.14287986618803944                
28      54             0.1417697054872783                 
3       52             0.14070719804573933                
43      48             0.1406453264722312                 
39      51             0.14030412819451465                
26      54             0.1393850931692161                 
30      44             0.1374510484181769                 
38      51             0.13721552076630872                
22      51             0.13675864883629213                
15      28             0.13651209189649863                
50      53             0.13591577034092062                
30      33             0.1355236352082022                 
27      36             0.1350118305883582                 
21      27             0.1350118305883578                 
7       28             0.13496251802232448                
27      49             0.13376904862954642                
24      53             0.13338254776604247                
32      42             0.13297405646962887                
32      41             0.13297405646962787                
40      43             0.1324530580372862                 
33      52             0.1320878233342927                 
16      24             0.13184105466283907                
25      34             0.1316686254339398                 
22      57             0.131397254207737                  
4       30             0.13067182264316662                
34      35             0.13017999351930692                
20      54             0.13011860178869772                
10      31             0.13001925719171079                
22      52             0.1298998614413268                 
3       5              0.12982148608267566                
18      21             0.12940725045303153                
18      36             0.12940725045303136                
8       57             0.12861559711914244                
7       52             0.12824610167636302                
1       6              0.1279464233831572                 
2       31             0.12669485648052622                
4       6              0.12669297293289414                
6       10             0.12640274634315957                
30      47             0.12637179804174825                
7       20             0.12599035342639792                
39      44             0.12435748655590695                
33      56             0.12300529545516575                
10      15             0.12221103473963085                
16      22             0.1221245655504867                 
23      37             0.121681712031456                  
5       26             0.12045000340697887                
1       15             0.12027973919704463                
27      48             0.11909213164557231                
27      46             0.11908953783726806                
40      45             0.11825812008803693                
16      32             0.11814452472578624                
12      49             0.11804589396532483                
1       2              0.1169128665723198                 
26      38             0.11653506848619105                
1       49             0.11645278200023407                
8       23             0.11498102697236778                
4       15             0.11492498819348956                
7       54             0.11480201112870231                
44      49             0.11472667951643134                
2       15             0.11391511152684022                
34      41             0.11264209089699792                
34      42             0.11264209089699792                
2       54             0.11180982402625114                
7       8              0.10993835048697653                
27      54             0.10940439390680978                
47      55             0.10729950431243607                
40      42             0.10719025379583311                
40      41             0.10719025379583288                
10      54             0.10715620874263512                
5       14             0.10656380663761758                
18      30             0.10568252225223007                
38      46             0.10566406821038027                
29      43             0.10500272733805882                
11      18             0.10477334137613614                
28      33             0.10467380201531318                
16      55             0.10339995796579488                
33      38             0.1027265397219913                 
5       22             0.10253765708690779                
15      22             0.10252759378803436                
7       13             0.10189595010338387                
2       6              0.10172208762012891                
12      52             0.10157086819413552                
5       28             0.10150452080663933                
20      47             0.10044863609888999                
29      32             0.09950077628680537                
32      50             0.09913570358506507                
27      39             0.0979575693293031                 
30      51             0.09791508605952126                
15      24             0.09784774596174187                
12      43             0.09599720566195591                
53      55             0.09528546067078825                
1       19             0.09482100970784668                
31      49             0.09385426742851194                
9       11             0.09362891045801292                
24      37             0.09349468694474494                
48      52             0.09342907961065139                
1       40             0.09273639693798158                
15      32             0.0923948995753992                 
14      39             0.09215362008344052                
45      56             0.09016264910832877                
54      56             0.08927945910038576                
12      54             0.08910191098869769                
10      37             0.08885497136740206                
6       9              0.08794687462771145                
4       16             0.08741021291645865                
19      37             0.08633378478836473                
12      26             0.08628522922830972                
6       28             0.0858135363481094                 
31      40             0.08572447297457747                
8       32             0.08508814025770398                
2       37             0.08505813037016513                
10      56             0.08487205269677087                
20      44             0.08478827700387015                
8       18             0.08431815243830787                
3       30             0.08338520375043196                
16      34             0.08326785379845619                
12      19             0.08297940292897243                
10      16             0.08249981530190226                
27      32             0.08111637466245603                
13      45             0.08030678105012157                
48      54             0.08023854340826292                
1       16             0.08022091841029186                
2       16             0.08017778709919174                
23      49             0.07981606672592073                
5       7              0.07878023716626736                
22      28             0.07838894689218148                
12      31             0.07831678720748059                
3       15             0.07802644089177496                
19      31             0.07799848823840655                
11      14             0.0763005336303677                 
8       28             0.07619542016801245                
6       22             0.07558955439269546                
7       32             0.07549129999862797                
21      24             0.0743592790983173                 
24      36             0.07435927909831613                
10      29             0.07381264380513114                
43      54             0.07319761909185252                
2       29             0.07292998211561094                
3       35             0.0722262085814862                 
3       16             0.07148492180535576                
4       35             0.07091405635597961                
4       25             0.07082920937943155                
12      32             0.07012621699272137                
38      47             0.07010478738143477                
50      55             0.06979239044004643                
2       56             0.06970803680686605                
29      45             0.06922810461930162                
12      39             0.06922657107571917                
5       24             0.06834993743797904                
25      31             0.06776476875893422                
19      26             0.06664328776321649                
5       32             0.06650765508404397                
1       50             0.06538999277149843                
26      50             0.06533997076550957                
31      35             0.06458178776188672                
39      47             0.06454652934961841                
8       49             0.06418118499242992                
17      18             0.06287589396946469                
20      55             0.062065025554210895               
6       14             0.05976426164108062                
11      26             0.059339004205807955               
2       35             0.058967126288143684               
4       41             0.05804922328215231                
4       42             0.05804922328215226                
23      30             0.05784757257792983                
14      55             0.05760311449701705                
10      25             0.057252869932437445               
33      42             0.056906713176002266               
33      41             0.056906713176002155               
3       25             0.05664710750618679                
10      35             0.05652670403070381                
1       46             0.05640698199250638                
37      53             0.05628332398952701                
44      57             0.05594216305075689                
2       25             0.05577886243978669                
8       12             0.055713327414132874               
4       10             0.055386202380737326               
37      56             0.05515357541718485                
31      46             0.055143448592262057               
15      26             0.054994745726285266               
8       20             0.05392123354740852                
1       35             0.053333559033736405               
43      46             0.05330246821750717                
9       15             0.05300890590372795                
1       25             0.052558265796074116               
37      54             0.05228812814789513                
26      57             0.05159243266208102                
2       3              0.051500772200977096               
31      55             0.051030617111121446               
11      37             0.050911558559015746               
24      56             0.04965104225972228                
25      33             0.04954341574167537                
10      41             0.049141179946003394               
10      42             0.04914117994600323                
8       37             0.048897325631603816               
21      28             0.048866417793576505               
28      36             0.04886641779357376                
2       41             0.048629551230370854               
2       42             0.0486295512303708                 
31      50             0.04774119342769445                
14      47             0.0475789199584985                 
23      54             0.04711891430699744                
23      25             0.04620803230909512                
19      21             0.04556374709431377                
19      36             0.04556374709431332                
6       32             0.04515684961745256                
17      45             0.04470875026977322                
8       13             0.04408946565124788                
14      33             0.044040296645524                  
7       37             0.04315067476422252                
3       42             0.043134762779916014               
3       41             0.0431347627799159                 
50      56             0.042690420523786576               
23      35             0.04254807027331581                
16      31             0.041465336212961584               
22      50             0.041246291569559834               
15      34             0.041137649981258184               
6       24             0.04000129977170677                
31      42             0.039595988110412095               
31      41             0.03959598811041179                
25      54             0.03888214938612303                
1       13             0.03875949423702141                
32      49             0.03790295055506471                
39      55             0.03786898978832831                
5       34             0.03731372094127908                
6       33             0.037215874217962575               
41      44             0.0369948320483971                 
42      44             0.03699483204839704                
19      47             0.03667882340969486                
47      57             0.036569381536820156               
24      57             0.03655164582082071                
17      43             0.036369538343451135               
1       10             0.03616866976278546                
39      50             0.03612636897693866                
45      50             0.03608528067481487                
35      40             0.03591098321524264                
2       4              0.03582873386230043                
4       13             0.03541850782357692                
13      23             0.03488628445391928                
25      40             0.03462474070793292                
28      34             0.034418751330184016               
38      43             0.03416985349040097                
10      36             0.034094925945756194               
10      21             0.034094925945755694               
13      17             0.033947889543662124               
29      35             0.033809329780959824               
7       33             0.03373609714374792                
8       26             0.033370036307940165               
25      29             0.03329259033477211                
31      57             0.03283065160510901                
1       52             0.03237044061463623                
9       14             0.031943571919596514               
1       56             0.03177867205100493                
9       45             0.031624792642291344               
9       53             0.03117654520382951                
1       41             0.03005493240753221                
1       42             0.030054932407532153               
2       36             0.029980758303575827               
2       21             0.029980758303575383               
35      54             0.02983047101686334                
32      52             0.029475754515127628               
25      36             0.029370612939115553               
21      25             0.029370612939114                  
31      33             0.02879511258567158                
9       16             0.028777244242752242               
9       43             0.028737109410789385               
23      41             0.028170957217860365               
23      42             0.028170957217860143               
20      53             0.027939572409378832               
6       7              0.02719072942300857                
42      54             0.026512498245455957               
41      54             0.02651249824545593                
32      33             0.02635156020170365                
13      31             0.02590087520861223                
16      26             0.02540493496470342                
9       52             0.02519929377759461                
35      36             0.02504959190683817                
21      35             0.025049591906836366               
38      48             0.024941660462452164               
5       56             0.024607152247067804               
6       12             0.02459902283067744                
3       26             0.02458175424713388                
17      49             0.02444478623167934                
18      23             0.024088569393168058               
17      19             0.023689000640655045               
49      55             0.0230836789165636                 
5       12             0.022948579237180744               
22      24             0.022482843908152306               
7       15             0.022333884115913527               
13      37             0.02190925967357038                
36      50             0.021455059637079776               
21      50             0.021455059637079166               
1       3              0.020715132870855857               
5       53             0.019484172686706658               
15      31             0.019225113489770324               
29      41             0.018756199948903762               
29      42             0.018756199948903707               
28      53             0.01826068930786673                
16      23             0.017711943841467737               
43      56             0.016355818776904396               
21      32             0.016282432170912575               
32      36             0.016282432170909356               
33      35             0.016162061260446614               
36      42             0.015776225119866483               
36      41             0.015776225119866316               
21      42             0.01577622511986629                
21      41             0.015776225119866177               
14      15             0.015556879243408595               
22      55             0.015421949971280047               
46      53             0.015161485042109568               
33      57             0.015143626511123887               
14      53             0.014847185530535878               
11      39             0.014034198904783857               
33      51             0.012584743604321047               
21      26             0.01135976751886314                
26      36             0.011359767518860864               
3       13             0.009744430596562437               
16      40             0.00943471623747083                
39      48             0.009421154605870563               
26      35             0.009077473982883721               
9       35             0.008833773387313032               
13      34             0.008804724177432943               
11      34             0.008682220748735314               
10      13             0.008338867759116075               
9       25             0.00818825061088127                
48      56             0.007802776485165364               
39      56             0.007644412813844925               
18      20             0.007276950701664231               
34      55             0.006969262044897673               
24      27             0.006779682735094217               
1       4              0.006004264966726791               
16      21             0.005074844574253279               
16      36             0.005074844574252613               
30      46             0.005067284945550088               
6       34             0.005004700739990403               
16      29             0.0038459208154532354              
9       38             0.003808889292948925               
4       12             0.0030751830709390138              
44      54             0.001981627365563454               
9       41             0.0014504179974693387              
9       42             0.0014504179974692832              
34      56             0.0011945776360701155              
23      45             6.028379495370828e-06              
8       50             -0.00019869467301641963            
45      47             -0.0005254922952770968             
8       40             -0.0006676935776880888             
20      57             -0.0010348665402357127             
5       57             -0.0017757428887716642             
16      54             -0.0020950883707958057             
14      20             -0.0024712874001172613             
33      53             -0.0024792071153505457             
47      54             -0.0030523026489620575             
36      45             -0.0031091764405412614             
21      45             -0.0031091764405420386             
33      34             -0.0031757835351756136             
7       16             -0.0032798963786123403             
6       45             -0.003805444832336413              
27      45             -0.003889772616360143              
52      56             -0.00445135066577429               
13      40             -0.0046322404435417686             
12      17             -0.004666028723340376              
14      16             -0.004685423354100299              
44      52             -0.004912497865590892              
25      26             -0.005073848838602624              
34      57             -0.005100215079066217              
25      57             -0.005291914573561707              
42      45             -0.005327857031960426              
41      45             -0.005327857031960537              
4       57             -0.005696065074244139              
5       8              -0.006056025971384882              
44      50             -0.006581107102698103              
29      31             -0.007210100663799457              
4       28             -0.007256426293626023              
15      23             -0.0074084912933673475             
19      46             -0.00772403266586541               
4       19             -0.008464279746974779              
27      28             -0.00880409944388233               
11      20             -0.008960798138646808              
9       10             -0.009017547279593058              
11      48             -0.011155330033387756              
28      37             -0.011314860282245653              
17      25             -0.012285576147957916              
24      34             -0.012966496651297094              
41      57             -0.01313243222782104               
42      57             -0.01313243222782104               
7       9              -0.013154259629853726              
31      51             -0.013160992450511555              
2       13             -0.013354579971062597              
19      50             -0.013475291730365324              
8       15             -0.013582780557576335              
1       51             -0.013596022269179497              
28      57             -0.013620983754301264              
43      52             -0.013756038439643792              
40      54             -0.014199896209349805              
5       23             -0.014210230186071288              
33      47             -0.014239184825362461              
17      35             -0.014297944306955551              
7       23             -0.014494227893203482              
22      32             -0.014509295009547646              
1       7              -0.015674637865513874              
3       10             -0.015690806484036424              
11      54             -0.016113496322681164              
1       54             -0.01622855706503945               
3       28             -0.017344084295670303              
15      36             -0.017736360191579426              
15      21             -0.017736360191580758              
15      40             -0.01773642402810474               
26      41             -0.018040134664676022              
26      42             -0.0180401346646763                
26      33             -0.018240753000862586              
35      57             -0.018810244855222702              
52      55             -0.01887586139185371               
23      28             -0.019019130882672403              
10      27             -0.01965810389271566               
35      44             -0.020027770940309803              
2       9              -0.020156071159373512              
2       27             -0.02096854790852737               
19      56             -0.021133978133032028              
5       21             -0.022204227700312218              
5       36             -0.02220422770031244               
7       25             -0.022306230293043988              
14      25             -0.022634956910698945              
35      45             -0.022772597321002785              
14      35             -0.02280128134896059               
5       31             -0.022973117831688872              
9       48             -0.0232046371764964                
19      33             -0.024319584086937462              
32      34             -0.024338082515440368              
7       35             -0.025262899341246647              
9       23             -0.025384690296130052              
20      27             -0.025554095805641386              
25      44             -0.025845782346792717              
17      56             -0.026013099457829925              
18      51             -0.02633262895089339               
23      43             -0.026635471969767233              
15      29             -0.02679784269173366               
14      18             -0.027711326556117966              
16      44             -0.02868807027612305               
8       33             -0.029081353434257495              
16      33             -0.029307372277500576              
2       22             -0.029536989244553113              
31      52             -0.029932449197630107              
3       57             -0.02995554465499839               
13      25             -0.03053062749168517               
7       41             -0.030772350168228824              
7       42             -0.030772350168228824              
4       56             -0.030826797520494997              
10      22             -0.03108914095682                  
6       57             -0.031339558105935306              
24      55             -0.03140851741914913               
5       40             -0.03141043137119898               
45      46             -0.03145643229722328               
6       23             -0.03148532126219275               
8       11             -0.03222293341547139               
2       20             -0.032631341189640894              
15      54             -0.032799917796565714              
4       9              -0.03320589059362941               
6       21             -0.03382077615126064               
6       36             -0.03382077615126172               
6       54             -0.03413417220684653               
3       12             -0.0343294669023918                
32      53             -0.034413711728381285              
5       54             -0.03484450479387055               
12      37             -0.03501068984031541               
27      50             -0.03502627740689901               
1       9              -0.03504919984175772               
17      50             -0.03508689132251147               
10      20             -0.03530534880769953               
12      33             -0.035421582625840276              
37      43             -0.03563795058892205               
1       28             -0.03566212128833354               
6       31             -0.036068547858737976              
48      57             -0.03611730474162034               
16      17             -0.03614696563419231               
5       44             -0.03654305893749826               
9       57             -0.03663869474010292               
17      54             -0.03952113929812484               
31      54             -0.039581396495334736              
12      21             -0.04043505805837222               
12      36             -0.040435058058372886              
10      57             -0.04086244629038102               
2       57             -0.04130290841480838               
3       19             -0.04193632194319197               
28      40             -0.042468108679568545              
15      44             -0.04322192452242063               
13      41             -0.04356024481598286               
13      42             -0.04356024481598292               
1       30             -0.04380027619220078               
8       51             -0.04431616233740676               
6       46             -0.04438840429912502               
8       52             -0.04455596428866854               
39      41             -0.04461110965206069               
39      42             -0.04461110965206069               
19      48             -0.044671034016823985              
17      41             -0.044905560333408784              
17      42             -0.04490556033340881               
10      55             -0.04508798759365776               
12      51             -0.04534115677162687               
7       50             -0.04598019806417447               
19      29             -0.04630959128216211               
6       56             -0.046325568513651355              
1       53             -0.046823377922686926              
8       16             -0.04804642782596846               
28      56             -0.04830080760061184               
5       29             -0.04858707984965327               
14      34             -0.04897005676115579               
29      56             -0.048987331981512894              
23      53             -0.04907105914975213               
16      57             -0.04911280294190404               
20      46             -0.04973034973402424               
12      15             -0.05033701857981837               
14      56             -0.05042330465470174               
13      19             -0.051145391922069905              
11      19             -0.051612864503712386              
32      44             -0.052053404701833283              
2       55             -0.05253262419082205               
9       27             -0.0532620774008673                
13      35             -0.054159429564504036              
7       40             -0.05425016080783274               
1       32             -0.054252370706350805              
4       24             -0.05440648052134264               
6       40             -0.05441297347438753               
12      20             -0.054428378551028445              
22      33             -0.054533667430357424              
17      55             -0.05472095351225875               
14      42             -0.05482894111242986               
14      41             -0.054828941112429946              
22      37             -0.05495463312037535               
33      40             -0.05506508234252855               
23      36             -0.05520947248352803               
21      23             -0.055209472483528255              
39      52             -0.055712690193090775              
33      55             -0.05582003642388572               
16      45             -0.056177029064653716              
26      49             -0.05656766839671451               
7       29             -0.0566241123861822                
18      56             -0.05668253509984483               
33      37             -0.05720395705421455               
47      53             -0.05740984107243008               
47      56             -0.05760406249916333               
3       23             -0.05785592342387402               
23      24             -0.058040942363419334              
28      55             -0.05817710027218259               
32      37             -0.05861632089068031               
48      55             -0.058616659992088316              
30      43             -0.0588652277512125                
20      48             -0.058939274020089694              
9       29             -0.05910697528468542               
36      40             -0.0592902078652871                
21      40             -0.05929020786528805               
6       53             -0.0594055624997635                
4       23             -0.06024919311754148               
8       46             -0.06036260055087628               
4       32             -0.06101160661492072               
25      45             -0.06106601927716096               
46      57             -0.06230652962214339               
18      55             -0.062479595713857417              
21      51             -0.06265065697317551               
36      51             -0.06265065697317668               
21      54             -0.06283245968304269               
36      54             -0.06283245968304352               
32      56             -0.06312360401871361               
49      57             -0.06345224832461027               
13      57             -0.06353388349802519               
38      50             -0.06359604463909224               
15      17             -0.06360526037685346               
8       34             -0.06364118764757251               
1       14             -0.0636507927235046                
3       37             -0.06385680690402307               
4       50             -0.06403314417762224               
40      55             -0.06425658535797929               
25      55             -0.06497471324370085               
32      48             -0.0653948307185025                
34      54             -0.06645039247405216               
50      57             -0.0666535285564494                
4       26             -0.06674153469452898               
1       24             -0.06689633933235334               
6       29             -0.06715088053368909               
30      54             -0.06733772625335921               
26      43             -0.06780591232657118               
28      48             -0.0679187120469412                
17      52             -0.06899104905730075               
7       17             -0.06906779441333899               
6       8              -0.06940255069373152               
29      38             -0.06964601074276333               
28      44             -0.06969698483685896               
7       31             -0.069830646696912                 
6       44             -0.06990056492984895               
13      20             -0.06993004336349351               
11      29             -0.07012985132017291               
17      33             -0.07052095549275633               
1       22             -0.07055953010328417               
9       40             -0.07092543135968493               
19      23             -0.07095166015448157               
29      54             -0.07126274582543562               
15      56             -0.07126503282969082               
19      40             -0.07132131730886404               
30      38             -0.07145315288173243               
32      55             -0.07150652567839882               
32      57             -0.0718648333444114                
15      53             -0.07229028325146192               
42      55             -0.07355906342900417               
41      55             -0.0735590634290042                
23      52             -0.07407120676049667               
26      32             -0.07425882311605866               
52      53             -0.07434479826475981               
2       23             -0.07467644171011009               
4       22             -0.07487864006532297               
11      55             -0.07498099983567741               
20      33             -0.0750638442003041                
13      16             -0.07534724435331483               
27      56             -0.07537397945047009               
10      23             -0.07557442263871364               
12      57             -0.0757085690771458                
22      30             -0.07572542395879905               
11      31             -0.07604421752167118               
13      49             -0.0763326450342191                
3       32             -0.07636460021084968               
31      37             -0.07656262712311696               
12      16             -0.0765835712992683                
46      55             -0.0765839533388945                
18      33             -0.07684560478221514               
8       35             -0.07731848116205495               
9       24             -0.07734353357718576               
25      48             -0.0773747523806615                
2       46             -0.07768115705795348               
24      40             -0.0777348640559355                
2       34             -0.07779198801536288               
4       53             -0.07780613681049037               
9       28             -0.07790482401576448               
23      32             -0.07824760300233452               
1       55             -0.07830234220433682               
18      37             -0.07832502205601743               
10      34             -0.07847198832355443               
26      46             -0.07855321339164095               
3       56             -0.07872633846005847               
5       17             -0.07876509628280134               
28      30             -0.0789686381989351                
38      42             -0.07938299936787185               
38      41             -0.07938299936787191               
8       25             -0.07954586110535575               
3       24             -0.07974110032600701               
26      52             -0.079766441050235                 
3       36             -0.07979559946236364               
3       21             -0.07979559946236447               
35      55             -0.07996208334533053               
22      46             -0.08074040929798787               
1       26             -0.08113824194101987               
24      26             -0.08116709606717804               
16      48             -0.08152103100233865               
29      55             -0.08184173565071828               
41      43             -0.08194526228995797               
42      43             -0.08194526228995802               
3       9              -0.08208035038597136               
13      43             -0.08236993569062079               
11      27             -0.0823968666523579                
21      34             -0.08289995465115502               
34      36             -0.08289995465115668               
17      53             -0.0831299127934017                
15      33             -0.08339924832629192               
5       48             -0.08370011087824403               
15      57             -0.08380585016799878               
21      49             -0.08395530910511223               
36      49             -0.08395530910511229               
40      56             -0.0841973679750126                
29      53             -0.08445784080552321               
18      48             -0.08470436147987781               
26      28             -0.08480087407778439               
7       19             -0.0848199571496191                
45      54             -0.08517924790603731               
10      14             -0.08518931639848759               
32      40             -0.08526227806311582               
20      45             -0.08559432370026965               
21      52             -0.08568239247632448               
36      52             -0.08568239247632492               
35      48             -0.08612379162726555               
4       31             -0.08616204370306166               
6       55             -0.08720776546394468               
1       37             -0.08751084926279995               
15      48             -0.0877424797239943                
22      31             -0.08861852622633534               
39      43             -0.08890086039553635               
12      23             -0.08926536172878058               
3       22             -0.08931577191274986               
40      53             -0.08966253501270072               
40      57             -0.08999049627007316               
10      26             -0.09017933268936792               
52      54             -0.09045395121376282               
42      48             -0.0908624582842956                
41      48             -0.09086245828429562               
23      48             -0.09125243951864176               
17      28             -0.0914808451769912                
8       42             -0.0918896842070222                
8       41             -0.09188968420702254               
12      46             -0.09268890605692992               
26      51             -0.09291648332495972               
10      40             -0.09310227415230088               
25      56             -0.0934476219847277                
2       40             -0.09359416966415188               
9       18             -0.09373339834973121               
4       21             -0.09423123686318013               
4       36             -0.09423123686318016               
3       50             -0.09463539712160796               
31      53             -0.09531034678300493               
31      38             -0.09564496115794052               
21      53             -0.09590442656667314               
36      53             -0.09590442656667403               
4       51             -0.0960624988618149                
9       31             -0.0961410078443449                
3       51             -0.09636095021185803               
29      50             -0.0967989632021849                
3       33             -0.09697912787885982               
19      57             -0.09718043397379017               
3       54             -0.09772866594935167               
18      49             -0.09805177777053942               
2       14             -0.09807059209409313               
15      45             -0.09870130074470748               
3       31             -0.09921380496677282               
45      51             -0.09944167546334481               
17      57             -0.09965066358267596               
8       29             -0.09985058808180805               
42      51             -0.09985752094510919               
41      51             -0.09985752094510922               
6       17             -0.09998499863766214               
11      17             -0.10077312003153477               
13      24             -0.10095636832095883               
6       48             -0.10133337909209753               
35      56             -0.10137735135634977               
41      56             -0.10141730267843395               
42      56             -0.10141730267843395               
6       27             -0.10151166916615495               
1       34             -0.10160015166094394               
35      39             -0.10209630536397907               
5       13             -0.10229657590628369               
4       33             -0.10235747642606541               
3       55             -0.10238112364335467               
26      48             -0.10311857797216206               
51      54             -0.10341451129972185               
31      34             -0.10376559456206139               
13      15             -0.10403772144019524               
11      40             -0.10408640915525802               
7       56             -0.10428663840092728               
1       21             -0.10429499762098893               
1       36             -0.10429499762098918               
40      49             -0.10441631711236904               
25      39             -0.104959201354663                 
24      48             -0.10522701521686245               
4       34             -0.10610093284039146               
23      50             -0.10622370018429039               
6       13             -0.10634766986103314               
16      56             -0.10635156357557844               
13      27             -0.10664168382885003               
9       17             -0.1066713113503314                
1       38             -0.10682721302169215               
24      30             -0.1072811471081761                
7       51             -0.10740614738960841               
19      55             -0.1074225793567658                
3       27             -0.1075983946587607                
5       51             -0.10793830879219563               
42      47             -0.10795932129297159               
41      47             -0.10795932129297164               
2       26             -0.10801592720455958               
4       47             -0.10831680290276219               
17      51             -0.10840190475398304               
6       30             -0.1088228406428419                
33      44             -0.10912540878422367               
12      35             -0.10920995425442034               
28      46             -0.10948407272404395               
20      24             -0.10965239149518108               
2       48             -0.11024878543405303               
9       34             -0.11132252150366526               
23      56             -0.11138918416560878               
16      39             -0.11158073493924926               
17      21             -0.11170455839970383               
17      36             -0.11170455839970433               
45      49             -0.1117287172062878                
18      25             -0.11313718362570507               
25      50             -0.11314793188514183               
11      47             -0.11345226426998667               
20      31             -0.11380051259055501               
4       48             -0.11395536808630488               
38      45             -0.1140399018398352                
14      50             -0.11429834039765735               
20      28             -0.11463786799683512               
6       37             -0.11477161337026287               
17      46             -0.1151107323694705                
1       20             -0.11590866094688246               
30      57             -0.11603904743738963               
13      50             -0.11615212547179143               
34      51             -0.11629522476853776               
1       29             -0.11642341367782993               
41      50             -0.11665383239558205               
42      50             -0.11665383239558205               
34      38             -0.11682467035813121               
10      48             -0.11684175822037879               
18      40             -0.11697678756185897               
19      53             -0.11757584436784779               
40      48             -0.11825130433167202               
29      57             -0.11875281453164588               
21      57             -0.11876393844692407               
36      57             -0.11876393844692443               
2       19             -0.11890427081073124               
4       37             -0.1195389905997995                
16      51             -0.12059577668668206               
4       49             -0.1206962499267753                
16      38             -0.12147825068467812               
4       54             -0.12188035058264088               
3       45             -0.12209327083006527               
6       20             -0.12209689699385648               
51      53             -0.12217398315162697               
6       39             -0.12246248316849964               
32      46             -0.12252693294362901               
3       34             -0.1227942917118019                
42      49             -0.12289000058140917               
41      49             -0.12289000058140923               
10      19             -0.12321022081688676               
33      36             -0.12343144529911676               
21      33             -0.1234314452991177                
35      38             -0.12349043805110604               
12      56             -0.12399573093677424               
40      50             -0.12400341962263994               
19      34             -0.12406467756882883               
5       55             -0.12428278173216874               
18      35             -0.12445231545261418               
25      51             -0.12454289166305976               
25      49             -0.12476529547612072               
38      54             -0.12476762664622049               
12      41             -0.12482964482732836               
12      42             -0.12482964482732836               
5       30             -0.1250765988688673                
23      55             -0.1253946239387349                
26      29             -0.12558731695609449               
17      32             -0.1255925426936324                
15      51             -0.12586562839510443               
31      36             -0.1263098400172192                
21      31             -0.12630984001722212               
25      47             -0.12699053238859698               
35      43             -0.12721917979726843               
28      38             -0.1273199918783075                
27      37             -0.1273297483893993                
35      49             -0.1274097115123131                
15      30             -0.12777792476749744               
28      49             -0.12778309532911344               
17      24             -0.12804184020570664               
4       14             -0.12844382623308573               
14      38             -0.12850150043610298               
51      57             -0.12873418441010762               
19      43             -0.12875832362159817               
35      51             -0.12958244985102813               
2       45             -0.12967126872152332               
12      29             -0.12996108092020336               
25      43             -0.1299799959582158                
8       9              -0.13043980367402172               
3       47             -0.1306940027665246                
9       22             -0.13072297448462483               
32      45             -0.13105697420220846               
8       45             -0.13106692607576548               
19      54             -0.13128558184904104               
35      47             -0.13137110569877142               
28      45             -0.131506596692706                 
36      48             -0.13152090392252835               
21      48             -0.13152090392252885               
35      50             -0.13165053976102375               
5       47             -0.1317593245398716                
38      55             -0.13207422699799737               
25      38             -0.13236247507486518               
4       8              -0.13238381270805777               
3       40             -0.13262424625207858               
16      47             -0.13265488552510693               
3       48             -0.13294029484620973               
2       47             -0.1329835645598752                
15      39             -0.13319615631559328               
14      40             -0.1334649199891934                
16      53             -0.1340267403155234                
16      49             -0.13418265289251713               
37      46             -0.13432425870513254               
1       57             -0.13436810285168432               
15      38             -0.13446790490526356               
30      53             -0.13472361130321647               
10      17             -0.13531650480344387               
49      54             -0.13549037820436735               
12      25             -0.1356663749345466                
29      51             -0.13568638194293875               
2       17             -0.13595867157545255               
27      30             -0.13606688861761884               
10      47             -0.13611783032286273               
16      30             -0.136178128096096                 
6       19             -0.13619227393658045               
5       11             -0.13645517902067297               
26      37             -0.13669995251870615               
5       45             -0.13676825590178424               
7       34             -0.13713353965061872               
13      56             -0.1374615859236446                
18      32             -0.13771574829144717               
16      50             -0.13797774385792702               
37      51             -0.1383415936615865                
28      39             -0.13857578213350846               
44      53             -0.1387665312925082                
24      44             -0.13886781322646394               
1       33             -0.13973832560935723               
31      39             -0.13974205623844                  
9       19             -0.13994603194121857               
4       40             -0.14048544473980235               
11      33             -0.1408725228731535                
18      27             -0.1409232133827208                
10      45             -0.14120873753083754               
37      50             -0.14124644304396006               
9       49             -0.14130556002040046               
46      56             -0.14168727965796646               
6       47             -0.14225693276532372               
16      18             -0.14253550769222706               
15      47             -0.14283104368455088               
5       49             -0.1429014176484473                
21      47             -0.1429456266405612                
36      47             -0.14294562664056126               
34      50             -0.14321097970679458               
5       33             -0.1432669453981344                
8       30             -0.14333455977260678               
10      12             -0.1440807602859207                
38      40             -0.14447680049043218               
4       17             -0.14459077159065886               
5       38             -0.14493021448521576               
42      46             -0.1449675219687086                
41      46             -0.14496752196870863               
16      43             -0.14544856706029125               
5       39             -0.1459332564896743                
22      47             -0.14601482595625231               
20      50             -0.14635705967125145               
16      27             -0.14673736036502474               
21      22             -0.14679749105042655               
22      36             -0.1467974910504275                
3       49             -0.14694275989450928               
2       12             -0.147014734274877                 
6       51             -0.14718107966918925               
6       38             -0.1473635926156765                
18      44             -0.14755452814571612               
30      35             -0.1479869411139826                
22      54             -0.14818790760502204               
14      28             -0.14851072000963123               
28      51             -0.1485976022120921                
10      30             -0.1491677365025899                
51      55             -0.14927581806571188               
5       50             -0.14954024981989048               
17      38             -0.14973987563331131               
14      54             -0.14977661444962187               
32      51             -0.14980813175665314               
1       48             -0.15005612068554022               
4       55             -0.15052208439929446               
22      48             -0.15056579475141513               
6       50             -0.1506302645320542                
26      45             -0.15114218125674306               
7       22             -0.15115077176221411               
7       14             -0.15128271383807962               
19      30             -0.1512894808173182                
3       17             -0.15131101134772806               
15      20             -0.15266706760751722               
27      35             -0.15271263955560627               
25      27             -0.1533788854812164                
25      30             -0.1534613828137647                
1       39             -0.15361803991767117               
5       19             -0.15367921040254745               
12      24             -0.15379091134184616               
27      51             -0.15392127643286868               
3       8              -0.15409297068297384               
22      56             -0.15421196997799816               
30      41             -0.15432420578994688               
30      42             -0.154324205789947                 
10      44             -0.15439509763023565               
31      48             -0.15487651550444986               
38      53             -0.15492056070113056               
32      39             -0.15495500228156767               
37      55             -0.1552118095496846                
12      53             -0.15535951111227492               
8       38             -0.1555512290359369                
7       45             -0.15600910479313806               
5       20             -0.15651366468334213               
27      31             -0.15651726964347126               
41      53             -0.1566030663413001                
42      53             -0.1566030663413001                
4       38             -0.15671195473626448               
30      56             -0.15675534091686827               
35      46             -0.15684831554830497               
15      49             -0.15711790084795912               
15      19             -0.1572852389177069                
9       46             -0.15729482174946896               
2       30             -0.15741441815596868               
7       26             -0.15750063659863972               
5       43             -0.15786530605950644               
2       44             -0.1581094604321885                
15      27             -0.1582673379784671                
35      53             -0.1584446440223074                
16      20             -0.1587536332806405                
34      53             -0.15881010834516399               
14      29             -0.1589493788643073                
16      19             -0.1593631535126786                
10      38             -0.1596295953321644                
32      43             -0.16006701854816735               
21      29             -0.160233653814513                 
29      36             -0.16023365381451382               
17      48             -0.16027644540370425               
25      53             -0.16050333034214784               
1       44             -0.16060254729739973               
9       26             -0.16078659078255642               
4       29             -0.1610537881148037                
43      50             -0.1613464606371383                
15      50             -0.161522748931602                 
13      44             -0.16157752132280262               
1       11             -0.16162855784935434               
3       29             -0.16179889519706706               
20      35             -0.16230722255110863               
37      49             -0.1625895759676298                
49      56             -0.16261596526346606               
3       53             -0.1628299874017158                
18      41             -0.16292416225600653               
18      42             -0.1629241622560067                
51      56             -0.16323102203862322               
23      33             -0.16326549085333503               
24      46             -0.16410268668824599               
11      15             -0.16417824706318784               
16      46             -0.1645162347150966                
33      49             -0.16462738146958195               
14      24             -0.16466742258125727               
14      17             -0.1653437229531649                
2       38             -0.1658751041006275                
10      46             -0.1658977338418137                
30      32             -0.1661834586519971                
44      55             -0.16647430500645535               
29      44             -0.16738593018668457               
14      32             -0.16759035627695493               
19      28             -0.16787967831475564               
7       48             -0.16801818349572253               
20      34             -0.1680649425201955                
5       27             -0.16853910779042752               
36      39             -0.1692956832981799                
21      39             -0.16929568329818034               
15      43             -0.16960492081886647               
13      55             -0.170056581368161                 
30      55             -0.1704235810822669                
18      45             -0.1712022949379784                
7       57             -0.17270095224451065               
3       14             -0.17275701898037754               
40      44             -0.17306212935758006               
12      45             -0.17335918467147715               
23      57             -0.17370449581519176               
8       47             -0.17395162878828108               
30      48             -0.17483232835737722               
37      57             -0.17541189255828019               
24      38             -0.17549696028406173               
28      47             -0.1756199285143678                
37      47             -0.1760207363478239                
39      40             -0.17699712391279243               
37      44             -0.17712203000094906               
20      25             -0.17715986824819516               
19      35             -0.17724464570359288               
40      52             -0.17735397383363527               
27      42             -0.17752398923675763               
27      41             -0.1775239892367578                
14      23             -0.17810579937511123               
39      45             -0.17811027319299289               
23      46             -0.17832758544313487               
5       37             -0.1786826455354869                
9       39             -0.17872250870168424               
8       48             -0.17882349308615192               
30      31             -0.17893719101284086               
8       36             -0.17904070262477542               
8       21             -0.17904070262477592               
3       38             -0.17976656074094027               
26      34             -0.17984625248915626               
9       54             -0.1802087211823754                
15      18             -0.18025507476877253               
9       47             -0.18047171365848202               
11      16             -0.18077532040378863               
11      49             -0.18159512408111356               
24      49             -0.18200634644637834               
34      44             -0.1823765150284533                
52      57             -0.18243065661410968               
25      46             -0.1827182621146495                
7       44             -0.1830009248930293                
37      48             -0.18308136634797617               
20      41             -0.18338513417767804               
20      42             -0.18338513417767824               
13      26             -0.18364288465924689               
18      28             -0.1841482131951827                
13      47             -0.18418914499055888               
4       44             -0.1843657667711689                
4       27             -0.1845600957067776                
19      41             -0.18457513917475804               
19      42             -0.18457513917475807               
26      40             -0.18517613436803212               
29      48             -0.18539185786823625               
12      40             -0.18579750980847706               
5       46             -0.1858511191961654                
27      40             -0.18600907003355924               
31      44             -0.18651951969062786               
21      46             -0.18656424522333492               
36      46             -0.18656424522333537               
44      46             -0.18715966473096401               
23      51             -0.18750223060602972               
6       49             -0.18788997999748774               
15      46             -0.18860491401787913               
23      44             -0.18874302235509205               
30      36             -0.18930486806770236               
21      30             -0.18930486806770253               
7       21             -0.18948530926752888               
7       36             -0.18948530926752924               
28      50             -0.18949845877441046               
6       43             -0.18983342271447462               
10      43             -0.19001739994208328               
8       22             -0.19036200910213258               
29      47             -0.19038826295006916               
40      51             -0.19123081096702862               
24      45             -0.1914395107215331                
2       43             -0.19206219934982108               
30      52             -0.1926279622208843                
19      25             -0.19286674761268296               
27      43             -0.19343136824760437               
22      27             -0.19413252727190516               
3       44             -0.19502334780827843               
32      38             -0.19526268095017452               
38      57             -0.19531835327364663               
2       51             -0.19599921576039842               
28      43             -0.1965863131226328                
44      56             -0.19687906404879488               
24      39             -0.19689143076750049               
18      54             -0.19694362443288568               
19      24             -0.19716111192823116               
22      49             -0.19719784402027754               
18      57             -0.19765364867243432               
34      48             -0.19910176738323104               
26      31             -0.20015207199136073               
13      22             -0.2002741764613532                
10      51             -0.20146269437737                  
2       49             -0.20175248370622317               
10      49             -0.2021343125710643                
24      47             -0.20267149019187455               
15      52             -0.20350134816412704               
11      32             -0.20568917331496575               
28      52             -0.205932285946048                 
7       43             -0.2065364050392276                
24      51             -0.20684120622783186               
18      22             -0.20699480386764565               
2       39             -0.2070244375132792                
23      47             -0.2078942899451294                
23      27             -0.20828198498383718               
5       18             -0.20859192156186823               
23      26             -0.20896361842336386               
1       45             -0.2093686697547157                
10      39             -0.21128801626536803               
15      37             -0.21134569346671322               
13      38             -0.21149729271848944               
22      26             -0.2126362093729048                
11      35             -0.2129692964109275                
11      25             -0.21363197521268878               
14      37             -0.2139666014306174                
12      55             -0.21411516060441727               
37      39             -0.2150600254408167                
5       52             -0.21532478043572545               
29      52             -0.2153408190666708                
18      53             -0.2158281044483792                
13      28             -0.21684325807920596               
50      54             -0.2173814052331703                
20      22             -0.21782121554801798               
10      18             -0.21836094350386642               
40      47             -0.21881138485397353               
12      34             -0.21902280871675514               
36      55             -0.2196783629178975                
21      55             -0.2196783629178979                
8       39             -0.22088627542071174               
31      45             -0.22134766413374804               
16      52             -0.22158138388999993               
18      24             -0.22197752430685092               
9       50             -0.22212186578803608               
2       18             -0.22217528074992138               
27      29             -0.2230953284240131                
10      11             -0.22426624369424816               
24      50             -0.22432393855132407               
20      51             -0.22469126765989528               
36      56             -0.2249132699467161                
21      56             -0.22491326994671623               
46      54             -0.22512294129908678               
20      32             -0.2251526070754044                
27      34             -0.22583852888911157               
7       49             -0.22587075174636415               
10      52             -0.22594068396392683               
6       11             -0.22622554811113746               
40      46             -0.22685048208157496               
34      46             -0.22737273940069735               
2       11             -0.22775815294961654               
11      23             -0.22876574674623384               
39      54             -0.228953818012547                 
2       52             -0.22928805129483765               
29      46             -0.22930187519580314               
11      42             -0.22933881737998546               
11      41             -0.22933881737998563               
7       38             -0.23047786271581538               
12      22             -0.23143354271410704               
8       43             -0.23193938756486163               
20      26             -0.2320227499367437                
19      22             -0.2320787410348299                
22      44             -0.2330465870182455                
17      39             -0.2336860173123513                
17      44             -0.2341145355235385                
1       47             -0.23421223108992312               
27      53             -0.23453866810639168               
7       55             -0.2347757356508185                
24      43             -0.2353229946361286                
22      38             -0.2358829520711705                
19      32             -0.23615662145660082               
8       27             -0.23656029279279334               
19      45             -0.23680672354103527               
11      24             -0.236929253630017                 
2       50             -0.2386927656175912                
6       18             -0.23899278017175207               
39      57             -0.23980380095114723               
34      47             -0.24114349159935886               
7       47             -0.24136189133033883               
3       43             -0.24150275441726743               
10      50             -0.2419347778816224                
12      28             -0.24197783321035632               
41      52             -0.24298860636280054               
42      52             -0.24298860636280056               
29      39             -0.2438310749243573                
4       45             -0.24459674688960759               
21      43             -0.24500606031914754               
36      43             -0.24500606031914765               
34      52             -0.24596195097690002               
1       43             -0.24642188769060375               
16      37             -0.2478763478438361                
9       13             -0.2478832572317944                
33      50             -0.24889011551594598               
29      49             -0.2489455973310502                
34      39             -0.24979894077680526               
8       14             -0.25123247149318495               
20      29             -0.2521619721388173                
38      56             -0.2527220293167575                
20      40             -0.2535633868164764                
24      52             -0.2540211090982136                
17      27             -0.2542799057844193                
1       27             -0.25583978113125083               
35      52             -0.25683607754440807               
17      47             -0.25688938431907515               
23      38             -0.25708088867593604               
6       52             -0.2574634990244367                
8       44             -0.25764817569813525               
11      38             -0.25765159086488076               
7       12             -0.25790406666293264               
31      47             -0.2585095573257146                
17      20             -0.2591842504193495                
11      44             -0.25980115012766536               
30      45             -0.25982167212301244               
4       43             -0.2598580738296948                
25      52             -0.2606735884467018                
31      43             -0.26104016788104306               
17      26             -0.2639916411772175                
23      39             -0.265508938153386                 
9       33             -0.2656382403771269                
34      49             -0.26620243232253127               
11      28             -0.2679320104185613                
22      39             -0.2686178811467642                
13      32             -0.27493420032580396               
11      36             -0.27504618920471335               
11      21             -0.275046189204714                 
13      52             -0.27568325114104414               
36      44             -0.2757618572320167                
21      44             -0.2757618572320184                
39      53             -0.27733283673776254               
14      31             -0.2780042265072503                
13      54             -0.2802034594691155                
25      37             -0.2804864932478296                
12      14             -0.28428649960187324               
37      42             -0.2853230678671813                
37      41             -0.2853230678671814                
35      37             -0.28972436436856613               
14      19             -0.29115174983607384               
18      43             -0.2929706889752644                
33      48             -0.29332753911881293               
18      29             -0.2966448574137772                
18      34             -0.3005136463609216                
20      23             -0.30764717370914196               
14      26             -0.30867604694917106               
7       27             -0.31887026805089136               
9       51             -0.3218445452759985                
13      53             -0.3513935216746593                
13      33             -0.35565395560509233               
37      52             -0.38338542428479927               
30      49             -0.3876626520239388                
