#======================================================================
# PARAMETERS USED FOR THIS COMPUTATION: 
#      Sequence type: RNA
#      Total number of sequences in alignment data: 9433
#      Length of sequences in alignment data: 55
#      Effective number of sequences: 225.9687904166315
#      Value of sequence identity: 0.8
#      Value of relative pseudocount: 0.5
# The First and Second columns represent sites and the
# Third column is MFDCA Frobenius norm, average product corrected (APC) DCA score
#======================================================================
33      46             1.205738993239306                  
3       20             1.1049670179309878                 
51      52             0.9297836570744744                 
2       21             0.8923455499460542                 
26      52             0.8680456725182928                 
4       19             0.8654121437587133                 
40      41             0.8320239120317212                 
38      39             0.6561823300041855                 
11      12             0.6446167767387907                 
23      55             0.6238393431169631                 
5       18             0.6160235637275162                 
6       17             0.593600591636281                  
1       22             0.5574114933302357                 
32      47             0.5498793219340354                 
25      53             0.5154792769606862                 
16      17             0.41969341404398286                
11      13             0.41379778931935474                
10      11             0.40890168153983886                
20      21             0.3923679478369982                 
46      51             0.3811244227299694                 
21      22             0.3643471384481398                 
10      13             0.3636426088452084                 
30      49             0.36035709008380906                
32      33             0.36029353166740535                
26      30             0.3410724106837785                 
8       10             0.33547171775152207                
46      47             0.33520829382236733                
36      50             0.33417100141644573                
22      26             0.3315697338243648                 
37      43             0.3201240922090401                 
13      14             0.31520205231911747                
21      51             0.3079249968288406                 
25      35             0.30306002319611536                
38      43             0.2946679667981157                 
9       12             0.2924475225262045                 
14      19             0.2914095005168963                 
43      54             0.2826968715177057                 
45      54             0.27873291839756587                
13      15             0.2779555186569014                 
17      18             0.2777676786788863                 
46      52             0.27328266201553303                
9       13             0.27253953997082736                
19      20             0.26901327685751913                
26      28             0.26833276472000955                
20      22             0.26792504323720356                
37      45             0.26736949477386124                
16      26             0.26206130565322805                
8       9              0.26151252996330215                
8       13             0.25819353032027503                
31      53             0.2554970378749742                 
30      50             0.255126214359976                  
5       54             0.2524350420161998                 
17      19             0.2501037289512845                 
42      50             0.24879352978126304                
44      50             0.24589802627845683                
27      51             0.24276935052478227                
9       37             0.24218848960850636                
8       18             0.24145509190532255                
43      45             0.23957115454562491                
9       10             0.23931792532380758                
34      36             0.238058398376044                  
12      37             0.2347347226641287                 
4       10             0.2336555121715021                 
46      50             0.2334946227235679                 
8       12             0.23080392359306962                
3       4              0.2305069243502405                 
34      35             0.22815131222668394                
42      43             0.22732356361737538                
28      50             0.22715320582602366                
32      38             0.22682780353512466                
39      54             0.22625554501943254                
33      48             0.22265767938288794                
28      31             0.22129839432424825                
38      53             0.22031989205255847                
22      23             0.21410905012281273                
29      41             0.21220654714860737                
18      24             0.21208291147021108                
5       41             0.21166706497677812                
11      14             0.20866610634045746                
27      44             0.20843822049315397                
35      47             0.20717435579527593                
26      46             0.20626393849877206                
1       7              0.20571240413194852                
38      42             0.2052247139647702                 
25      45             0.19944122106852807                
47      49             0.19915228207300756                
27      28             0.19629844249694828                
49      50             0.19595868840847147                
12      13             0.19532256373265938                
46      48             0.19402336139022636                
35      41             0.19324587454083852                
26      27             0.19118264346753444                
19      21             0.19107654705489258                
6       19             0.18941425358003378                
8       11             0.18916622381403525                
28      37             0.18850094927816885                
17      32             0.18847661908866842                
6       24             0.1883197772244613                 
10      20             0.1861296238142196                 
4       35             0.18602134975922036                
2       37             0.18475181709794491                
2       6              0.18433521911870226                
39      45             0.18240128130585792                
23      31             0.18130425391113747                
5       6              0.18127456068189263                
3       15             0.17725598251687935                
27      35             0.17708473988411172                
36      46             0.17657144690748344                
9       16             0.17547285452744565                
7       8              0.1744309714176998                 
13      36             0.17268278837386658                
31      48             0.1695903246053922                 
13      16             0.16761462643104352                
31      32             0.16674815046972402                
41      48             0.16589191174711587                
15      18             0.16495868697559518                
3       21             0.16493914848757923                
36      44             0.16416917274585513                
1       5              0.1640260089630618                 
24      38             0.16290552335624914                
12      16             0.16237131910391678                
50      54             0.16117600810862134                
28      33             0.1610585245878226                 
1       3              0.16098590514967187                
37      54             0.1609590464062659                 
12      43             0.16092459199644915                
29      52             0.16004355539295667                
7       14             0.15830666031405843                
14      20             0.15559369429571895                
39      42             0.1546763757442089                 
2       20             0.15427894554031313                
11      36             0.15417214971886567                
19      45             0.15373461469074845                
22      25             0.15303702613216646                
39      48             0.15276467443629616                
9       36             0.15234731754585012                
19      25             0.151306440002499                  
51      55             0.1512720549899445                 
14      15             0.15097082582690224                
2       3              0.1505788290531353                 
31      44             0.15037595141453686                
7       29             0.1487211400002892                 
16      19             0.14780224434021122                
22      42             0.14778463743129472                
7       11             0.14659339006143873                
1       15             0.1462607461816351                 
3       34             0.1462337541619339                 
36      42             0.14545942306286114                
35      39             0.1454011046273499                 
20      48             0.14517799892421845                
6       12             0.14347756880877305                
25      26             0.14307398422142265                
2       34             0.14241433508331303                
9       53             0.14209899408697868                
41      55             0.14165849426950466                
10      44             0.14164554600631463                
14      51             0.14018289162870584                
5       38             0.13916852997958212                
20      47             0.13792549748499539                
15      45             0.1378599952823485                 
35      45             0.13755650141825176                
29      47             0.1373941426888558                 
2       53             0.1371277740146441                 
29      32             0.13502403682841824                
22      49             0.13497327155017885                
31      34             0.13461824848023007                
10      29             0.13410396711115125                
4       40             0.13327601839189412                
36      49             0.13327508014753464                
40      49             0.1314809943096416                 
6       11             0.1311738248149648                 
10      16             0.13066185207913011                
52      53             0.13020158871039594                
9       15             0.13005421076642687                
12      53             0.1299880885019098                 
4       16             0.12956776655574498                
3       28             0.12907846338481632                
34      44             0.12871153388127982                
7       35             0.12858895139390303                
49      53             0.12841922715695264                
18      38             0.12823259210336718                
17      39             0.12726509101801609                
5       7              0.126422074808604                  
36      55             0.12636612395773267                
32      55             0.12625744917288978                
23      28             0.125538558458769                  
12      15             0.1250522741431333                 
34      39             0.12360637829741128                
28      52             0.12352087847387228                
19      43             0.12348956714356107                
15      27             0.1231442069434619                 
15      16             0.12312093740969282                
44      45             0.12145183082993138                
27      32             0.12061282970645804                
11      37             0.11992286335542196                
29      42             0.1197027806666105                 
3       13             0.11954852122653542                
38      51             0.11950421830717112                
7       10             0.11903421966981487                
17      20             0.11875064697823273                
9       39             0.11846085119478145                
10      12             0.11794663806095818                
33      52             0.11576373356672104                
8       54             0.1155613430210562                 
5       25             0.11457299827069334                
31      41             0.11446382475737732                
5       16             0.11327071262185534                
24      54             0.11258390592383491                
14      33             0.11236846022305519                
24      30             0.11215792018699061                
23      24             0.11214836133017952                
40      48             0.11204062680325771                
6       49             0.1111374313302988                 
12      14             0.11102445794918425                
1       52             0.11069119338565125                
37      41             0.11063874582278033                
34      50             0.11049592136979464                
24      33             0.10973598170265736                
4       12             0.10953625618434082                
30      47             0.10952266454639242                
24      41             0.10901353185672469                
22      24             0.10876686923169665                
19      31             0.1086724289785792                 
9       30             0.10637028452228464                
12      48             0.10523953396219765                
32      44             0.10450943713050909                
7       53             0.10446082070144536                
5       46             0.10387145810666187                
2       48             0.10262551445447526                
7       21             0.10210473635127842                
10      27             0.10172450029516894                
23      52             0.10161089751214913                
3       19             0.101398344739558                  
14      53             0.10128297932235342                
40      42             0.10095373304954558                
9       29             0.10066908292061749                
3       35             0.10058889631482187                
37      42             0.10057362828437466                
29      30             0.10012661316099203                
19      24             0.10000977472678912                
11      30             0.10000208104186309                
50      55             0.09991154384553963                
12      31             0.09866186743622518                
53      54             0.09828887843045803                
8       47             0.09821916590735252                
17      35             0.09758647216100463                
11      24             0.09746965877090236                
20      26             0.09582573948533091                
11      28             0.09560361208380486                
1       34             0.09548818453817959                
22      54             0.09538010666136065                
7       15             0.09338148777939687                
37      47             0.09254851492337196                
23      27             0.09185487828167682                
50      53             0.09166779143900791                
27      29             0.09146452099861108                
25      42             0.09133812658861745                
1       6              0.09044700024084928                
15      32             0.08933882206188376                
8       42             0.08930229311358406                
29      34             0.08923730526741858                
7       40             0.0890930286697506                 
18      29             0.08823962040964595                
18      20             0.0878946065387905                 
18      55             0.08692866155966997                
50      51             0.08678961462831802                
6       25             0.08665380979341392                
7       12             0.08661828171874048                
41      44             0.08571484431545268                
23      47             0.08551017227375368                
8       23             0.08501121899092434                
4       6              0.0849896158223914                 
15      31             0.08483656898212566                
4       7              0.08468253179062923                
44      46             0.0844442046185423                 
26      51             0.08423914638996782                
1       9              0.08363817753165476                
40      52             0.08360123368872202                
13      44             0.08315725340878694                
31      49             0.08259777165893206                
30      34             0.0825274264846968                 
17      21             0.0824560343092125                 
19      27             0.08192341942788234                
32      36             0.08172052136716096                
30      32             0.08159026049512053                
17      53             0.08154418996038126                
7       23             0.08084450983792602                
21      52             0.08055559140377438                
28      29             0.07969556459623278                
27      38             0.07808952034474176                
14      16             0.07682294330646755                
14      40             0.07673388480195897                
1       38             0.0761264255324553                 
5       34             0.07578238009484434                
22      33             0.07573098048345717                
21      41             0.07517033889941582                
24      48             0.07511804105519937                
10      36             0.07440185628120705                
34      54             0.074398023620633                  
30      31             0.07424164337150446                
40      43             0.07420499049318424                
43      48             0.07374772646266309                
37      50             0.07367029784713691                
38      54             0.07287757401991793                
35      40             0.0726017283048555                 
4       28             0.07254942484898802                
1       53             0.07251536642370554                
3       24             0.07203658901339655                
17      36             0.07128887089103675                
4       14             0.07071028229128168                
16      33             0.07035118403418927                
10      24             0.07029619225673661                
13      52             0.07017888356925778                
1       44             0.0691970283577294                 
33      42             0.06855532466712472                
1       49             0.06822112268303421                
2       15             0.06707859453454507                
2       43             0.0659946883654628                 
22      45             0.0657080007010663                 
31      40             0.06545929227957992                
10      38             0.06540743039088348                
38      45             0.06433008369609772                
24      44             0.06369572068742985                
22      52             0.0634985948420756                 
32      48             0.06329516698998733                
16      49             0.0630310498803966                 
41      43             0.06271429350369245                
24      39             0.062253657763221254               
25      29             0.06195177507931243                
21      48             0.061607673012477215               
5       24             0.06157873105277539                
31      45             0.06155134375098337                
9       40             0.06099031976399588                
13      17             0.06081228107425529                
13      28             0.06048576878130513                
31      33             0.06046453585520867                
6       23             0.06037803662827679                
30      37             0.05968964290571849                
6       22             0.059638174809744815               
32      41             0.059523220070206107               
26      45             0.059163662602607026               
28      47             0.059053413394034804               
37      48             0.05862539087100277                
36      54             0.05833940733995677                
17      43             0.05829210036887378                
18      28             0.05819473380689094                
10      39             0.05815980202178089                
16      30             0.058062665948405145               
18      35             0.05784097802463789                
21      33             0.05736323314183778                
21      55             0.05735350423545821                
9       45             0.05682942860841822                
9       55             0.056322124259863826               
45      51             0.05624187728606822                
16      37             0.05592891445782                   
4       55             0.0558249223191728                 
47      55             0.054747637430329316               
27      42             0.054668558934538314               
18      50             0.05445042008769074                
10      45             0.054391450028245025               
7       54             0.054190082303952114               
12      24             0.05378789719740318                
15      39             0.05348004207646023                
17      23             0.053374366476147295               
30      48             0.05313576684034854                
19      36             0.05307498493909235                
3       7              0.05278154532147261                
27      37             0.05221292598672134                
33      40             0.05216313441068515                
43      44             0.05215768066353918                
33      51             0.0521264916619717                 
8       14             0.05150035562367283                
9       34             0.051435978813440975               
15      43             0.051426379065375005               
34      37             0.051334882984469365               
17      33             0.05114512938635746                
42      44             0.05103036349870227                
33      44             0.050871319711301044               
13      18             0.05075187978208684                
21      34             0.05008375363176171                
16      36             0.04981869073433021                
23      42             0.04966401407220214                
7       25             0.04918144849799594                
39      44             0.049173118654026404               
36      37             0.0488012773935379                 
21      25             0.04836966714860508                
4       29             0.04828006888436892                
44      51             0.04819619705559086                
18      30             0.048050092485867835               
32      54             0.047867794341826087               
43      51             0.047010553268374056               
35      53             0.04694046804585539                
5       51             0.046917258918868554               
7       16             0.04603978368680045                
32      46             0.045712095226838556               
26      54             0.045379181089016396               
27      50             0.045092109659941926               
30      43             0.04501630689453534                
11      45             0.04434529550537886                
38      49             0.04420798599658782                
20      55             0.04412262083713925                
10      32             0.04403080099701456                
4       11             0.04400411744034011                
16      47             0.043788525787132215               
1       28             0.043463341152696455               
27      36             0.04297911118956338                
28      39             0.042782918103267564               
25      49             0.042517378449756504               
24      26             0.04217484316490583                
2       45             0.041836592849271104               
14      23             0.041817918549661603               
38      48             0.041539217080418245               
2       40             0.04071947459162001                
8       35             0.04064788664503971                
5       39             0.04051350584296348                
1       24             0.04011747957843653                
23      50             0.03989021330301509                
8       29             0.039825004059449554               
19      48             0.03979546248804039                
45      49             0.03949647945598489                
16      42             0.039397130764080635               
45      50             0.039308787432003056               
7       17             0.039199583390891246               
8       17             0.039094433495528824               
43      55             0.03901688994490213                
16      51             0.03832993857452732                
13      38             0.0381071981791376                 
38      52             0.03736618615513476                
29      36             0.03728349402564757                
15      28             0.037157702109294644               
27      31             0.037152396979333646               
29      46             0.03705501625234042                
15      42             0.03695653188061976                
25      30             0.03689570107374973                
21      50             0.03665796507030411                
48      51             0.03644977752280165                
16      43             0.035840654346812384               
24      46             0.0357290447807328                 
25      28             0.035499367540984816               
42      46             0.035362505791828314               
32      51             0.03504249843814178                
49      55             0.03484658424370074                
1       45             0.03467139801835606                
5       40             0.034633194786004295               
6       35             0.03435177667591288                
1       4              0.03379381025565392                
22      41             0.03336333322479723                
34      51             0.03325233047956355                
30      44             0.0331728650385088                 
3       46             0.03305271356132311                
30      39             0.03284002006344283                
34      38             0.03280897490989759                
40      47             0.03253129821660938                
15      49             0.03224378902932162                
39      47             0.031837855643355395               
25      43             0.03169309058991099                
17      40             0.0313047289411027                 
12      41             0.03085737282621126                
29      53             0.03083009541778675                
42      52             0.03073866263961722                
30      36             0.030142869923022397               
5       55             0.03004509517899373                
32      45             0.029894213491962418               
25      27             0.029745732673578662               
16      53             0.02934977616956891                
6       10             0.02829288994998863                
14      17             0.02816368367461891                
23      34             0.028144749137787306               
8       30             0.027990694243061442               
25      33             0.027964582427634888               
21      31             0.027665438594914216               
10      21             0.027493860235547007               
10      31             0.0274865348737095                 
1       54             0.026260963966249606               
12      23             0.02475984254579372                
22      53             0.02456196483527273                
12      52             0.02445866961446569                
2       12             0.02418868868990659                
21      53             0.024051327632154285               
36      48             0.024015150201167068               
19      28             0.023844836433772165               
12      55             0.02373040405055582                
3       54             0.02349767264029795                
7       19             0.023367064122324976               
27      47             0.023294533408709683               
32      50             0.02321452788149342                
14      27             0.023161621433793966               
33      55             0.023147930171248166               
4       45             0.02231557109422766                
15      54             0.022289865121653152               
13      35             0.021824621427000257               
17      24             0.021664702857147777               
1       39             0.021038861115243945               
27      41             0.020995025772444054               
1       51             0.020838545481210002               
2       25             0.020830492157603242               
30      41             0.02042247402943098                
35      36             0.020341858289848858               
10      17             0.01992610172625492                
52      55             0.019896853613320442               
6       14             0.01986192248188834                
26      41             0.019717796580318803               
37      49             0.018591563699354774               
49      51             0.018444963547987248               
41      51             0.01820647098528011                
16      35             0.018158786159971296               
26      47             0.017990035185863507               
27      46             0.0176441538542616                 
16      20             0.017513099034906054               
2       29             0.017361451483956736               
22      36             0.017181531394727445               
10      35             0.017113183388947184               
16      18             0.016987399037111772               
14      42             0.01685959022427691                
48      54             0.01683374924186165                
19      35             0.0168203127841689                 
7       32             0.016333586810093892               
25      44             0.015762959622981743               
6       8              0.015743611027939253               
7       9              0.01538314116745182                
25      52             0.01516416658854225                
15      24             0.015111137791632034               
28      49             0.014872652169197198               
32      40             0.014867852441116325               
18      31             0.014624004690257209               
3       5              0.01457383853408728                
23      51             0.014317952864475847               
25      55             0.014276656627867895               
17      25             0.014089725482148152               
46      53             0.013706547389108648               
4       34             0.013121775337779529               
44      55             0.012974387060567277               
19      37             0.012804304791087517               
5       14             0.012794312160878007               
4       21             0.012577848525653024               
33      35             0.012525781464475694               
42      49             0.012383510572173184               
18      34             0.012313616034842045               
5       23             0.012201475548072827               
18      25             0.011701456525344323               
9       31             0.011567835110366687               
20      49             0.011272520244142381               
1       32             0.011000460424849645               
28      51             0.010717976031781484               
6       18             0.010662709639313539               
21      26             0.010607152099898487               
19      39             0.009711601740929166               
11      21             0.009609556451234902               
45      47             0.009559903145133997               
5       31             0.009329704045168086               
3       52             0.00930611631052597                
6       48             0.009214082834299642               
17      49             0.008954972520357984               
2       4              0.008909958293767839               
42      55             0.008649251648926964               
23      43             0.008234439034285612               
20      29             0.008015441414150892               
28      53             0.007984403650603322               
23      30             0.007958853284917855               
8       41             0.007819334646205933               
3       43             0.007758861900492908               
1       2              0.007724374889523655               
29      54             0.007616244925548354               
26      55             0.007442337871088944               
15      38             0.00731602508068202                
18      36             0.006794455385304321               
8       15             0.006722316813933926               
26      48             0.006678066416166584               
20      41             0.006668880664139953               
1       42             0.006661245430340579               
19      54             0.006384883115101381               
39      53             0.006277840639029086               
1       41             0.006101684339664515               
19      29             0.0060623238918829925              
4       5              0.005695505957280134               
8       16             0.005675671057801368               
4       39             0.005359287761610931               
24      29             0.004987664941472125               
13      30             0.004823949158784757               
54      55             0.004648093198281494               
47      52             0.004268588960729569               
34      47             0.004190619315670496               
2       14             0.004047447973981655               
52      54             0.003808418406988201               
10      26             0.0037866487744509514              
2       11             0.0036159979122079022              
15      47             0.0033314157542261302              
25      34             0.003270547784064687               
12      40             0.003162462798435184               
6       27             0.0030465101775339343              
29      43             0.002846487187783464               
41      47             0.00280361671949253                
31      55             0.0027165452047207828              
2       9              0.00251983467855299                
41      42             0.002208517619207706               
34      43             0.0017936562357713515              
16      22             0.0017265488128425655              
15      53             0.0014846133707891451              
31      50             0.0012745280246647395              
17      48             0.0011385417121311248              
30      38             0.0008254274531976913              
30      53             0.0007119547106717583              
17      27             0.0006562529512758042              
21      29             0.0003800071295078644              
48      52             0.0003522417227312946              
44      54             0.0003121577837554568              
22      44             0.0002850229845094976              
9       24             2.0765935373645572e-05             
24      34             -0.000366925484351327              
29      40             -0.0006531922171070792             
14      41             -0.0009069001749834049             
23      33             -0.0010109926814405035             
5       11             -0.0011175386881162597             
36      43             -0.0011500096419131134             
26      42             -0.0013213352535741407             
24      49             -0.0013667085877067109             
50      52             -0.0016270566855777768             
47      48             -0.0016791525308342825             
48      50             -0.0018388128855406638             
14      48             -0.0018844427078664183             
34      45             -0.002343123887124543              
7       13             -0.002435404862205559              
4       25             -0.0024612358140511104             
14      29             -0.0025255056030323852             
2       7              -0.0027935668514991185             
45      53             -0.003182853878049896              
16      27             -0.0038451616537690803             
11      18             -0.003972682199096522              
37      51             -0.004343252382879748              
24      25             -0.004377396058763805              
3       44             -0.004414615384862375              
11      34             -0.004530986199959175              
6       13             -0.004556920444510282              
3       6              -0.004560968556137357              
2       5              -0.004868826056319997              
2       55             -0.005047054390916572              
10      15             -0.00538085224312157               
39      40             -0.00564529811624831               
29      33             -0.006015156815606881              
11      22             -0.0060558555420033855             
3       8              -0.006087637782537569              
6       28             -0.006473597696751432              
9       25             -0.006719254488037507              
27      52             -0.007018068892421625              
28      46             -0.007649754967768263              
13      40             -0.007752468393010414              
18      46             -0.007897430305277064              
1       16             -0.007961046737132216              
20      28             -0.008088821563882131              
15      30             -0.008173436511543453              
11      23             -0.008534843961226113              
40      50             -0.008602548959666279              
39      51             -0.00869186069338812               
46      55             -0.009042524926402284              
12      30             -0.00957821343631915               
17      55             -0.009765297509856663              
11      31             -0.010056822711985158              
12      49             -0.01009311622072745               
5       45             -0.010179746689068736              
28      35             -0.010219070345668713              
14      30             -0.010427675145680382              
3       12             -0.010765332641010206              
19      55             -0.010791926844822997              
3       9              -0.011128469084020154              
11      20             -0.011199131771043813              
8       20             -0.011278906027445912              
1       10             -0.011311004784688217              
6       53             -0.01135487154835707               
15      25             -0.011579037454243213              
35      48             -0.011635790688641956              
12      25             -0.01186258984836075               
11      53             -0.011871354655747623              
1       27             -0.011892758442545115              
4       52             -0.012109445823422271              
18      44             -0.012139213222775003              
7       38             -0.01230021075124843               
11      15             -0.012463583495431474              
11      40             -0.012470601698083839              
16      44             -0.012490858377737835              
4       48             -0.012595754130561299              
36      38             -0.013070616300170063              
34      42             -0.013160220860112454              
1       37             -0.013182843299137326              
18      45             -0.013719260047073023              
9       42             -0.01392582185488267               
11      50             -0.01399394587603936               
6       40             -0.014455577162792721              
35      38             -0.014623323727186222              
36      45             -0.014835331184353373              
6       39             -0.014944886671760194              
8       43             -0.015014627966394356              
49      54             -0.0152376774376565                
8       21             -0.015269643413836076              
32      49             -0.01561802738731033               
4       47             -0.015715923663524978              
4       50             -0.015931323837717393              
3       14             -0.015998196881064963              
1       12             -0.016049465222285397              
33      39             -0.016238808645801905              
39      41             -0.016526764963870844              
40      53             -0.016655508929524165              
22      40             -0.016726196678096605              
48      53             -0.01675541979250411               
29      49             -0.01693153600570768               
20      34             -0.01700027373716012               
23      46             -0.01709381956809336               
19      23             -0.017125927242088668              
5       29             -0.01713671819169399               
4       26             -0.01755547160885934               
3       18             -0.017720443924613583              
26      43             -0.017866285697382966              
27      43             -0.017975450180151148              
34      46             -0.018163349771172232              
29      51             -0.018398500257284178              
23      37             -0.018541456642903686              
22      51             -0.018554287223967847              
7       49             -0.018634296915140403              
13      31             -0.018637346057151005              
5       9              -0.018656697132053757              
2       8              -0.018691676307167615              
33      41             -0.01872733239075064               
11      38             -0.018883800517575933              
17      28             -0.01929760288514154               
8       31             -0.019528774090030787              
2       46             -0.019801712710035113              
5       49             -0.01982897647268944               
16      40             -0.01985104631558038               
2       28             -0.02004206779971801               
22      30             -0.020128709801291778              
7       50             -0.02013020906670354               
24      52             -0.02062510572044729               
1       35             -0.020905961660370842              
17      47             -0.020972474976310995              
2       54             -0.021435777995948813              
26      50             -0.021484789905541257              
35      44             -0.021535393129784253              
44      47             -0.02162215907294207               
30      42             -0.02213772917634263               
2       19             -0.022176163476628763              
1       43             -0.02250943609009831               
6       44             -0.022528669714264538              
9       54             -0.022599653552341836              
7       55             -0.022878810288992135              
48      55             -0.023154596714666353              
4       18             -0.02319858999976193               
28      55             -0.023263151422628636              
24      31             -0.023350235581891116              
23      32             -0.023652206383907803              
25      46             -0.0237316995392865                
7       18             -0.023735337481206487              
8       34             -0.0237593745283996                
27      48             -0.023789899579379492              
15      40             -0.023970879136904932              
3       49             -0.02431405752769983               
18      49             -0.024495856415479494              
6       36             -0.024667680156429783              
14      47             -0.024728221420518337              
51      54             -0.024781036358170305              
25      39             -0.02528576490464196               
37      55             -0.025572351526439274              
1       40             -0.02599051291486898               
26      34             -0.026090296698710047              
8       25             -0.02609453355947544               
7       30             -0.026109674547284245              
20      32             -0.026258018767956193              
15      44             -0.026288779720615274              
9       11             -0.026448573699488387              
36      39             -0.026507577051564313              
9       38             -0.02660185942416954               
4       31             -0.026787663291408748              
17      31             -0.026867841582859042              
44      48             -0.027231978106814936              
7       37             -0.027305386720479996              
47      53             -0.02731493158120915               
20      23             -0.027596321194208295              
5       42             -0.027775661081005765              
7       45             -0.028096176315578425              
19      26             -0.02829330542562064               
19      30             -0.028402520697626887              
11      41             -0.028568804166726747              
27      33             -0.028884519553222854              
31      54             -0.028919841367711585              
7       41             -0.029006515677554023              
29      31             -0.029108209830192855              
6       20             -0.029518691264850183              
24      35             -0.02954075854490465               
35      50             -0.029891169569821963              
4       37             -0.030123768652727145              
6       54             -0.030256889346733318              
35      55             -0.030319529579116516              
18      32             -0.03032165386162211               
37      52             -0.030753428315545672              
11      43             -0.03081847802341242               
35      49             -0.030831338145066833              
31      47             -0.03088975961910212               
30      33             -0.03106041654082875               
14      18             -0.031103545706338276              
10      42             -0.03119426407019249               
29      55             -0.03163403134683185               
11      19             -0.03171085628841597               
10      34             -0.031781457386162004              
5       20             -0.032129183372440806              
47      50             -0.03224013578974039               
9       50             -0.032389929791884986              
16      21             -0.032545499102380804              
42      53             -0.0328943431665045                
21      47             -0.03311011557921978               
43      50             -0.03319352424533997               
38      44             -0.03328553892921218               
1       8              -0.03330359319860532               
13      42             -0.03360171816205443               
7       51             -0.03383062626342026               
17      54             -0.03386310179447416               
13      34             -0.03408180572456937               
8       32             -0.03422145788120018               
3       50             -0.03427483105935758               
25      50             -0.03437867990562571               
6       41             -0.03444808003841249               
40      51             -0.03451888391518915               
10      51             -0.035048625851670234              
5       12             -0.035065019946023845              
11      44             -0.035727341665536705              
26      33             -0.03627433065707647               
9       23             -0.036559660008735395              
16      28             -0.03660601206552089               
18      41             -0.03672461323861648               
5       15             -0.03678013139298025               
24      37             -0.03684460077074442               
3       42             -0.03695395283898978               
2       44             -0.0371548919748817                
2       52             -0.03724276927642611               
5       13             -0.03727480621780399               
22      50             -0.037306251794596096              
7       39             -0.03741844801764371               
29      48             -0.03777225728955241               
18      22             -0.03794581532610786               
23      35             -0.038010860856158735              
31      43             -0.03807132638885852               
12      35             -0.03831647263767857               
9       49             -0.038377220284397606              
2       47             -0.0383995870620778                
4       46             -0.03846162442117568               
10      18             -0.03867866792222702               
19      22             -0.038919692371428505              
23      38             -0.03900480443966875               
14      28             -0.03902126652421267               
9       28             -0.03912271559412528               
9       44             -0.039443214669176385              
7       47             -0.039541345011266216              
25      51             -0.03956399563593299               
14      43             -0.03987694441932482               
13      29             -0.03993706535151398               
14      46             -0.04001218090821229               
6       29             -0.04002848189449526               
41      50             -0.040204281410385456              
24      32             -0.04022177194835208               
8       33             -0.04041173714996649               
1       47             -0.04046255466931742               
3       11             -0.04091867041541575               
2       38             -0.04096545608346874               
27      55             -0.04100666677960302               
5       21             -0.041044945157469204              
21      37             -0.04108223684957746               
26      49             -0.041110631377555495              
9       27             -0.04148433840623561               
17      41             -0.041617237743154845              
1       14             -0.04162115849529796               
1       30             -0.0418976996243694                
6       32             -0.04205667189272444               
7       43             -0.042130204020609296              
21      42             -0.04218376735897761               
11      26             -0.042504351969580356              
6       55             -0.04256891354477757               
9       19             -0.042596717743914825              
26      40             -0.04278492977212678               
49      52             -0.04280234753558798               
9       22             -0.04281594790821325               
53      55             -0.04288899417265096               
2       27             -0.043084862327476936              
13      37             -0.04316907163125566               
2       49             -0.04318820074925167               
25      54             -0.04326811186707322               
21      36             -0.04328503203605227               
20      53             -0.043358436066369854              
10      43             -0.04348291057819473               
10      48             -0.04356676306032525               
6       42             -0.04400056534385688               
32      34             -0.04400215363191909               
30      45             -0.044007588919066476              
7       42             -0.04409485782076056               
13      55             -0.04413489366465051               
33      47             -0.044163768345898635              
2       51             -0.04419671792117247               
14      22             -0.04429513847010441               
17      45             -0.04452619071469094               
34      48             -0.04457925502873636               
14      34             -0.04479380555819806               
15      22             -0.04504739025866572               
18      39             -0.04508552336261576               
7       46             -0.045097467471302666              
22      43             -0.045533908167464804              
22      34             -0.04576233530284082               
22      28             -0.045812238204669564              
14      31             -0.04604297988793554               
8       52             -0.046215519425462204              
1       50             -0.0464804011405881                
6       51             -0.046581041944154966              
2       31             -0.0466734409765277                
23      54             -0.04678270913404328               
2       17             -0.046838659663020366              
41      53             -0.04688915082860712               
5       32             -0.047075432398122286              
24      55             -0.04709646172750989               
29      35             -0.047179457213039455              
28      34             -0.047418735707317056              
1       20             -0.04787458433401809               
1       46             -0.04806620217737967               
26      32             -0.048487434420386666              
10      46             -0.048565674440853024              
12      18             -0.049516237872240965              
18      42             -0.049712693498549815              
4       53             -0.049799805630143745              
20      40             -0.04980319467282712               
40      46             -0.049894873887804225              
8       44             -0.05004921259564671               
41      46             -0.05016879093679327               
13      54             -0.05020969796738739               
27      40             -0.05027980743299737               
8       40             -0.05029242628406655               
37      44             -0.050601311509295865              
6       16             -0.05062050879549629               
22      37             -0.050679092848619545              
25      31             -0.05081195788021811               
5       44             -0.051222382945837364              
13      27             -0.05127310402515267               
2       10             -0.05143775443133952               
14      24             -0.051470987174234706              
23      48             -0.05149929158930788               
5       47             -0.05151770523439542               
3       23             -0.051630967186901966              
6       21             -0.05169940026873865               
11      35             -0.051953202061317316              
8       46             -0.05197741539934775               
16      45             -0.05230113191547295               
4       13             -0.052307439540839606              
14      44             -0.052339984844392895              
8       39             -0.052631165857470075              
10      40             -0.05290304962331782               
15      23             -0.052949665959377584              
1       18             -0.052980758414752804              
14      26             -0.05323737365525699               
18      33             -0.053412388268307354              
2       41             -0.05360496692093775               
15      37             -0.05370253254333435               
4       42             -0.05381104795223762               
13      26             -0.05442250556990308               
24      27             -0.05453751758291009               
42      51             -0.05456471531122867               
14      54             -0.05460002388653876               
21      49             -0.05460145299197178               
24      36             -0.05462533737266592               
21      32             -0.054949618666115085              
33      34             -0.05500351296384354               
27      54             -0.05508009413318868               
24      51             -0.0551082926881096                
13      43             -0.05552918588801775               
32      52             -0.05554575047842458               
14      38             -0.05563434084570423               
38      55             -0.055894657398663894              
42      48             -0.05597622982585143               
11      49             -0.056034176425532434              
8       37             -0.056207872802289394              
23      45             -0.056312165457944124              
4       44             -0.056416967044082666              
19      40             -0.05646977716077756               
7       44             -0.0565477343638891                
29      38             -0.05658288083436086               
33      45             -0.05658604087209504               
26      39             -0.057074750260467266              
5       37             -0.057089754997111664              
9       41             -0.05710971365950723               
32      39             -0.0572124385970903                
12      38             -0.05731309170259935               
16      39             -0.057470661291876834              
6       47             -0.05757041283185382               
16      23             -0.05771139697969979               
43      49             -0.057853382045358864              
22      48             -0.05813058792483933               
16      25             -0.05827115706672781               
33      43             -0.05831111362512684               
19      47             -0.058524134218749024              
1       48             -0.05876827664054618               
23      29             -0.05896660281935537               
18      47             -0.0592221519393486                
1       33             -0.05924967607221665               
12      22             -0.0594681654843745                
24      40             -0.05948361131171104               
20      27             -0.05992422246550466               
10      49             -0.06001075341908968               
11      55             -0.06002963261430447               
9       35             -0.06026723954768681               
38      40             -0.06030023130993742               
5       48             -0.06040827838754703               
32      35             -0.0606304901363261                
28      32             -0.06077012237434487               
22      55             -0.06081345814536618               
5       19             -0.06091249026891449               
5       26             -0.06095667004869887               
36      40             -0.06112816840472768               
37      39             -0.06114591441080286               
8       36             -0.06140294345348202               
15      35             -0.06142340652758277               
25      47             -0.06161660901192892               
6       31             -0.06177567216389901               
17      29             -0.06228190012150825               
27      53             -0.06236765333859856               
23      39             -0.06242517897406552               
39      49             -0.06255711557830898               
4       24             -0.0626373592510805                
23      40             -0.06288373594687807               
17      38             -0.06302916563983693               
21      23             -0.0632758694624797                
13      46             -0.06337922020756392               
8       49             -0.06353048501021896               
11      39             -0.06357326286317702               
10      23             -0.06365726939323452               
10      33             -0.06381552562514115               
8       48             -0.0639567447786551                
15      17             -0.06405252014824003               
12      39             -0.06423054309125081               
14      39             -0.06482102971349765               
3       32             -0.06485122163513884               
1       13             -0.06531840790528382               
20      51             -0.06543252571249275               
15      26             -0.06549423319622766               
5       28             -0.06570127940774273               
31      37             -0.06574231016659876               
8       38             -0.06630987564169641               
3       40             -0.06640283790099227               
28      40             -0.06645247600404136               
1       36             -0.06687793057865427               
6       33             -0.06697145208953531               
10      14             -0.0674282726916709                
22      39             -0.06803901246143218               
36      52             -0.06822853345399482               
30      55             -0.06834996018520137               
28      42             -0.06848877276078416               
25      41             -0.0685850433396964                
6       15             -0.06882288263045067               
7       20             -0.0691518220041441                
37      38             -0.06920565442161103               
22      46             -0.06942750048318658               
34      52             -0.06949108837870016               
31      38             -0.06954503684099808               
31      35             -0.06966031498358433               
1       17             -0.06987657945801767               
21      35             -0.06993939302213792               
34      49             -0.07015577502483031               
39      43             -0.07027003283194189               
21      28             -0.07034582290960928               
30      40             -0.07035478394584266               
3       37             -0.07055509493342171               
14      37             -0.07089463279675307               
23      26             -0.07123742959240892               
18      37             -0.07141277183809022               
3       16             -0.07183409469996599               
4       38             -0.07193775955610524               
4       54             -0.0719516464530926                
5       30             -0.07198056798593364               
26      37             -0.07209715147509663               
6       50             -0.07226813829840623               
30      51             -0.07255610272653593               
11      54             -0.07284054499215573               
40      55             -0.07292794293291002               
4       41             -0.0732032508340022                
3       30             -0.07353192397718683               
23      49             -0.0737812584903352                
19      38             -0.07387122123721879               
29      37             -0.07408859103016849               
33      36             -0.07413546537506008               
22      35             -0.07414321681588568               
35      43             -0.07424533334649672               
42      47             -0.07470319721328578               
19      52             -0.07484765328396986               
8       27             -0.07491109512320354               
4       8              -0.07507073055178948               
25      37             -0.07511653628878145               
23      44             -0.07513017377761827               
17      30             -0.07570112951360536               
46      54             -0.07582423930061041               
51      53             -0.07609656853138907               
13      33             -0.0766452977808238                
41      45             -0.07688758072769888               
27      34             -0.07692566391615582               
13      45             -0.07703042169392832               
8       45             -0.07729282697210477               
20      44             -0.07735353088131691               
12      32             -0.07754880734200614               
3       38             -0.0777587858841409                
14      36             -0.07809571577590993               
5       35             -0.0781149724244122                
12      28             -0.07846080952814466               
3       45             -0.0784715617491431                
12      20             -0.07857902229792907               
18      19             -0.07881144315700012               
5       27             -0.07883219655119034               
47      54             -0.07925218085728133               
9       52             -0.0793113546270624                
2       24             -0.07931580642215494               
2       26             -0.07950116638604615               
20      37             -0.07955001197778572               
12      27             -0.07977985341996657               
11      42             -0.07996919156160298               
12      44             -0.08039746844912771               
35      42             -0.08040876854745019               
41      49             -0.0805161539655854                
2       13             -0.08087247270032377               
3       27             -0.08094570030356801               
2       35             -0.08107807002580675               
3       22             -0.08114554856931616               
8       28             -0.08124703317938042               
20      42             -0.08180009882649564               
14      45             -0.08219629138591789               
45      52             -0.08238281052755697               
4       30             -0.08247352497347293               
28      41             -0.0825909451701971                
15      36             -0.08283136132915817               
39      52             -0.08367828388199253               
13      24             -0.08368728416940258               
24      42             -0.08370915315301794               
27      45             -0.08392017855482048               
28      48             -0.08406322400461647               
11      47             -0.08414649201018026               
2       42             -0.08447333165300841               
4       17             -0.08493948451746913               
32      42             -0.08497872221818811               
18      23             -0.08505130078166243               
20      46             -0.08516388340821424               
37      40             -0.0852672292226927                
9       48             -0.08539594447143184               
16      32             -0.08540324512381667               
20      33             -0.08544647265604466               
24      43             -0.08551142602975975               
20      43             -0.08555900483296153               
6       52             -0.0857793583266857                
15      29             -0.08593618118334276               
6       45             -0.08606197262546794               
29      44             -0.0867365582363768                
1       31             -0.08677293071948669               
7       31             -0.08686465519117353               
1       29             -0.08691417256441958               
18      53             -0.08738263696141921               
21      54             -0.08748936775146743               
43      53             -0.08755315610147549               
9       18             -0.08776624010022016               
13      50             -0.08815187037852257               
45      48             -0.08831127982367507               
13      41             -0.08865850511522982               
48      49             -0.08876402082489074               
45      46             -0.08882709141190792               
22      29             -0.08899038180800509               
8       51             -0.0896458012117139                
17      26             -0.08967838725120136               
7       28             -0.08969820369168172               
15      33             -0.08979919981304396               
10      53             -0.08981308599010723               
26      29             -0.0899462540097104                
3       36             -0.09007933763486878               
3       29             -0.09018186246944365               
7       36             -0.09083025212591825               
9       33             -0.09092314728246775               
13      20             -0.0911243698360712                
20      35             -0.0913066808116062                
27      49             -0.0914420791569501                
5       36             -0.09161798677663144               
17      37             -0.0921031028662885                
15      34             -0.09228997704604164               
24      53             -0.09262346951418207               
33      49             -0.09284000420410507               
4       27             -0.09303355033678773               
11      17             -0.09331647382778552               
3       53             -0.09335284251043394               
30      35             -0.09348955923909735               
15      52             -0.09351423095723588               
4       36             -0.09356668156535017               
16      54             -0.09371252454243983               
16      24             -0.09423572726363807               
6       30             -0.09453422720256344               
15      48             -0.09455390358578925               
21      30             -0.09466591929525081               
31      36             -0.09470924828393723               
40      45             -0.09504517555785769               
39      55             -0.09526083520448075               
33      53             -0.09557584064257124               
9       32             -0.09561789792019354               
13      23             -0.09582320368777433               
15      46             -0.09628343128229191               
3       33             -0.09633373072558504               
3       31             -0.09642919638415814               
15      55             -0.09649574705174424               
30      52             -0.09683484309557483               
4       20             -0.09683545591819248               
46      49             -0.09706107386313628               
28      36             -0.0975019594656073                
30      54             -0.09792347509699043               
13      22             -0.0980699890168859                
42      54             -0.09824272722411184               
26      44             -0.09825772412121081               
14      32             -0.09846784619146398               
23      36             -0.09853737629167397               
19      44             -0.0986713680203336                
34      55             -0.09876911736472054               
16      38             -0.09954611727182675               
44      53             -0.0997109337511621                
2       50             -0.10006514466144165               
15      41             -0.1004186950513716                
3       47             -0.10044492478094283               
17      22             -0.10083677088165885               
38      47             -0.10084341765421204               
13      53             -0.10102870998374061               
8       19             -0.10112196373191257               
34      40             -0.10134745290842201               
20      24             -0.10138703683044226               
18      21             -0.10140138687562222               
20      31             -0.10141295041502599               
19      49             -0.10199657722428696               
3       55             -0.10215076854307764               
29      39             -0.10218309971813752               
16      48             -0.10251403167325776               
34      53             -0.10259229351559948               
28      43             -0.10280995476452498               
44      52             -0.10311798511235504               
20      39             -0.10330533513087217               
6       7              -0.10351893250818922               
22      47             -0.10371608527066933               
3       26             -0.10391443546193463               
24      50             -0.10411077505143622               
25      32             -0.10531562681908863               
25      38             -0.10539571295034814               
23      53             -0.10558910187601037               
19      34             -0.10625770554132327               
18      52             -0.10662192513565885               
24      47             -0.10699884039793939               
2       36             -0.10721073780467086               
18      43             -0.10742906865576576               
11      27             -0.10777255582526854               
21      40             -0.10785265590551091               
2       18             -0.10803516591972268               
39      50             -0.10823294599900977               
1       25             -0.10838471863694374               
15      21             -0.10872759099467405               
14      35             -0.10883622774325441               
20      36             -0.10884462350392943               
6       37             -0.10887540324915995               
21      44             -0.10893380039463427               
4       32             -0.10904737261712216               
24      45             -0.10912481543614824               
32      53             -0.10920431868341432               
36      47             -0.10925882544016594               
25      36             -0.10928919574327037               
18      54             -0.1094362427637536                
4       49             -0.11004742146451021               
5       43             -0.11027601002010351               
9       14             -0.11047021607549201               
18      27             -0.11095960994371673               
40      54             -0.11120488078313831               
11      48             -0.11139366987975724               
9       46             -0.1119873041831786                
47      51             -0.11276771432736374               
4       23             -0.11314116595167203               
26      36             -0.11315084580736559               
21      39             -0.11323087473491122               
8       50             -0.11349754609546137               
21      43             -0.1136242141964725                
7       34             -0.11418825176583366               
45      55             -0.11422993836557696               
14      55             -0.11433920761572253               
9       21             -0.11485594374551272               
5       50             -0.11545481389490064               
20      25             -0.11570762847660232               
17      44             -0.11581441388351321               
23      41             -0.11593136726106873               
12      29             -0.11593999127044025               
21      27             -0.11682854545942636               
7       24             -0.11691680862116868               
1       21             -0.11844621604290129               
23      25             -0.11853641556727174               
9       47             -0.11884591943402895               
2       16             -0.11929652897697679               
27      30             -0.11950529777002042               
2       39             -0.11953578127087675               
31      39             -0.11957483557079557               
13      25             -0.11976357976146493               
26      31             -0.11980770800901883               
12      45             -0.11982747571029087               
9       26             -0.12004679395297674               
20      54             -0.12020926512249094               
8       22             -0.12026640599702654               
16      55             -0.12060043265214782               
27      39             -0.1206637249887649                
9       51             -0.12071545253168947               
38      46             -0.12083755772950705               
10      22             -0.12087048458198782               
31      46             -0.1210347404913138                
2       30             -0.1214280163458338                
15      19             -0.12211746398127205               
4       33             -0.12212340261130172               
2       33             -0.12268200622973499               
15      51             -0.12299816918603393               
4       15             -0.1232652059988732                
3       39             -0.12348209068959859               
17      34             -0.12393696834474846               
6       43             -0.12412444551976287               
7       48             -0.12450751409630179               
29      50             -0.1248940319441545                
33      38             -0.1249719615391269                
18      26             -0.1250541065358193                
22      32             -0.12507518970332954               
2       23             -0.12552128245412195               
17      42             -0.12590972220023566               
19      50             -0.12613418608563443               
12      50             -0.12667793474537606               
17      50             -0.12696364434807325               
43      52             -0.12700908494079402               
33      50             -0.12706438746540508               
8       53             -0.12713419956538807               
12      19             -0.1273364096055506                
35      54             -0.12742713241458914               
18      48             -0.12768102903921333               
4       51             -0.12768318143491386               
11      51             -0.12779244391099776               
6       38             -0.12797789496904521               
5       53             -0.1280779159686285                
37      53             -0.1281104117385274                
7       33             -0.1283951195118858                
36      53             -0.1284006490362365                
22      31             -0.1286606631856335                
20      38             -0.12937297887211874               
44      49             -0.12946512932954624               
16      34             -0.12979786348983263               
5       33             -0.1300032617696378                
14      25             -0.1301211961918559                
31      52             -0.13018905327877012               
10      37             -0.13034464490554687               
3       41             -0.1304197714783353                
24      28             -0.13066215021197325               
31      51             -0.13079617382069475               
33      54             -0.1320054431405266                
21      46             -0.13224645656764325               
10      55             -0.13282280334537142               
5       8              -0.132913864741451                 
12      33             -0.13304959863521576               
14      21             -0.133191880512525                 
41      52             -0.1332422731216161                
9       43             -0.1334459092866624                
4       43             -0.1337038307353291                
22      27             -0.1339028929902795                
40      44             -0.13414406882633367               
10      54             -0.13435200638637132               
6       34             -0.1343962729591718                
3       48             -0.13482824458732565               
19      46             -0.13490296317246026               
5       22             -0.13502326032438794               
30      46             -0.13517001682355                  
36      41             -0.13533004682326102               
18      40             -0.13538117871165947               
14      49             -0.1354559946994339                
8       24             -0.1362155369456126                
4       22             -0.13649275108746747               
28      54             -0.13663770282229298               
12      17             -0.13754691419612602               
2       22             -0.1375995990940711                
13      19             -0.1381239329206052                
43      46             -0.1384443900564416                
25      48             -0.13845359829173406               
15      20             -0.13897706324371856               
12      54             -0.13931343860086948               
6       9              -0.1395007437641893                
7       27             -0.1396972567785168                
12      47             -0.1399078359217689                
19      33             -0.1399833873227913                
22      38             -0.14015952628201592               
1       23             -0.1404928186529954                
10      28             -0.14122228826739217               
13      47             -0.14156782940388934               
14      50             -0.14174860203526318               
9       17             -0.141971638364365                 
26      35             -0.1427795324971232                
20      45             -0.14331626215956883               
1       26             -0.14408806657054168               
3       17             -0.14448814343689265               
28      45             -0.1454862173901298                
32      37             -0.14584833558516613               
13      49             -0.14686888021414846               
16      31             -0.1469094978900685                
10      19             -0.14720620511538218               
38      41             -0.14720748372317846               
8       55             -0.14740918146298207               
11      29             -0.1477164363725339                
36      51             -0.14873627760930672               
35      37             -0.14921870312916977               
34      41             -0.1500249540041073                
1       55             -0.15115671370352918               
16      50             -0.15174883113227877               
10      50             -0.15204399825835715               
20      50             -0.15214454094819127               
6       26             -0.15269538293781731               
13      39             -0.15324644003178073               
16      52             -0.15397699966707434               
11      46             -0.15413057968067984               
38      50             -0.1545147125437481                
13      48             -0.15452728957696266               
35      51             -0.1545637090889542                
3       25             -0.15469088007118956               
10      25             -0.15534748448304578               
26      53             -0.156338114970938                 
26      38             -0.15636055218480194               
11      52             -0.1565810522746669                
3       10             -0.15713649980387748               
31      42             -0.15775762320846842               
12      36             -0.15798323829785563               
14      52             -0.1586296338006523                
35      46             -0.15890356913655257               
39      46             -0.15906895077853678               
12      42             -0.15914277865725626               
10      41             -0.1593016692822311                
16      29             -0.15991554018757637               
16      41             -0.1604641287064687                
28      38             -0.16074434828609385               
19      42             -0.16157909604750617               
35      52             -0.16247113497997412               
13      51             -0.16258393182478997               
19      32             -0.16337753789195175               
28      30             -0.16367129391466803               
19      51             -0.16441585774193254               
13      21             -0.16443238061063695               
7       52             -0.1649818278638152                
12      34             -0.1654517233786096                
28      44             -0.16565759662501894               
10      47             -0.16566635873657104               
2       32             -0.16606181949364668               
15      50             -0.16683862665854873               
43      47             -0.16726805714884824               
25      40             -0.16916998512473058               
33      37             -0.17128190139191674               
12      26             -0.17252553819210634               
6       46             -0.17306187893766406               
11      25             -0.1736315563195757                
29      45             -0.1736619487476789                
32      43             -0.17383237409626004               
17      52             -0.17510851000018374               
8       26             -0.17549999983571662               
5       17             -0.1769097184362087                
41      54             -0.1788873364940305                
7       22             -0.1804380842169806                
11      32             -0.18098189149465704               
16      46             -0.18292859683012555               
5       10             -0.18307006716217322               
42      45             -0.1833439610488598                
17      51             -0.1845211973812386                
5       52             -0.1853917847375973                
9       20             -0.18658079387428594               
21      45             -0.18722259159014448               
20      30             -0.18754721604143398               
13      32             -0.18897321242627696               
7       26             -0.1909503571219896                
3       51             -0.20330044289264523               
12      21             -0.20539339050461886               
19      41             -0.2055308168835141                
21      24             -0.20711886062015006               
21      38             -0.20721825733292537               
12      46             -0.20775405691786977               
37      46             -0.2084454077909528                
10      52             -0.21290278939557708               
18      51             -0.21438780089936338               
12      51             -0.21636252774179393               
17      46             -0.21687265595808514               
11      33             -0.2172587735926978                
4       9              -0.22356725668506006               
20      52             -0.23086656528789495               
1       11             -0.23346203631330148               
10      30             -0.23426657911255072               
11      16             -0.2388652666473337                
19      53             -0.24073886030963498               
1       19             -0.24338873328337893               
