#======================================================================
# PARAMETERS USED FOR THIS COMPUTATION: 
#	Sequence type: RNA
#	Total number of sequences in alignment data: 15
#	Length of sequences in alignment data: 33
#	Value of sequence identity: 0.8
#	lambda_h: 6.4
#	lambda_J: 6.4
#	Number of gradient decent iterations: 500
# The First and Second columns represent sites and the
# Third column is PLMDCA Frobenius norm, average product corrected (APC) DCA score
#======================================================================
2       19             0.11293045729262231                
30      31             0.10564831053048208                
3       18             0.101212185297546                  
1       20             0.09875447804920207                
3       20             0.09195812088909486                
18      20             0.0919581205468649                 
1       3              0.09195811892678092                
1       18             0.09195811858455097                
6       17             0.07080762011567981                
4       17             0.07080761883709813                
16      17             0.0708076180699491                 
4       6              0.07080760521451862                
6       16             0.07080760444736962                
4       16             0.07080760316878792                
2       13             0.06585278013853339                
13      19             0.06312759577710791                
12      19             0.061811502608491775               
12      25             0.061503611209583885               
2       12             0.06032949070136891                
11      31             0.059614069982797405               
11      30             0.059614067898228235               
19      33             0.050537296600086254               
6       9              0.049049353108906776               
4       9              0.049049351911861175               
9       16             0.04904935119363381                
9       17             0.04904933701069998                
2       33             0.04866351056849294                
12      33             0.043241620536645514               
22      25             0.03807122481725936                
6       33             0.0364134364412048                 
4       33             0.03641343525491225                
17      33             0.036413427804331655               
16      33             0.03641342709255613                
13      33             0.03452672433950857                
12      13             0.032418712240054035               
9       33             0.02973631759010778                
11      25             0.02923994401710936                
19      31             0.024187104628907136               
19      30             0.02418709504429803                
19      25             0.0233872494927143                 
2       31             0.023123952692206615               
2       30             0.023123950623106793               
12      31             0.023005955852469354               
12      30             0.023005954044559088               
19      22             0.021611913773361927               
6       11             0.02159096932327198                
4       11             0.021590968097054825               
11      16             0.02159096736132453                
11      17             0.021590960646474228               
3       13             0.019851482324629785               
13      18             0.019851481923651867               
3       11             0.019691840404107944               
11      18             0.01969184003624279                
9       11             0.01762600028954442                
5       8              0.017543671958528212               
7       26             0.01754367175203958                
7       27             0.01754367175203958                
7       28             0.01754367175203958                
7       29             0.01754367175203958                
7       32             0.01754367175203958                
21      26             0.01754366941164072                
21      27             0.01754366941164072                
21      28             0.01754366941164072                
21      29             0.01754366941164072                
21      32             0.01754366941164072                
14      26             0.01754366874295532                
14      27             0.01754366874295532                
14      28             0.01754366874295532                
14      29             0.01754366874295532                
14      32             0.01754366874295532                
15      26             0.01754366874295532                
15      27             0.01754366874295532                
15      28             0.01754366874295532                
15      29             0.01754366874295532                
15      32             0.01754366874295532                
5       26             0.017543668408612628               
5       27             0.017543668408612628               
5       28             0.017543668408612628               
5       29             0.017543668408612628               
5       32             0.017543668408612628               
8       26             0.017543668408612628               
8       27             0.017543668408612628               
8       28             0.017543668408612628               
8       29             0.017543668408612628               
8       32             0.017543668408612628               
5       7              0.017543667851374775               
23      24             0.017543667851374734               
21      23             0.017543667182689307               
21      24             0.017543667182689307               
14      23             0.017543666514003894               
14      24             0.017543666514003894               
15      23             0.017543666514003894               
15      24             0.017543666514003894               
5       23             0.017543666179661188               
5       24             0.017543666179661188               
8       23             0.017543666179661188               
8       24             0.017543666179661188               
14      21             0.017543665845318468               
15      21             0.017543665845318468               
5       21             0.017543665510975748               
8       21             0.017543665510975748               
14      15             0.01754366517663304                
5       14             0.01754366484229032                
5       15             0.01754366484229032                
8       14             0.01754366484229032                
8       15             0.01754366484229032                
23      26             0.017543662629745507               
23      27             0.017543662629745507               
23      28             0.017543662629745507               
23      29             0.017543662629745507               
23      32             0.017543662629745507               
24      26             0.017543662629745507               
24      27             0.017543662629745507               
24      28             0.017543662629745507               
24      29             0.017543662629745507               
24      32             0.017543662629745507               
7       23             0.017543662072507668               
7       24             0.017543662072507668               
7       21             0.01754366140382227                
7       14             0.01754366073513687                
7       15             0.01754366073513687                
7       8              0.017543660400794178               
26      27             0.01754365740811621                
26      28             0.01754365740811621                
26      29             0.01754365740811621                
26      32             0.01754365740811621                
27      28             0.01754365740811621                
27      29             0.01754365740811621                
27      32             0.01754365740811621                
28      29             0.01754365740811621                
28      32             0.01754365740811621                
29      32             0.01754365740811621                
2       20             0.017009348681489983               
1       2              0.017009346734101927               
12      22             0.016468338879912302               
1       22             0.01629163769363636                
20      22             0.016291631857307212               
13      31             0.015965232233968188               
13      30             0.015965229961760044               
10      33             0.014929563844807162               
8       10             0.014665181931789811               
10      23             0.014665176027841037               
10      24             0.014665176027841037               
5       10             0.014665174481209214               
10      26             0.014665170639436204               
10      27             0.014665170639436204               
10      28             0.014665170639436204               
10      29             0.014665170639436204               
10      32             0.014665170639436204               
7       10             0.014665170123892263               
10      21             0.014665167958607707               
10      14             0.01466516733995498                
10      15             0.01466516733995498                
13      20             0.014327775222944678               
1       13             0.014327773084395853               
19      20             0.014093919781765801               
1       19             0.014093910322687794               
1       11             0.013347958483705027               
11      20             0.013347952995071868               
6       19             0.010554986572651096               
4       19             0.010554985317340213               
17      19             0.010554977866759616               
16      19             0.010554969662992492               
6       12             0.010417633025241846               
4       12             0.01041763196176522                
12      17             0.01041763196176522                
12      16             0.010417631323679247               
2       6              0.010340277512642743               
2       4              0.010340276295525197               
2       17             0.010340276295525197               
2       16             0.010340268114674075               
3       22             0.009423299859484105               
18      22             0.009423299556811954               
2       25             0.008017209897230232               
11      22             0.0071241643173343555              
2       22             0.005515678378112211               
6       13             0.003603628495943076               
4       13             0.003603627159350045               
13      17             0.003603627159350045               
13      16             0.003603626357394224               
11      19             0.001074964493034028               
5       22             0.000734674726605801               
8       22             0.000734674726605801               
22      26             0.0007346745324905354              
22      27             0.0007346745324905354              
22      28             0.0007346745324905354              
22      29             0.0007346745324905354              
22      32             0.0007346745324905354              
22      23             0.0007346725146762309              
22      24             0.0007346725146762309              
21      22             0.0007346719093319423              
7       22             0.0007346703027466608              
14      22             0.0007346675786973483              
15      22             0.0007346675786973483              
13      22             -8.866313740152343e-05             
25      26             -0.00013107694179868845            
25      27             -0.00013107694179868845            
25      28             -0.00013107694179868845            
25      29             -0.00013107694179868845            
25      32             -0.00013107694179868845            
23      25             -0.0001310791775724629             
24      25             -0.0001310791775724629             
21      25             -0.0001310798483045994             
14      25             -0.00013108051903672202            
15      25             -0.00013108051903672202            
7       25             -0.00013108495132273246            
5       25             -0.0001310883049833872             
8       25             -0.0001310883049833872             
9       12             -0.00030355213325894415            
2       9              -0.0006138656153843319             
9       19             -0.000794561951789452              
25      31             -0.0012181646696836773             
25      30             -0.0012181665700913835             
9       13             -0.0023007260064575458             
10      25             -0.003956603057039404              
2       18             -0.003958150717144615              
2       3              -0.003958157802589943              
5       9              -0.004233068958247571              
8       9              -0.004233068958247571              
9       23             -0.004233074613259738              
9       24             -0.004233074613259738              
9       14             -0.004233076049714471              
9       15             -0.004233076049714471              
9       26             -0.004233079669749118              
9       27             -0.004233079669749118              
9       28             -0.004233079669749118              
9       29             -0.004233079669749118              
9       32             -0.004233079669749118              
7       9              -0.004233080268271933              
9       21             -0.004233082782067701              
21      30             -0.0044238606696280075             
26      30             -0.004423864947968245              
27      30             -0.004423864947968245              
28      30             -0.004423864947968245              
29      30             -0.004423864947968245              
30      32             -0.004423864947968245              
7       30             -0.004423865558014467              
21      31             -0.004423866225599912              
14      31             -0.004423866957655356              
15      31             -0.004423866957655356              
5       31             -0.004423867323683078              
8       31             -0.004423867323683078              
23      30             -0.004423867388153133              
24      30             -0.004423867388153133              
14      30             -0.004423868852264076              
15      30             -0.004423868852264076              
5       30             -0.004423869218291812              
8       30             -0.004423869218291812              
26      31             -0.004423870503940233              
27      31             -0.004423870503940233              
28      31             -0.004423870503940233              
29      31             -0.004423870503940233              
31      32             -0.004423870503940233              
7       31             -0.004423871113986441              
23      31             -0.004423872944125065              
24      31             -0.004423872944125065              
25      33             -0.004563505202566889              
12      20             -0.004796645222671987              
1       12             -0.004796650649524878              
3       31             -0.006168287511541498              
18      31             -0.00616828787756922               
3       30             -0.006168289596500065              
18      30             -0.006168289962527801              
1       25             -0.006670894347344858              
20      25             -0.006670900009306438              
10      22             -0.00677247727298616               
10      13             -0.0077679423704737766             
11      33             -0.00781848038803866               
3       19             -0.008089789686917495              
18      19             -0.008089790063510766              
10      30             -0.008148753898030131              
10      31             -0.008148759595761335              
2       11             -0.008309468782338361              
3       21             -0.00869736644151324               
3       26             -0.00869736697804338               
3       27             -0.00869736697804338               
3       28             -0.00869736697804338               
3       29             -0.00869736697804338               
3       32             -0.00869736697804338               
18      26             -0.008697367312386087              
18      27             -0.008697367312386087              
18      28             -0.008697367312386087              
18      29             -0.008697367312386087              
18      32             -0.008697367312386087              
3       7              -0.008697367591266492              
7       18             -0.008697367925609198              
3       23             -0.008697369430935811              
3       24             -0.008697369430935811              
18      23             -0.008697369765278518              
18      24             -0.008697369765278518              
18      21             -0.008697370501146245              
3       14             -0.008697370902671267              
3       15             -0.008697370902671267              
14      18             -0.008697371237013973              
15      18             -0.008697371237013973              
3       5              -0.008697371270605117              
3       8              -0.008697371270605117              
5       18             -0.008697371604947837              
8       18             -0.008697371604947837              
9       10             -0.00897683928883615               
3       10             -0.010811269173754495              
10      18             -0.010811273208371164              
1       26             -0.010855678748850267              
1       27             -0.010855678748850267              
1       28             -0.010855678748850267              
1       29             -0.010855678748850267              
1       32             -0.010855678748850267              
20      26             -0.01085568069097953               
20      27             -0.01085568069097953               
20      28             -0.01085568069097953               
20      29             -0.01085568069097953               
20      32             -0.01085568069097953               
1       23             -0.010855681030383313              
1       24             -0.010855681030383313              
20      23             -0.010855682972512506              
20      24             -0.010855682972512506              
1       7              -0.010855683044523834              
14      20             -0.01085568434143229               
15      20             -0.01085568434143229               
1       14             -0.010855686124593436              
1       15             -0.010855686124593436              
1       5              -0.010855686466823389              
1       8              -0.010855686466823389              
5       20             -0.01085568840895254               
8       20             -0.01085568840895254               
7       20             -0.010855688711943368              
1       21             -0.010855689165423829              
20      21             -0.010855691107552995              
16      23             -0.011187021788582052              
16      24             -0.011187021788582052              
5       17             -0.011187023037769181              
8       17             -0.011187023037769181              
14      16             -0.011187023322880102              
15      16             -0.011187023322880102              
7       16             -0.01118702359599981               
5       16             -0.011187023706454607              
8       16             -0.011187023706454607              
4       23             -0.011187024845186938              
4       24             -0.011187024845186938              
4       21             -0.011187025612335963              
17      21             -0.011187025612335963              
6       8              -0.011187025648583745              
5       6              -0.01118702564858376               
16      21             -0.011187026281021376              
4       14             -0.01118702637948496               
4       15             -0.01118702637948496               
14      17             -0.011187026379484974              
15      17             -0.011187026379484974              
17      23             -0.011187028570477237              
17      24             -0.011187028570477237              
6       7              -0.011187029263419343              
4       7              -0.011187030377895008              
7       17             -0.011187030377895021              
16      26             -0.01118703040728955               
16      27             -0.01118703040728955               
16      28             -0.01118703040728955               
16      29             -0.01118703040728955               
16      32             -0.01118703040728955               
6       23             -0.011187031181291843              
6       24             -0.011187031181291843              
6       21             -0.011187031948440854              
6       26             -0.011187032349418813              
6       27             -0.011187032349418813              
6       28             -0.011187032349418813              
6       29             -0.011187032349418813              
6       32             -0.011187032349418813              
6       14             -0.01118703271558985               
6       15             -0.01118703271558985               
4       26             -0.011187033463894464              
4       27             -0.011187033463894464              
4       28             -0.011187033463894464              
4       29             -0.011187033463894464              
4       32             -0.011187033463894464              
17      26             -0.011187033463894464              
17      27             -0.011187033463894464              
17      28             -0.011187033463894464              
17      29             -0.011187033463894464              
17      32             -0.011187033463894464              
4       5              -0.011187037938930361              
4       8              -0.011187037938930361              
10      11             -0.011662339019395354              
10      12             -0.013047798828765923              
20      31             -0.013219037843589493              
20      30             -0.013219043508182829              
1       31             -0.013219043521027651              
1       30             -0.013219045460330744              
22      31             -0.014502920661119731              
22      30             -0.014502922376261898              
4       10             -0.014615419999346818              
10      16             -0.014615420617999558              
6       10             -0.014615422693549235              
10      17             -0.01461542372463713               
9       25             -0.014693998259389926              
3       25             -0.015175665446859873              
18      25             -0.01517566950751624               
6       25             -0.015263582160594438              
4       25             -0.015263583278481319              
17      25             -0.015263583278481319              
16      25             -0.015263583949213455              
18      33             -0.015626777567161007              
3       33             -0.015626780936563542              
10      20             -0.015690048422806677              
1       10             -0.015690050072547278              
2       10             -0.016116335266789725              
10      19             -0.01647385268273359               
13      26             -0.016969564593356856              
13      27             -0.016969564593356856              
13      28             -0.016969564593356856              
13      29             -0.016969564593356856              
13      32             -0.016969564593356856              
13      14             -0.016969568870454532              
13      15             -0.016969568870454532              
7       13             -0.01696956898694367               
13      23             -0.016969570991833202              
13      24             -0.016969570991833202              
13      21             -0.016969571793789023              
5       13             -0.016969572996722734              
8       13             -0.016969572996722734              
11      26             -0.01703805450151387               
11      27             -0.01703805450151387               
11      28             -0.01703805450151387               
11      29             -0.01703805450151387               
11      32             -0.01703805450151387               
7       11             -0.017038055114622433              
11      23             -0.01703805695394818               
11      24             -0.01703805695394818               
11      14             -0.017038058425408772              
11      15             -0.017038058425408772              
5       11             -0.017038058793273914              
8       11             -0.017038058793273914              
11      21             -0.017038061414968775              
26      33             -0.01707979511140885               
27      33             -0.01707979511140885               
28      33             -0.01707979511140885               
29      33             -0.01707979511140885               
32      33             -0.01707979511140885               
7       33             -0.01707979570455513               
23      33             -0.01707979748399395               
24      33             -0.01707979748399395               
21      33             -0.01707979819576949               
14      33             -0.01707979890754502               
15      33             -0.01707979890754502               
5       33             -0.017079799263432782              
8       33             -0.017079799263432782              
31      33             -0.0179673697916463                
30      33             -0.017967375533633922              
22      33             -0.01874277227935687               
9       22             -0.018977635932763345              
12      26             -0.018984527980622924              
12      27             -0.018984527980622924              
12      28             -0.018984527980622924              
12      29             -0.018984527980622924              
12      32             -0.018984527980622924              
12      23             -0.018984530107576163              
12      24             -0.018984530107576163              
12      14             -0.018984531383748116              
12      15             -0.018984531383748116              
7       12             -0.01898453223765153               
12      21             -0.01898453447095244               
5       12             -0.018984535428081394              
8       12             -0.018984535428081394              
9       30             -0.020513561175360545              
9       31             -0.020513562865673296              
4       22             -0.021032284620320363              
6       22             -0.02103228733670351               
17      22             -0.02103228834561066               
16      22             -0.02103228895095495               
4       31             -0.02236175589239664               
17      31             -0.02236175589239664               
16      31             -0.022361756624452084              
4       30             -0.022361758065985504              
17      30             -0.022361758065985504              
6       31             -0.022361758397594522              
16      30             -0.022361758798040976              
6       30             -0.02236176057118336               
9       18             -0.022371459474301164              
3       9              -0.02237146284047778               
20      33             -0.02280308699539585               
1       33             -0.022803088893463927              
3       6              -0.024322635854691244              
6       18             -0.024322636238265735              
3       4              -0.024322637081137452              
4       18             -0.024322637464711958              
17      18             -0.024322637464711958              
3       17             -0.02432264080642775               
16      18             -0.024322641925869984              
3       16             -0.024322645267585763              
9       20             -0.02705067543727152               
1       9              -0.027050677352544503              
1       4              -0.028630305290563623              
4       20             -0.028630306970123226              
17      20             -0.028630306970123226              
16      20             -0.028630307654583118              
1       6              -0.028630307875087413              
1       17             -0.028630309015853922              
6       20             -0.028630309554647043              
1       16             -0.02863030970031384               
2       21             -0.029747004561967647              
2       26             -0.029747005122752315              
2       27             -0.029747005122752315              
2       28             -0.029747005122752315              
2       29             -0.029747005122752315              
2       32             -0.029747005122752315              
2       14             -0.029747005292238157              
2       15             -0.029747005292238157              
2       7              -0.029747005731311088              
2       23             -0.029747007556987407              
2       24             -0.029747007556987407              
2       5              -0.029747009382663725              
2       8              -0.029747009382663725              
13      25             -0.030740688501392346              
3       12             -0.031493845289754796              
12      18             -0.031493845608797796              
19      26             -0.03184697536453085               
19      27             -0.03184697536453085               
19      28             -0.03184697536453085               
19      29             -0.03184697536453085               
19      32             -0.03184697536453085               
14      19             -0.031846975656235385              
15      19             -0.031846975656235385              
7       19             -0.03184697599218629               
19      23             -0.031846977875152616              
19      24             -0.031846977875152616              
19      21             -0.031846978628339156              
5       19             -0.031846979758118954              
8       19             -0.031846979758118954              
11      12             -0.03615519230116897               
11      13             -0.03743627230070351               
