#======================================================================
# PARAMETERS USED FOR THIS COMPUTATION: 
#	Sequence type: RNA
#	Total number of sequences in alignment data: 3
#	Length of sequences in alignment data: 36
#	Value of sequence identity: 0.8
#	lambda_h: 7.0
#	lambda_J: 7.0
#	Number of gradient decent iterations: 500
# The First and Second columns represent sites and the
# Third column is PLMDCA Frobenius norm, average product corrected (APC) DCA score
#======================================================================
24      32             0.08569912234645112                
19      22             0.0699960658041615                 
30      34             0.06999606476731621                
19      34             0.0699960646521112                 
19      30             0.06999606315444577                
8       22             0.06999606280883079                
8       34             0.06999606165678045                
8       30             0.06999606015911497                
22      34             0.06999605251587068                
22      30             0.06999605101820533                
8       19             0.06999604514274874                
6       36             0.06406538412436323                
21      27             0.06406538400902534                
6       27             0.0640653832016602                 
2       4              0.06406537095327017                
4       36             0.06406537060725655                
2       36             0.06406537049191867                
2       21             0.06406537037658078                
21      36             0.06406537003056717                
4       6              0.06406536968455354                
4       27             0.06406536968455354                
2       6              0.06406536956921566                
2       27             0.06406536956921566                
27      36             0.06406536922320204                
6       21             0.06406536910786415                
4       21             0.06406535559075748                
23      24             0.06384957896092797                
23      32             0.06384957841864797                
22      24             0.05238304585210127                
32      34             0.05238304419553319                
19      32             0.05238304268277308                
8       24             0.052383040449386575               
8       32             0.0523830398733614                 
22      32             0.052383037825495554               
24      34             0.05238303732097774                
24      30             0.052383035916271914               
19      24             0.052383035808217626               
30      32             0.05238303534024677                
21      32             0.04733805316642439                
4       24             0.04733804683280464                
2       24             0.04733804672475034                
24      36             0.047338046400587475               
21      24             0.04733804629253316                
4       32             0.047338046256115276               
2       32             0.047338046148060975               
32      36             0.0473380458238981                 
6       24             0.04733804553615312                
24      27             0.0473380455361531                 
6       32             0.04733804495946374                
27      32             0.04733804495946374                
22      23             0.013539716610972391               
23      34             0.013539715526412366               
8       23             0.013539711188172293               
23      30             0.013539706665903734               
19      23             0.01353970655744774                
12      13             0.01164700976032021                
1       12             0.011647007398626591               
1       13             0.011647007398626591               
9       12             0.011647006889737896               
9       13             0.011647006889737896               
10      12             0.011647006889737896               
10      13             0.011647006889737896               
12      15             0.01164700648262694                
12      16             0.01164700648262694                
13      15             0.01164700648262694                
13      16             0.01164700648262694                
20      26             0.011647005871960513               
25      26             0.011647005871960513               
26      28             0.011647005871960513               
26      29             0.011647005871960513               
17      26             0.011647004447072153               
18      26             0.011647004447072153               
14      26             0.01164700403996119                
11      26             0.011647003632850227               
3       26             0.011647003327517003               
5       12             0.011647003327517003               
5       13             0.011647003327517003               
7       12             0.011647003327517003               
7       13             0.011647003327517003               
12      26             0.011647002004406388               
13      26             0.011647002004406388               
17      31             0.01164700167826739                
17      33             0.01164700167826739                
17      35             0.01164700167826739                
18      31             0.01164700167826739                
18      33             0.01164700167826739                
18      35             0.01164700167826739                
14      31             0.011647001271156462               
14      33             0.011647001271156462               
14      35             0.011647001271156462               
17      20             0.011647001169378716               
17      25             0.011647001169378716               
17      28             0.011647001169378716               
17      29             0.011647001169378716               
18      20             0.011647001169378716               
18      25             0.011647001169378716               
18      28             0.011647001169378716               
18      29             0.011647001169378716               
14      15             0.011647001067600991               
14      16             0.011647001067600991               
11      31             0.011647000864045527               
11      33             0.011647000864045527               
11      35             0.011647000864045527               
3       9              0.011647000762267809               
3       10             0.011647000762267809               
14      20             0.011647000762267781               
14      25             0.011647000762267781               
14      28             0.011647000762267781               
14      29             0.011647000762267781               
11      15             0.011647000660490056               
11      16             0.011647000660490056               
3       31             0.011647000558712331               
3       33             0.011647000558712331               
3       35             0.011647000558712331               
5       9              0.01164700045693462                
5       10             0.01164700045693462                
7       9              0.01164700045693462                
7       10             0.01164700045693462                
3       15             0.01164700035515686                
3       16             0.01164700035515686                
11      20             0.011647000355156846               
11      25             0.011647000355156846               
11      28             0.011647000355156846               
11      29             0.011647000355156846               
5       31             0.011647000253379142               
5       33             0.011647000253379142               
5       35             0.011647000253379142               
7       31             0.011647000253379142               
7       33             0.011647000253379142               
7       35             0.011647000253379142               
5       15             0.011647000049823664               
5       16             0.011647000049823664               
7       15             0.011647000049823664               
7       16             0.011647000049823664               
3       20             0.011647000049823643               
3       25             0.011647000049823643               
3       28             0.011647000049823643               
3       29             0.011647000049823643               
5       20             0.011646999744490447               
5       25             0.011646999744490447               
5       28             0.011646999744490447               
5       29             0.011646999744490447               
7       20             0.011646999744490447               
7       25             0.011646999744490447               
7       28             0.011646999744490447               
7       29             0.011646999744490447               
17      18             0.011646999744490419               
14      17             0.011646999337379477               
14      18             0.011646999337379477               
11      17             0.011646998930268528               
11      18             0.011646998930268528               
3       17             0.011646998624935317               
3       18             0.011646998624935317               
11      14             0.011646998523157578               
5       17             0.011646998319602121               
5       18             0.011646998319602121               
7       17             0.011646998319602121               
7       18             0.011646998319602121               
3       14             0.011646998217824368               
5       14             0.011646997912491165               
7       14             0.011646997912491165               
3       11             0.01164699781071342                
5       11             0.011646997505380216               
7       11             0.011646997505380216               
3       5              0.011646997200046999               
3       7              0.011646997200046999               
1       9              0.011646997077463292               
1       10             0.011646997077463292               
5       7              0.011646996894713789               
1       31             0.011646996873907828               
1       33             0.011646996873907828               
1       35             0.011646996873907828               
1       15             0.01164699667035237                
1       16             0.01164699667035237                
9       10             0.011646996568574638               
11      12             0.011646996487602847               
11      13             0.011646996487602847               
1       20             0.011646996365019174               
1       25             0.011646996365019174               
1       28             0.011646996365019174               
1       29             0.011646996365019174               
9       31             0.011646996365019167               
9       33             0.011646996365019167               
9       35             0.011646996365019167               
10      31             0.011646996365019167               
10      33             0.011646996365019167               
10      35             0.011646996365019167               
3       12             0.011646996182269623               
3       13             0.011646996182269623               
9       15             0.01164699616146371                
9       16             0.01164699616146371                
10      15             0.01164699616146371                
10      16             0.01164699616146371                
31      33             0.011646996161463703               
31      35             0.011646996161463703               
33      35             0.011646996161463703               
15      31             0.011646995957908239               
15      33             0.011646995957908239               
15      35             0.011646995957908239               
16      31             0.011646995957908239               
16      33             0.011646995957908239               
16      35             0.011646995957908239               
9       20             0.011646995856130514               
9       25             0.011646995856130514               
9       28             0.011646995856130514               
9       29             0.011646995856130514               
10      20             0.011646995856130514               
10      25             0.011646995856130514               
10      28             0.011646995856130514               
10      29             0.011646995856130514               
15      16             0.011646995754352775               
20      31             0.011646995652575043               
20      33             0.011646995652575043               
20      35             0.011646995652575043               
25      31             0.011646995652575043               
25      33             0.011646995652575043               
25      35             0.011646995652575043               
28      31             0.011646995652575043               
28      33             0.011646995652575043               
28      35             0.011646995652575043               
29      31             0.011646995652575043               
29      33             0.011646995652575043               
29      35             0.011646995652575043               
5       26             0.011646995571603196               
7       26             0.011646995571603196               
15      20             0.011646995449019579               
15      25             0.011646995449019579               
15      28             0.011646995449019579               
15      29             0.011646995449019579               
16      20             0.011646995449019579               
16      25             0.011646995449019579               
16      28             0.011646995449019579               
16      29             0.011646995449019579               
20      25             0.011646995143686376               
20      28             0.011646995143686376               
20      29             0.011646995143686376               
25      28             0.011646995143686376               
25      29             0.011646995143686376               
28      29             0.011646995143686376               
1       17             0.01164699494013094                
1       18             0.01164699494013094                
1       14             0.011646994533020018               
9       17             0.011646994431242265               
9       18             0.011646994431242265               
10      17             0.011646994431242265               
10      18             0.011646994431242265               
1       11             0.01164699412590909                
9       14             0.011646994024131337               
10      14             0.011646994024131337               
15      17             0.011646994024131323               
15      18             0.011646994024131323               
16      17             0.011646994024131323               
16      18             0.011646994024131323               
1       3              0.011646993820575893               
9       11             0.011646993617020408               
10      11             0.011646993617020408               
1       5              0.011646993515242704               
1       7              0.011646993515242704               
1       26             0.011646992192132201               
12      31             0.011646991785021224               
12      33             0.011646991785021224               
12      35             0.011646991785021224               
13      31             0.011646991785021224               
13      33             0.011646991785021224               
13      35             0.011646991785021224               
9       26             0.011646991683243506               
10      26             0.011646991683243506               
26      31             0.01164699147968802                
26      33             0.01164699147968802                
26      35             0.01164699147968802                
15      26             0.011646991276132543               
16      26             0.011646991276132543               
12      20             0.011646991276132522               
12      25             0.011646991276132522               
12      28             0.011646991276132522               
12      29             0.011646991276132522               
13      20             0.011646991276132522               
13      25             0.011646991276132522               
13      28             0.011646991276132522               
13      29             0.011646991276132522               
12      17             0.011646989851244169               
12      18             0.011646989851244169               
13      17             0.011646989851244169               
13      18             0.011646989851244169               
12      14             0.011646989444133206               
13      14             0.011646989444133206               
4       23             0.006225606659587601               
2       23             0.006225606551131593               
21      23             0.006225606117307589               
23      27             0.00622560535811556                
23      36             0.006225598775183                  
6       23             0.006225597907534977               
1       23             -0.010522745907911732              
9       23             -0.010522746450191744              
10      23             -0.010522746450191744              
5       23             -0.010522746520861506              
7       23             -0.010522746520861506              
23      31             -0.010522746667103747              
23      33             -0.010522746667103747              
23      35             -0.010522746667103747              
15      23             -0.010522746884015749              
16      23             -0.010522746884015749              
20      23             -0.01052274720938376               
23      25             -0.01052274720938376               
23      28             -0.01052274720938376               
23      29             -0.01052274720938376               
17      23             -0.010522748727767775              
18      23             -0.010522748727767775              
14      23             -0.010522749161591793              
11      23             -0.010522749595415798              
3       23             -0.010522749920783808              
12      23             -0.01052275133071183               
13      23             -0.01052275133071183               
23      26             -0.01052275165607984               
2       30             -0.010579509183562694              
2       19             -0.010579509298900558              
27      30             -0.010579510450818022              
2       8              -0.010579512297685306              
4       22             -0.010579513866167123              
2       22             -0.010579513981372163              
22      36             -0.010579514326987227              
21      22             -0.010579514442192267              
2       34             -0.010579515134750903              
6       22             -0.01057951524862745               
22      27             -0.010579515248627464              
34      36             -0.010579515480365995              
6       34             -0.010579516402006217              
27      34             -0.010579516402006217              
4       30             -0.01057951651893825               
4       19             -0.010579516634276115              
30      36             -0.010579516979758369              
21      30             -0.010579517094963409              
19      21             -0.010579517210301287              
6       30             -0.010579517901398619              
6       19             -0.010579518016736497              
4       8              -0.010579519633060863              
8       36             -0.010579520093880995              
8       21             -0.010579520209086049              
6       8              -0.010579521015521301              
8       27             -0.010579521015521301              
4       34             -0.01057952247012646               
21      34             -0.010579523046151618              
19      36             -0.01057952454567683               
19      27             -0.010579525467317094              
8       20             -0.01495649239407107               
8       25             -0.01495649239407107               
8       28             -0.01495649239407107               
8       29             -0.01495649239407107               
30      31             -0.014956492795337423              
30      33             -0.014956492795337423              
30      35             -0.014956492795337423              
19      31             -0.014956492897115148              
19      33             -0.014956492897115148              
19      35             -0.014956492897115148              
8       12             -0.014956493046572122              
8       13             -0.014956493046572122              
19      20             -0.014956493473140306              
19      25             -0.014956493473140306              
19      28             -0.014956493473140306              
19      29             -0.014956493473140306              
8       17             -0.014956494006941573              
8       18             -0.014956494006941573              
5       22             -0.014956494256215466              
7       22             -0.014956494256215466              
1       34             -0.014956494391082                 
8       14             -0.014956494467761719              
1       8              -0.014956494736900944              
8       11             -0.014956494928581865              
9       34             -0.014956494967107131              
10      34             -0.014956494967107131              
17      30             -0.014956494984233015              
18      30             -0.014956494984233015              
17      19             -0.01495649508601074               
18      19             -0.01495649508601074               
31      34             -0.014956495197517197              
33      34             -0.014956495197517197              
34      35             -0.014956495197517211              
8       9              -0.014956495312926116              
8       10             -0.014956495312926116              
12      22             -0.01495649540826574               
13      22             -0.01495649540826574               
15      34             -0.01495649542792725               
16      34             -0.01495649542792725               
14      30             -0.014956495445053133              
8       31             -0.014956495543336196              
8       33             -0.014956495543336196              
8       35             -0.014956495543336196              
14      19             -0.014956495546830872              
1       30             -0.014956495714192511              
22      26             -0.014956495753880819              
20      34             -0.014956495773542341              
25      34             -0.014956495773542341              
28      34             -0.014956495773542341              
29      34             -0.014956495773542341              
8       15             -0.014956495773746262              
8       16             -0.014956495773746262              
1       19             -0.014956495815970236              
11      30             -0.014956495905873265              
11      19             -0.014956496007651005              
3       30             -0.014956496251488358              
9       30             -0.014956496290217655              
10      30             -0.014956496290217655              
3       19             -0.014956496353266097              
17      22             -0.014956496368635386              
18      22             -0.014956496368635386              
9       19             -0.014956496391995394              
10      19             -0.014956496391995394              
12      34             -0.014956496426043131              
13      34             -0.014956496426043131              
5       30             -0.01495649659710345               
7       30             -0.01495649659710345               
5       19             -0.014956496698881189              
7       19             -0.014956496698881189              
15      30             -0.014956496751037787              
16      30             -0.014956496751037787              
26      34             -0.014956496771658223              
14      22             -0.01495649682945549               
15      19             -0.014956496852815512              
16      19             -0.014956496852815512              
20      30             -0.01495649709665288               
25      30             -0.01495649709665288               
28      30             -0.01495649709665288               
29      30             -0.01495649709665288               
1       22             -0.014956497098594992              
8       26             -0.01495649711747754               
11      22             -0.014956497290275608              
17      34             -0.014956497386412734              
18      34             -0.014956497386412734              
3       22             -0.014956497635890686              
9       22             -0.014956497674620123              
10      22             -0.014956497674620123              
12      30             -0.014956497749153752              
13      30             -0.014956497749153752              
14      34             -0.014956497847232852              
12      19             -0.014956497850931491              
13      19             -0.014956497850931491              
22      31             -0.014956497905030175              
22      33             -0.014956497905030175              
22      35             -0.014956497905030175              
15      22             -0.014956498135440227              
16      22             -0.014956498135440227              
19      26             -0.014956498196546583              
11      34             -0.01495649830805297               
20      22             -0.014956498481055305              
22      25             -0.014956498481055305              
22      28             -0.014956498481055305              
22      29             -0.014956498481055305              
3       34             -0.014956498653668063              
5       34             -0.014956498999283141              
7       34             -0.014956498999283141              
3       8              -0.01495649899948727               
5       8              -0.014956499345102375              
7       8              -0.014956499345102375              
26      30             -0.014956501820059143              
4       12             -0.016475758500513873              
4       13             -0.016475758500513873              
21      26             -0.016475759355416217              
6       12             -0.01647575972184677               
6       13             -0.01647575972184677               
1       4              -0.016475760184200758              
1       2              -0.016475760285978483              
1       36             -0.016475760591311672              
1       21             -0.01647576069308941               
4       9              -0.01647576076089012               
4       10             -0.01647576076089012               
4       31             -0.016475760991565877              
4       33             -0.016475760991565877              
4       35             -0.016475760991565877              
9       36             -0.01647576116800105               
10      36             -0.01647576116800105               
4       15             -0.01647576122224162               
4       16             -0.01647576122224162               
9       21             -0.016475761269778788              
10      21             -0.016475761269778788              
31      36             -0.01647576139867679               
33      36             -0.01647576139867679               
35      36             -0.01647576139867679               
1       6              -0.016475761405533543              
1       27             -0.016475761405533543              
21      31             -0.016475761500454544              
21      33             -0.016475761500454544              
21      35             -0.016475761500454544              
4       20             -0.01647576156825524               
4       25             -0.01647576156825524               
4       28             -0.01647576156825524               
4       29             -0.01647576156825524               
15      36             -0.016475761629352548              
16      36             -0.016475761629352548              
2       20             -0.016475761670032993              
2       25             -0.016475761670032993              
2       28             -0.016475761670032993              
2       29             -0.016475761670032993              
15      21             -0.0164757617311303                
16      21             -0.0164757617311303                
20      36             -0.016475761975366182              
25      36             -0.016475761975366182              
28      36             -0.016475761975366182              
29      36             -0.016475761975366182              
6       9              -0.016475761982222906              
6       10             -0.016475761982222906              
9       27             -0.01647576198222292               
10      27             -0.01647576198222292               
20      21             -0.01647576207714392               
21      25             -0.01647576207714392               
21      28             -0.01647576207714392               
21      29             -0.01647576207714392               
6       31             -0.016475762212898662              
6       33             -0.016475762212898662              
6       35             -0.016475762212898662              
27      31             -0.016475762212898662              
27      33             -0.016475762212898662              
27      35             -0.016475762212898662              
2       12             -0.016475762327581925              
2       13             -0.016475762327581925              
6       15             -0.016475762443574418              
6       16             -0.016475762443574418              
15      27             -0.016475762443574432              
16      27             -0.016475762443574432              
4       26             -0.016475762571817806              
12      36             -0.016475762632915128              
13      36             -0.016475762632915128              
2       26             -0.016475762673595545              
12      21             -0.01647576273469288               
13      21             -0.01647576273469288               
6       20             -0.016475762789588053              
6       25             -0.016475762789588053              
6       28             -0.016475762789588053              
6       29             -0.016475762789588053              
20      27             -0.016475762789588053              
25      27             -0.016475762789588053              
27      28             -0.016475762789588053              
27      29             -0.016475762789588053              
26      36             -0.016475762978928762              
4       17             -0.016475763182985492              
4       18             -0.016475763182985492              
2       17             -0.01647576328476323               
2       18             -0.01647576328476323               
12      27             -0.016475763447137068              
13      27             -0.016475763447137068              
17      36             -0.01647576359009642               
18      36             -0.01647576359009642               
4       14             -0.01647576364433699               
17      21             -0.016475763691874173              
18      21             -0.016475763691874173              
2       14             -0.01647576374611473               
6       26             -0.01647576379315069               
26      27             -0.016475763793150702              
14      36             -0.016475764051447933              
4       11             -0.01647576410568849               
14      21             -0.016475764153225672              
2       11             -0.01647576420746623               
6       17             -0.01647576440431832               
6       18             -0.01647576440431832               
17      27             -0.01647576440431832               
18      27             -0.01647576440431832               
3       4              -0.01647576445170211               
11      36             -0.016475764512799432              
2       3              -0.016475764553479863              
2       9              -0.016475764587958158              
2       10             -0.016475764587958158              
11      21             -0.016475764614577185              
4       5              -0.01647576479771573               
4       7              -0.01647576479771573               
2       31             -0.016475764818633915              
2       33             -0.016475764818633915              
2       35             -0.016475764818633915              
3       36             -0.016475764858813066              
6       14             -0.01647576486566983               
14      27             -0.01647576486566983               
3       21             -0.016475764960590805              
2       15             -0.016475765049309657              
2       16             -0.016475765049309657              
5       36             -0.016475765204826687              
7       36             -0.016475765204826687              
5       21             -0.016475765306604426              
7       21             -0.016475765306604426              
6       11             -0.016475765327021344              
11      27             -0.016475765327021344              
3       6              -0.01647576567303498               
3       27             -0.01647576567303498               
5       6              -0.0164757660190486                
5       27             -0.0164757660190486                
6       7              -0.0164757660190486                
7       27             -0.0164757660190486                
2       5              -0.016475768624783782              
2       7              -0.016475768624783782              
1       24             -0.031567900896618165              
1       32             -0.031567901405506804              
9       24             -0.03156790143688962               
10      24             -0.03156790143688962               
24      31             -0.031567901652998206              
24      33             -0.031567901652998206              
24      35             -0.031567901652998206              
15      24             -0.031567901869106796              
16      24             -0.031567901869106796              
9       32             -0.03156790194577827               
10      32             -0.03156790194577827               
31      32             -0.03156790216188686               
32      33             -0.031567902161886874              
32      35             -0.031567902161886874              
20      24             -0.03156790219326969               
24      25             -0.03156790219326969               
24      28             -0.03156790219326969               
24      29             -0.03156790219326969               
15      32             -0.03156790237799545               
16      32             -0.03156790237799545               
20      32             -0.03156790270215834               
25      32             -0.03156790270215834               
28      32             -0.03156790270215834               
29      32             -0.03156790270215834               
24      26             -0.031567902898205435              
12      32             -0.03156790308293124               
13      32             -0.03156790308293124               
17      24             -0.0315679037060298                
18      24             -0.0315679037060298                
14      24             -0.03156790413824696               
17      32             -0.031567904214918466              
18      32             -0.031567904214918466              
11      24             -0.03156790457046414               
14      32             -0.031567904647135644              
3       24             -0.03156790489462703               
11      32             -0.03156790507935282               
5       24             -0.03156790521878991               
7       24             -0.03156790521878991               
3       32             -0.031567905403515714              
5       32             -0.03156790572767859               
7       32             -0.03156790572767859               
12      24             -0.03156790629933284               
13      24             -0.03156790629933284               
26      32             -0.031567907132384415              
