#======================================================================
# PARAMETERS USED FOR THIS COMPUTATION: 
#      Sequence type: RNA
#      Total number of sequences in alignment data: 222
#      Length of sequences in alignment data: 31
#      Effective number of sequences: 32.549050286274166
#      Value of sequence identity: 0.8
#      Value of relative pseudocount: 0.5
# The First and Second columns represent sites and the
# Third column is MFDCA Frobenius norm, average product corrected (APC) DCA score
#======================================================================
14      26             2.293327319761058                  
10      30             2.179489086306929                  
13      27             2.0523072352089153                 
15      25             1.9855411360264152                 
11      29             1.9332849337316702                 
12      28             1.636555229820254                  
9       22             0.916365052363123                  
19      24             0.8880257028488958                 
16      31             0.7684788138620733                 
12      13             0.6532886761234891                 
4       5              0.6149663165856643                 
18      20             0.6071090768294447                 
6       25             0.5536189296896913                 
1       2              0.5477222526232846                 
10      28             0.48726606158982866                
23      24             0.4865800565209836                 
16      22             0.4642739514904151                 
8       24             0.4642027739020082                 
27      28             0.45063040595991855                
7       21             0.4464955892982182                 
22      24             0.4375142264479678                 
9       14             0.4342872600024805                 
2       6              0.4306965745444185                 
1       17             0.41314727511030425                
7       27             0.4103147414817033                 
9       13             0.4020745097784484                 
3       15             0.3969174480538067                 
16      17             0.39367259432487256                
2       4              0.39354747365447273                
21      23             0.370725992116913                  
17      18             0.36696153145060123                
7       14             0.3639789419412371                 
22      23             0.35787712343386013                
1       4              0.35682147658630525                
9       31             0.3554531220650231                 
15      16             0.3524490614760257                 
11      26             0.3500138133508943                 
9       20             0.3421130039735674                 
8       16             0.34083544526873133                
6       29             0.33047725460211275                
3       18             0.3242564958663422                 
1       7              0.3085656084924111                 
19      30             0.30781510096143255                
18      30             0.2974661745804559                 
9       24             0.29627020173418633                
16      20             0.29388648357982067                
2       3              0.2912959209608781                 
17      23             0.2903175417568726                 
5       11             0.2820931284062608                 
1       3              0.2768641885044014                 
20      23             0.2746293529409337                 
9       12             0.2728713039828573                 
11      14             0.2688685517225513                 
4       17             0.2682741543899268                 
22      27             0.2597543279348475                 
2       17             0.25620891223146086                
10      12             0.24852340331097222                
30      31             0.24477634009292282                
7       22             0.2395367596101008                 
18      24             0.2387989594017606                 
5       6              0.23696089171457874                
20      24             0.23083219332812005                
3       28             0.2272168070395421                 
8       31             0.22619093198501733                
21      27             0.22443326825144838                
11      21             0.2236647852510204                 
6       7              0.22365663816450765                
10      11             0.2212467374070608                 
2       16             0.2208131616973067                 
13      20             0.21832717388504824                
6       23             0.21783540035189036                
3       31             0.21711696698489608                
18      19             0.21688994453217553                
20      31             0.20293414562004802                
3       10             0.1981861364854226                 
8       9              0.19738565664094565                
8       20             0.1899105249266937                 
2       7              0.18943248852386102                
14      22             0.18791413515973682                
20      21             0.18712420307748256                
5       12             0.18579416757347966                
5       19             0.17891036247279773                
5       30             0.17520794561348224                
23      30             0.17311462057060922                
2       5              0.16942951907715437                
16      25             0.1692337004167438                 
7       8              0.16547202706388564                
3       25             0.1653158510474192                 
3       12             0.16410021207759762                
18      23             0.15929351969679484                
4       15             0.15648897974152376                
5       29             0.15376736091928794                
15      28             0.1492099934183756                 
15      29             0.14822964492873414                
12      19             0.14745382344597813                
12      14             0.14597055774442436                
4       8              0.14521694325376294                
1       5              0.14455938208345936                
21      22             0.1420117353775207                 
8       29             0.14001134411716887                
20      26             0.138695384441602                  
6       10             0.13547084808948728                
4       18             0.13226830446068044                
6       28             0.12684247732667991                
19      26             0.120173512655676                  
17      27             0.11878959870995104                
1       23             0.11870460120950899                
4       31             0.11741159891923986                
25      26             0.11610689238797323                
12      26             0.11508990756178183                
16      29             0.11484324483799718                
3       4              0.11471412733928371                
10      19             0.11251197714974537                
1       29             0.1122239999636851                 
13      17             0.11129311289118515                
14      19             0.1069010949924476                 
4       21             0.10646988545241265                
21      28             0.10511750238945439                
21      31             0.10492738825093428                
26      29             0.10228382424781357                
1       8              0.10200040446266012                
1       16             0.09963518512820335                
3       6              0.09836921632698181                
13      14             0.09835430635654563                
7       17             0.09377721496316632                
8       15             0.09339362220835229                
2       23             0.09129804920413315                
7       13             0.08707901021843373                
5       7              0.08479722876758289                
11      15             0.08138085169577136                
8       18             0.0799244979427251                 
18      21             0.07866198556352866                
17      24             0.07804965094664684                
4       25             0.07787487750137617                
13      22             0.07303179356557082                
1       31             0.0729090997738781                 
25      31             0.06969406902931419                
2       31             0.06798581924391878                
15      18             0.06097290767494812                
2       8              0.05811538451073195                
15      19             0.05662010799088901                
5       25             0.054750789556320956               
21      26             0.0517293126140107                 
3       24             0.04587867536501972                
28      30             0.04211938068619481                
4       6              0.041449174888346874               
25      29             0.03954855301041593                
9       28             0.03709113132041986                
3       19             0.03707042250290876                
18      25             0.03667608278387924                
10      14             0.03479916435210839                
13      21             0.03469598284951614                
5       15             0.032246194257354976               
1       22             0.0321420279567875                 
11      20             0.029904359420498183               
6       21             0.02900763118267402                
17      19             0.02708898607849919                
25      28             0.026957108872374236               
4       23             0.02624839717029198                
4       29             0.024347570280913056               
11      19             0.023774629420008853               
2       22             0.022978334621968965               
12      27             0.015672480027535463               
12      20             0.013415700361821492               
8       17             0.01174944283499002                
14      29             0.006595099516058522               
26      27             0.006485295882607323               
14      17             0.006383102979773014               
7       9              0.0024006126163770847              
17      26             0.002173735320234127               
9       17             0.0013732643416073942              
3       29             -0.00021146556016438112            
3       30             -0.00043203381145112685            
4       22             -0.0009921074842744737             
6       8              -0.0011035196458348828             
2       9              -0.0015252737912930248             
6       15             -0.0018310175064618628             
5       10             -0.0018541243487120163             
14      21             -0.0031432673055876714             
4       30             -0.0036368181425148194             
15      30             -0.006400782719397924              
10      23             -0.007249449970243349              
6       12             -0.007320868074176534              
13      24             -0.01007968344967336               
9       16             -0.01051532517403242               
24      31             -0.011543327372594114              
7       12             -0.012275325434582929              
1       24             -0.01246682568709706               
11      24             -0.01481861246318178               
25      30             -0.014869654933962084              
23      26             -0.015302582977602952              
14      27             -0.017134415540473458              
2       18             -0.017428733476912983              
8       19             -0.019057599948800796              
12      15             -0.01949757079811909               
5       31             -0.019556213353360163              
10      20             -0.02072108080459978               
7       19             -0.021672465641872807              
6       17             -0.022317123533560468              
20      30             -0.025909436160250654              
5       16             -0.028833229367739466              
17      31             -0.035392368357337445              
17      22             -0.036648888736120405              
15      21             -0.03713175886401199               
6       26             -0.03867888507817996               
14      31             -0.03921546738009585               
5       23             -0.041971052228214234              
6       11             -0.04358064491288738               
5       18             -0.04372340881516551               
2       21             -0.04979313825313214               
8       21             -0.05100099731732777               
3       5              -0.05102772615282253               
23      31             -0.05148778457581343               
18      29             -0.05166024228103666               
10      25             -0.05268845739581751               
10      31             -0.0530406232894553                
27      29             -0.053368906673871286              
19      23             -0.053687298838847375              
1       21             -0.0537022074461877                
2       24             -0.05382570643262696               
8       11             -0.05453691586398035               
15      24             -0.05705494537730371               
19      25             -0.058164079253630374              
20      28             -0.05833885911628095               
4       7              -0.058525953626166666              
13      16             -0.05857610598740115               
14      20             -0.05875796597866678               
28      29             -0.06573282733250085               
19      20             -0.06710189957699175               
12      21             -0.06879919944370683               
9       19             -0.06893093194239819               
26      31             -0.07043838801520624               
25      27             -0.07172652341695912               
18      31             -0.07285414909852758               
3       26             -0.07416613452007881               
1       18             -0.07417200896831647               
1       6              -0.07587787790022354               
5       26             -0.07606965953868033               
10      15             -0.07640343003828409               
21      25             -0.07649178537452506               
9       26             -0.07740013490238784               
3       11             -0.07834715776241252               
6       20             -0.07936860917144106               
14      23             -0.07976503401171892               
6       19             -0.08050550658221656               
7       26             -0.081882904179097                 
22      26             -0.08299317050307636               
11      17             -0.08325085041876823               
14      16             -0.08375376629588183               
7       24             -0.08390838973652606               
2       13             -0.08478607671481686               
11      30             -0.08526510695934941               
8       23             -0.08619439878920576               
2       27             -0.08668967945682857               
10      21             -0.08796512256955424               
6       30             -0.08922499563539749               
19      29             -0.09021535395752828               
8       25             -0.09213712262170176               
24      25             -0.09309894044899542               
2       20             -0.09323915320321563               
12      25             -0.09372772492284487               
1       9              -0.09522220104639934               
9       27             -0.09861410768202789               
8       30             -0.09990863210920664               
7       23             -0.09998696526260942               
11      18             -0.10104062984868062               
3       21             -0.10134897267235993               
3       23             -0.10196051295365632               
2       19             -0.1024709470255018                
1       28             -0.10485957262949813               
10      18             -0.10756660439898902               
2       29             -0.10797079612750743               
11      16             -0.10832890521743321               
1       20             -0.10850071394343191               
7       25             -0.10948499524327937               
14      28             -0.1097876844089703                
16      18             -0.11115003430297757               
3       8              -0.11296095803767642               
4       26             -0.11296825510282216               
1       11             -0.11473185275778841               
13      15             -0.11474356196065066               
29      30             -0.11484563088049188               
22      28             -0.11583395507450922               
6       16             -0.11643093407356825               
15      31             -0.1184109442792089                
22      25             -0.11988525612127976               
21      30             -0.12052176377129964               
7       31             -0.12123967741914402               
11      28             -0.1215294191045867                
27      30             -0.12449363483865944               
24      30             -0.12585440000087278               
27      31             -0.1262458399810633                
18      28             -0.12710557398068179               
1       19             -0.12789998728612378               
18      22             -0.12890057262242025               
13      28             -0.13065426876968717               
16      27             -0.1319503967033262                
2       28             -0.13218795029823624               
5       21             -0.13298687720399238               
4       11             -0.1337794085529087                
22      31             -0.13399383342490193               
9       10             -0.13509007622305758               
3       22             -0.13666173641142637               
5       8              -0.13671557390575007               
10      26             -0.1380500544407156                
4       13             -0.1381996863292284                
5       22             -0.1382819000541547                
12      29             -0.13968269262820054               
8       26             -0.13992448408423436               
4       9              -0.14290084972857006               
1       13             -0.14317188763026276               
6       27             -0.14454810649522215               
5       27             -0.14458574571215202               
5       24             -0.1456633750551958                
8       22             -0.1474828324457707                
13      19             -0.14838456425727614               
13      23             -0.15018455684014495               
26      28             -0.1503881450511968                
2       30             -0.1507059024447461                
8       28             -0.15123456070835609               
8       10             -0.15219970352238876               
6       13             -0.1524536734304111                
5       20             -0.15269500923104568               
14      25             -0.15474073461169358               
20      22             -0.1549125585408429                
11      31             -0.15499522220987066               
17      28             -0.1571015394829371                
7       28             -0.1591879013942655                
7       18             -0.15984068233424228               
1       27             -0.16091156526434433               
1       30             -0.16113956106623606               
4       16             -0.16120786653701807               
12      16             -0.1617837092579621                
17      30             -0.16262036500064497               
3       17             -0.1627263652179124                
4       24             -0.1646552919824744                
23      29             -0.16668906530281927               
16      30             -0.16733308493587573               
12      30             -0.17239252123993354               
11      12             -0.17351320020671235               
9       29             -0.17466556353568352               
6       18             -0.1753353724019216                
11      13             -0.17631372483660318               
3       7              -0.1769036245158602                
18      27             -0.1773653783882862                
9       21             -0.17748786177900033               
9       23             -0.17754659184909166               
1       12             -0.1779276120604043                
19      27             -0.17795733090084392               
20      25             -0.17804562081655467               
23      27             -0.1793164379412339                
4       19             -0.1795558612719502                
16      19             -0.18119613381475244               
1       14             -0.18288635229339                  
24      28             -0.18346136577929267               
18      26             -0.1872039288974473                
19      22             -0.18849066725085328               
16      23             -0.1945343260786847                
10      17             -0.19508648694279968               
19      31             -0.19574599949467933               
16      24             -0.19684624674995216               
9       11             -0.19759782837486406               
20      29             -0.19997221074303162               
3       27             -0.20136506622306447               
10      27             -0.20184553335365313               
7       16             -0.20284859332210683               
22      29             -0.20318464595210872               
7       30             -0.20319775231659432               
8       27             -0.20609591244192954               
23      28             -0.20686061638853784               
7       11             -0.20688585622401656               
6       24             -0.2090610709791616                
16      21             -0.20999833411487343               
14      15             -0.2107183936477116                
19      28             -0.2110406574385995                
12      22             -0.21360050607125736               
5       28             -0.21368321907800322               
21      24             -0.21408056296520414               
4       27             -0.21556741231484616               
17      21             -0.21573846370104494               
5       17             -0.21588630653760063               
1       10             -0.21609373872194304               
6       9              -0.21769274001309258               
17      29             -0.21881884064861823               
4       20             -0.21892253516051602               
4       28             -0.2203871824403988                
21      29             -0.2210774682845001                
13      18             -0.22300996051350191               
2       10             -0.2230263297804482                
13      31             -0.22343069221099138               
15      23             -0.22381435816640805               
7       29             -0.22891944717280296               
24      29             -0.22900607123899944               
5       9              -0.22939534486909993               
20      27             -0.23040582681231328               
3       14             -0.23112242568317165               
7       10             -0.23298435515709562               
29      31             -0.23364142905404867               
15      20             -0.23524730659495202               
15      27             -0.23530255598874                  
11      22             -0.23633335902793612               
3       13             -0.2375305889508119                
11      23             -0.238025443435099                 
13      26             -0.23841567540798098               
17      25             -0.23906996899292765               
16      26             -0.2391569770896449                
10      13             -0.24153125375577258               
1       26             -0.2435714730750295                
2       12             -0.24681160238325703               
13      29             -0.24717804195031137               
8       13             -0.2473146813277447                
17      20             -0.2485215530666119                
9       18             -0.24870792927024127               
6       31             -0.24878870665010228               
11      25             -0.24957585935160248               
13      30             -0.2496101056731391                
4       10             -0.2498588716743152                
10      16             -0.2512332643508757                
2       14             -0.25306339232455355               
8       12             -0.2532025623789782                
19      21             -0.253426614815657                 
24      27             -0.2540351441197502                
10      24             -0.2555206642143046                
7       20             -0.256377284476457                 
12      17             -0.2617855046842481                
15      22             -0.26223626901713093               
15      17             -0.26440382228079273               
2       26             -0.2646851008286665                
7       15             -0.26585355378509756               
1       15             -0.26679917208127263               
24      26             -0.2703714113641071                
12      23             -0.2726501497832231                
5       13             -0.27298797968353705               
9       15             -0.2747032451570682                
23      25             -0.27783730689462227               
3       16             -0.2798875988043271                
13      25             -0.28388745858239073               
6       22             -0.28637140035228614               
22      30             -0.28784759741020216               
12      31             -0.29097853670818846               
3       9              -0.29336970221589553               
12      24             -0.2948900253985922                
14      18             -0.2973887283848927                
10      29             -0.2980069685750598                
4       12             -0.2997418526510031                
3       20             -0.3016793318814207                
28      31             -0.3052657839880155                
10      22             -0.30694875025051405               
5       14             -0.3103370178665386                
2       11             -0.31141734604691496               
9       25             -0.31157403305681                  
8       14             -0.3132390068905951                
2       15             -0.31362921028410534               
26      30             -0.31983334849587464               
2       25             -0.3225124227112386                
14      24             -0.3264203941287398                
9       30             -0.3367989694724345                
4       14             -0.33747594757425525               
1       25             -0.34205999042804247               
11      27             -0.34227906195619096               
12      18             -0.343107427005029                 
16      28             -0.35210246243529086               
15      26             -0.3599554817111667                
14      30             -0.37043038888888563               
6       14             -0.39107238380065285               
