#======================================================================
# PARAMETERS USED FOR THIS COMPUTATION: 
#      Sequence type: RNA
#      Total number of sequences in alignment data: 37
#      Length of sequences in alignment data: 41
#      Effective number of sequences: 7.058586815760728
#      Value of sequence identity: 0.8
#      Value of relative pseudocount: 0.5
# The First and Second columns represent sites and the
# Third column is MFDCA Frobenius norm, average product corrected (APC) DCA score
#======================================================================
17      26             1.1722589285822314                 
12      30             0.9552997918380486                 
9       10             0.927654086284322                  
14      41             0.9244963340621211                 
2       37             0.8697704954388168                 
21      41             0.8672582483179868                 
18      28             0.8616419273407241                 
22      37             0.8212454227135906                 
25      37             0.819517996575301                  
10      12             0.8006459264214916                 
2       25             0.7652086475421669                 
2       22             0.7551178680372929                 
18      25             0.752514643560839                  
25      28             0.7525146435608367                 
22      25             0.7161753208003633                 
1       14             0.6925465491366632                 
28      33             0.65413451734138                   
18      33             0.6541345173413788                 
14      29             0.6498238014362769                 
10      11             0.6441414883673522                 
9       20             0.5869608059691886                 
24      35             0.5826562467685297                 
1       24             0.5797247944509061                 
1       35             0.5765212407841274                 
8       33             0.5718853897130494                 
7       14             0.5628165670552794                 
13      17             0.5229627949864639                 
13      26             0.5229627949864626                 
18      34             0.5173776342700234                 
28      34             0.5173776342700229                 
13      30             0.5058447812193348                 
33      34             0.5058127475887667                 
25      33             0.49408434698115133                
4       5              0.4938578642518522                 
5       6              0.49385786425185174                
4       6              0.49385786425185174                
11      40             0.49291268245161135                
2       3              0.4799939382769089                 
25      34             0.4660810029985143                 
10      20             0.46607872426563635                
2       11             0.4358076671851615                 
11      37             0.43430210769317623                
13      24             0.4315355068999436                 
30      40             0.42460048658602634                
7       41             0.4241149151511755                 
36      41             0.3805159707430613                 
1       13             0.3724966595125565                 
13      21             0.36205705377201647                
20      41             0.3502109688636519                 
22      29             0.3454099694396776                 
29      34             0.3430787531602406                 
1       34             0.3416021115974339                 
1       29             0.34131622833865916                
9       17             0.33909077246762004                
9       26             0.3390907724676196                 
1       11             0.338542086225607                  
1       2              0.3324228809295928                 
7       24             0.33218888423270815                
24      40             0.3307282762752853                 
11      36             0.3303449543145549                 
21      36             0.3289800615674905                 
12      24             0.32880568899623464                
12      35             0.32646971221806487                
8       18             0.3260524881033594                 
8       28             0.3260524881033594                 
13      40             0.3255976421764242                 
10      17             0.324420439029133                  
10      26             0.3244204390291324                 
13      41             0.31475066682323716                
7       13             0.31180979641378614                
11      25             0.30933874707318343                
23      34             0.30789197900816173                
11      41             0.306715641535931                  
11      22             0.3066749975856652                 
34      35             0.3033321977317169                 
1       3              0.297844063237494                  
1       7              0.29045400071387006                
20      40             0.2884419451309101                 
30      35             0.27679047368531795                
22      23             0.2756910955959908                 
29      32             0.26721752173903773                
13      34             0.2655215214111878                 
20      29             0.2634598051837797                 
13      14             0.2617807622893342                 
9       32             0.2517372502991839                 
24      36             0.2512944725434181                 
28      41             0.24164603849411914                
18      41             0.2416460384941188                 
9       29             0.2409390480220206                 
8       34             0.23858934821312433                
19      38             0.23812148804252814                
19      39             0.23812148804252803                
19      31             0.23812148804252795                
19      27             0.23812148804252792                
16      38             0.23812148804252775                
16      31             0.23812148804252772                
16      39             0.23812148804252764                
16      27             0.23812148804252753                
15      39             0.23812148804252709                
15      27             0.23812148804252703                
15      38             0.23812148804252703                
15      31             0.23812148804252667                
15      16             0.23812148804252456                
15      19             0.23812148804252456                
31      38             0.23812148804252414                
31      39             0.23812148804252414                
27      38             0.23812148804252406                
16      19             0.23812148804252406                
27      39             0.23812148804252395                
27      31             0.23812148804252387                
38      39             0.23812148804252173                
12      29             0.23581858356356467                
17      20             0.2335926505417642                 
20      26             0.23359265054176404                
21      23             0.23107311378487472                
32      40             0.2265200293264074                 
13      35             0.22600925359052515                
10      32             0.22192109733479998                
29      36             0.21785448708688027                
29      40             0.21450467325359596                
10      30             0.21353555649615064                
7       35             0.21347401282296186                
11      12             0.2114129012517434                 
22      34             0.20989084463593854                
1       23             0.20977536574196326                
10      29             0.20726399020893227                
9       36             0.20131307317245228                
3       24             0.20121477560826473                
12      21             0.2008406571727075                 
14      30             0.19595829004031318                
14      22             0.19381386073370133                
11      34             0.19324956309686026                
8       21             0.19246756132208098                
26      36             0.19166243037398795                
17      36             0.19166243037398678                
9       41             0.1903246927477492                 
14      24             0.18993170464346476                
24      30             0.18773052993401806                
23      29             0.18541137417828746                
1       37             0.18509629020501428                
3       38             0.1843922745650774                 
3       39             0.1843922745650774                 
3       31             0.18439227456507715                
3       27             0.18439227456507706                
3       16             0.18439227456507645                
3       19             0.1843922745650764                 
3       15             0.18439227456507634                
22      41             0.18377850284969732                
9       12             0.1775690023420562                 
7       25             0.17549642463190307                
10      40             0.17467126012251827                
5       7              0.1744347237970426                 
6       7              0.17443472379704222                
4       7              0.17443472379704172                
22      35             0.167164993662135                  
12      20             0.16260742992074073                
20      32             0.1598628086508675                 
8       9              0.15493722055231796                
5       36             0.1546405844553969                 
4       36             0.15464058445539652                
6       36             0.1546405844553963                 
7       12             0.15206941183098432                
28      36             0.1505952067458881                 
18      36             0.1505952067458874                 
12      13             0.14902969688985312                
19      23             0.14691667919714047                
23      39             0.1469166791971399                 
23      38             0.14691667919713983                
23      27             0.14691667919713958                
23      31             0.14691667919713955                
15      23             0.1469166791971383                 
16      23             0.14691667919713824                
23      35             0.14049003013698602                
7       21             0.14015527373296732                
11      20             0.13886660924523098                
7       34             0.13354415103408268                
6       35             0.13117300724541958                
4       35             0.13117300724541953                
5       35             0.13117300724541903                
31      32             0.1307944127652006                 
27      32             0.1307944127652005                 
32      38             0.13079441276519804                
32      39             0.13079441276519801                
19      32             0.13079441276519516                
15      32             0.13079441276519432                
16      32             0.130794412765194                  
8       25             0.12474096630370951                
11      17             0.124467045334827                  
11      26             0.12446704533482666                
7       20             0.12422669868552849                
8       30             0.12232233398785625                
9       33             0.12165142128185918                
21      34             0.12111316501314451                
20      35             0.1173775175379066                 
14      32             0.11708076432961734                
1       25             0.11569145022173055                
30      32             0.11366318625380761                
10      21             0.11236239792291669                
30      36             0.1087955494563041                 
1       12             0.10749615094259246                
20      24             0.10662195715241857                
11      32             0.10441338051973276                
20      21             0.10258844487023933                
1       30             0.10095532188263612                
8       12             0.10063334768812449                
26      38             0.09895232648800162                
26      39             0.09895232648800162                
26      31             0.09895232648800134                
26      27             0.09895232648800112                
15      26             0.09895232648799973                
17      19             0.09895232648799973                
16      26             0.09895232648799945                
17      38             0.09895232648799923                
17      39             0.09895232648799912                
17      27             0.09895232648799901                
17      31             0.09895232648799873                
19      26             0.09895232648799845                
15      17             0.09895232648799801                
16      17             0.0989523264879979                 
21      25             0.09778358828449263                
29      30             0.09733318234366817                
11      29             0.0927896364216867                 
21      33             0.09269885782768716                
12      17             0.0905997991379055                 
12      26             0.09059979913790495                
30      33             0.08959665255165994                
21      30             0.08889710762325553                
15      40             0.0833942806318771                 
39      40             0.08339428063187693                
16      40             0.08339428063187687                
38      40             0.08339428063187682                
19      40             0.08339428063187676                
31      40             0.08339428063187643                
27      40             0.08339428063187632                
34      41             0.08265501577456258                
9       30             0.0818476915638019                 
6       38             0.08174353444695442                
6       39             0.08174353444695431                
6       16             0.08174353444695417                
6       27             0.08174353444695415                
6       31             0.08174353444695412                
6       19             0.08174353444695412                
4       39             0.08174353444695409                
6       15             0.08174353444695406                
4       38             0.08174353444695404                
4       27             0.0817435344469539                 
4       31             0.08174353444695387                
4       15             0.08174353444695379                
4       19             0.08174353444695373                
5       38             0.0817435344469537                 
5       39             0.0817435344469537                 
5       27             0.08174353444695354                
5       31             0.08174353444695354                
4       16             0.08174353444695351                
5       15             0.08174353444695334                
5       19             0.08174353444695334                
5       16             0.08174353444695295                
23      24             0.08082240787891165                
12      40             0.07914007944876444                
11      30             0.0741087188082884                 
11      13             0.07306936877275327                
8       38             0.07105446675135704                
8       39             0.07105446675135704                
8       31             0.07105446675135696                
8       27             0.07105446675135693                
8       19             0.07105446675135624                
8       15             0.07105446675135618                
8       16             0.07105446675135574                
6       8              0.0691301190397138                 
5       8              0.06913011903971342                
4       8              0.069130119039713                  
14      35             0.06668615385008136                
3       23             0.0658726931032852                 
7       40             0.0628400105907378                 
26      30             0.053779107802226944               
17      30             0.053779107802225834               
15      18             0.05320301005092459                
16      18             0.05320301005092426                
18      19             0.05320301005092409                
18      38             0.05320301005092354                
18      39             0.05320301005092354                
15      28             0.05320301005092343                
16      28             0.05320301005092337                
18      27             0.053203010050923316               
18      31             0.05320301005092315                
27      28             0.05320301005092287                
19      28             0.05320301005092204                
28      39             0.05320301005092182                
28      38             0.05320301005092176                
28      31             0.05320301005092154                
1       41             0.052175632130627814               
23      32             0.04812734021310433                
37      39             0.0463745910682844                 
37      38             0.04637459106828434                
16      37             0.04637459106828429                
15      37             0.04637459106828412                
31      37             0.046374591068283566               
27      37             0.0463745910682834                 
19      37             0.046374591068282844               
14      21             0.04520361094106162                
2       24             0.04509864367285321                
3       20             0.04399213131924379                
7       37             0.043635592399140666               
3       8              0.04001782551559471                
3       5              0.039823828726087473               
3       6              0.039823828726087446               
3       4              0.039823828726087                  
3       32             0.03780870671054798                
12      33             0.03676306151656006                
11      14             0.03486845727356225                
4       21             0.03326628645602259                
5       21             0.03326628645602214                
6       21             0.033266286456021976               
9       14             0.030961412717951386               
7       30             0.02872587267291138                
3       30             0.028495215305693156               
35      36             0.027183734281420735               
5       37             0.02593105066226903                
4       37             0.025931050662268362               
6       37             0.02593105066226814                
9       40             0.02404158561269404                
8       23             0.01739058098697943                
5       17             0.017200278097635913               
4       17             0.01720027809763547                
5       26             0.017200278097635247               
6       17             0.017200278097635247               
4       26             0.01720027809763508                
6       26             0.01720027809763469                
21      35             0.015963602123219678               
12      36             0.015725613916488412               
14      20             0.0142931416168246                 
4       33             0.01251231815410786                
5       33             0.012512318154107693               
6       33             0.012512318154106639               
12      14             0.011809299779758087               
1       36             0.00870258111287503                
8       29             0.007487012334727927               
24      29             0.006885207687199579               
14      36             0.004619270175271972               
4       12             0.0019259027431681175              
5       12             0.001925902743168062               
6       12             0.0019259027431674514              
2       38             0.00011482764702125392             
2       39             0.00011482764702125392             
2       27             0.00011482764702097636             
2       31             0.00011482764702097636             
2       19             0.00011482764702058779             
2       16             0.00011482764702036574             
2       15             0.00011482764702025472             
5       34             -1.2794726895914987e-05            
6       34             -1.2794726896581121e-05            
4       34             -1.2794726896692143e-05            
31      33             -0.0010748159897416842             
27      33             -0.0010748159897417953             
33      38             -0.0010748159897430165             
33      39             -0.0010748159897430165             
19      33             -0.0010748159897432386             
16      33             -0.0010748159897434606             
15      33             -0.0010748159897440157             
1       9              -0.0018815036805224228             
9       21             -0.004576752335994638              
2       12             -0.005072488445396983              
2       30             -0.005719555363644768              
2       7              -0.006233636601941872              
2       6              -0.00634607946451704               
2       5              -0.006346079464517651              
2       4              -0.00634607946451804               
3       28             -0.006399351676465936              
3       18             -0.006399351676466658              
3       17             -0.009334355482352341              
3       26             -0.009334355482353285              
7       33             -0.01143142343472392               
20      30             -0.012543137047272945              
12      22             -0.014184776101521801              
7       8              -0.014334971449512013              
25      41             -0.015378123796541576              
10      36             -0.019673194950794448              
3       40             -0.020583793328958377              
5       32             -0.022955393122275486              
4       32             -0.022955393122275514              
6       32             -0.02295539312227618               
29      35             -0.023041171140847694              
7       29             -0.02437605925230424               
3       37             -0.024788710177151507              
15      22             -0.02771410709586533               
16      22             -0.027714107095865442              
19      22             -0.027714107095865526              
22      39             -0.027714107095868773              
22      38             -0.027714107095868856              
22      31             -0.02771410709586894               
22      27             -0.027714107095868967              
4       30             -0.028264992337551087              
6       30             -0.028264992337551142              
5       30             -0.028264992337551476              
7       28             -0.02866123413805438               
7       18             -0.02866123413805516               
2       14             -0.03332729636959969               
33      36             -0.033353040115539356              
23      26             -0.037692826801226764              
17      23             -0.037692826801226986              
3       33             -0.038191888801937746              
15      21             -0.03927436850869531               
16      21             -0.039274368508695534              
19      21             -0.03927436850869609               
21      39             -0.039274368508696644              
21      38             -0.0392743685086967                
21      27             -0.039274368508696866              
21      31             -0.03927436850869692               
14      37             -0.039765420831296416              
25      36             -0.04025156713192135               
8       32             -0.04232294007461923               
23      40             -0.04242565328089426               
23      28             -0.0452345646354346                
18      23             -0.04523456463543493               
15      20             -0.04930861720438143               
16      20             -0.049308617204381594              
19      20             -0.04930861720438173               
20      38             -0.049308617204382954              
20      39             -0.04930861720438298               
20      31             -0.049308617204383065              
20      27             -0.04930861720438312               
29      33             -0.04961050200228978               
17      40             -0.049654119178839495              
26      40             -0.04965411917884022               
10      24             -0.049773026102682194              
32      37             -0.05122304462493232               
13      29             -0.05246166681360398               
32      36             -0.052973579194906806              
35      40             -0.053665604857527804              
1       22             -0.05405421656525805               
21      28             -0.0556341288760977                
18      21             -0.055634128876097755              
9       35             -0.055665314131230714              
23      33             -0.05638391531712869               
33      41             -0.05722672456308647               
24      32             -0.057281327303676355              
13      19             -0.05832188796534915               
13      15             -0.058321887965349206              
13      16             -0.058321887965349206              
13      39             -0.05832188796534932               
13      38             -0.058321887965349484              
13      31             -0.058321887965349595              
13      27             -0.05832188796534976               
28      32             -0.06043749271687318               
18      32             -0.06043749271687507               
7       10             -0.062872114774706                 
13      32             -0.0658733441545929                
9       28             -0.06590831898949501               
9       18             -0.0659083189894954                
17      32             -0.06647306419533802               
26      32             -0.06647306419533883               
7       23             -0.06707599961108895               
23      37             -0.06730282736637835               
6       23             -0.06862003936601163               
5       23             -0.06862003936601196               
4       23             -0.06862003936601208               
12      41             -0.07204285902680363               
24      39             -0.0726144194255004                
24      38             -0.07261441942550043               
24      27             -0.07261441942550062               
24      31             -0.07261441942550065               
15      24             -0.0726144194255034                
19      24             -0.07261441942550365               
16      24             -0.0726144194255039                
8       17             -0.0731593083211324                
8       26             -0.07315930832113315               
11      24             -0.07316607586513413               
22      24             -0.07321019562157016               
4       14             -0.07366078615459837               
5       14             -0.07366078615459842               
6       14             -0.07366078615459903               
29      37             -0.0754690142140309                
10      35             -0.07790894481917632               
7       11             -0.07862803787543515               
7       9              -0.0787927251442847                
9       11             -0.08216524036246142               
9       24             -0.08282987575556433               
34      40             -0.083733295532962                 
8       10             -0.08714080417500064               
37      41             -0.08774855478902172               
2       41             -0.08791592211445609               
5       28             -0.08996379980741986               
4       18             -0.08996379980741989               
4       28             -0.08996379980741992               
5       18             -0.08996379980741998               
6       28             -0.08996379980742009               
6       18             -0.08996379980742011               
36      39             -0.0907009462625806                
36      38             -0.09070094626258066               
16      36             -0.09070094626258088               
31      36             -0.09070094626258154               
27      36             -0.09070094626258157               
15      36             -0.0907009462625816                
19      36             -0.09070094626258166               
23      36             -0.09103320869862952               
14      25             -0.09304799782995088               
14      15             -0.09304898390977373               
14      38             -0.09304898390977379               
14      39             -0.09304898390977379               
14      19             -0.09304898390977395               
14      31             -0.09304898390977401               
14      27             -0.09304898390977406               
14      16             -0.09304898390977406               
20      34             -0.09471693069857995               
21      22             -0.09501573095144777               
23      41             -0.09563742159650168               
11      18             -0.09730868694618316               
11      28             -0.09730868694618366               
20      36             -0.09833806985788429               
3       21             -0.09854407606833698               
1       10             -0.09921956936978171               
26      41             -0.10078354352253371               
17      41             -0.10078354352253382               
1       4              -0.10411161614817288               
1       5              -0.10411161614817299               
1       6              -0.1041116161481731                
28      37             -0.1057690958568428                
18      37             -0.10576909585684535               
3       12             -0.10614156550754567               
32      33             -0.10812316853615084               
18      26             -0.11063783938137467               
17      28             -0.11063783938137556               
17      18             -0.11063783938137717               
26      28             -0.11063783938137794               
17      37             -0.11145602751608058               
26      37             -0.11145602751608544               
5       22             -0.11172367370205308               
4       22             -0.11172367370205377               
6       22             -0.11172367370205402               
3       22             -0.11210203157240936               
32      41             -0.11220028522296344               
12      37             -0.11362036358436345               
22      32             -0.11499781753825719               
30      41             -0.1180038721744383                
9       39             -0.11815053382069599               
9       38             -0.11815053382069601               
9       31             -0.11815053382069612               
9       27             -0.11815053382069615               
9       19             -0.11815053382069624               
9       15             -0.11815053382069626               
9       16             -0.11815053382069637               
34      36             -0.11852428954905803               
8       37             -0.11867730188378572               
21      37             -0.1204368873481596                
10      13             -0.1206105632554969                
2       40             -0.12072415661523889               
17      35             -0.12089259180105727               
26      35             -0.1208925918010576                
5       40             -0.12124548102098284               
4       40             -0.12124548102098312               
6       40             -0.12124548102098348               
22      30             -0.12210892769490583               
12      23             -0.12249622431650581               
20      23             -0.12605210485763338               
13      20             -0.12635944216554296               
3       35             -0.12707331257682097               
4       29             -0.12718456566303388               
6       29             -0.12718456566303504               
5       29             -0.12718456566303513               
28      35             -0.12743972286582606               
18      35             -0.12743972286582622               
24      34             -0.12842733837234882               
2       32             -0.12998228964559136               
8       22             -0.13344083281821428               
31      35             -0.13378461331868818               
27      35             -0.13378461331868827               
19      35             -0.13378461331868938               
15      35             -0.13378461331868954               
16      35             -0.13378461331868957               
35      39             -0.13378461331868993               
35      38             -0.13378461331869004               
3       10             -0.13447255277637918               
6       10             -0.13590680509949432               
5       10             -0.1359068050994944                
4       10             -0.13590680509949452               
14      34             -0.13675298809264902               
7       32             -0.136921070014106                 
15      25             -0.13700007927328656               
16      25             -0.13700007927328703               
19      25             -0.13700007927328767               
25      38             -0.13700007927328808               
25      39             -0.13700007927328808               
25      27             -0.1370000792732882                
25      31             -0.1370000792732883                
2       8              -0.13758553665496415               
2       23             -0.13804863838984135               
3       11             -0.14052438851382948               
3       36             -0.14192582500889117               
10      15             -0.14246867026544877               
10      16             -0.14246867026544885               
10      19             -0.1424686702654489                
10      39             -0.142468670265449                 
10      38             -0.14246867026544907               
10      31             -0.1424686702654492                
10      27             -0.14246867026544924               
16      29             -0.1427978558387677                
15      29             -0.14279785583876772               
19      29             -0.14279785583876786               
29      39             -0.1427978558387682                
29      38             -0.1427978558387683                
29      31             -0.14279785583876847               
27      29             -0.1427978558387693                
32      35             -0.1447824885220266                
24      41             -0.14584893877476618               
13      36             -0.14693182851376657               
28      40             -0.1469778393831945                
18      40             -0.14697783938319636               
4       25             -0.14722504912712348               
6       25             -0.1472250491271236                
5       25             -0.1472250491271237                
4       9              -0.1498287688105403                
6       9              -0.14982876881054075               
5       9              -0.14982876881054083               
2       21             -0.14997896597638954               
8       40             -0.15025291754361475               
2       29             -0.15079102131992023               
8       35             -0.15104801826590472               
2       20             -0.151647172241287                 
26      33             -0.1516808006763039                
17      33             -0.15168080067630726               
10      33             -0.15254028551844323               
3       9              -0.15261711003990552               
37      40             -0.15307453323825532               
1       39             -0.15367258220636026               
1       38             -0.1536725822063603                
1       19             -0.15367258220636057               
1       27             -0.1536725822063606                
1       31             -0.15367258220636063               
1       15             -0.1536725822063608                
1       16             -0.153672582206361                 
10      28             -0.15383092399082976               
10      18             -0.15383092399083026               
2       28             -0.15423154888409557               
2       18             -0.1542315488840963                
7       22             -0.15603956635398236               
5       24             -0.16433053237402007               
6       24             -0.1643305323740202                
4       24             -0.16433053237402026               
33      40             -0.1649697814249781                
31      41             -0.1684181573139035                
27      41             -0.16841815731390372               
38      41             -0.1684181573139043                
39      41             -0.16841815731390436               
15      41             -0.16841815731390475               
16      41             -0.16841815731390505               
19      41             -0.16841815731390508               
11      33             -0.16964460063465608               
29      41             -0.16982144411397593               
20      22             -0.17369409868546404               
33      35             -0.17620304187148894               
30      37             -0.17895013987085523               
10      34             -0.17973702741055458               
14      23             -0.1822311933049628                
10      25             -0.18495521275499183               
3       13             -0.18558392814293811               
8       36             -0.18605552979815615               
23      30             -0.18718567201237873               
35      37             -0.1880357402593284                
18      30             -0.18817820420118114               
28      30             -0.1881782042011818                
21      29             -0.18832159338954269               
36      40             -0.18833604152117805               
22      28             -0.18874910849375012               
18      22             -0.1887491084937529                
24      26             -0.19009016290150416               
17      24             -0.19009016290150513               
14      40             -0.191185781060148                 
10      41             -0.19256355648099938               
21      32             -0.1928395593265162                
13      23             -0.19389865623646316               
3       29             -0.19399684814380375               
4       20             -0.19608770303822767               
5       20             -0.19608770303822798               
6       20             -0.19608770303822812               
1       40             -0.198135948991901                 
4       41             -0.1981463153869918                
5       41             -0.1981463153869919                
6       41             -0.19814631538699212               
2       10             -0.19927834932055488               
9       23             -0.19994792138872058               
12      34             -0.20252733130347966               
22      40             -0.20466124483621417               
13      37             -0.20544516309565064               
33      37             -0.2057860927012844                
24      37             -0.20650784959335322               
2       17             -0.20739885627733132               
2       26             -0.20739885627733148               
3       25             -0.20857356112578396               
7       15             -0.20858212868374376               
7       16             -0.2085821286837438                
7       39             -0.20858212868374382               
7       38             -0.20858212868374384               
7       19             -0.20858212868374387               
7       27             -0.208582128683744                 
7       31             -0.208582128683744                 
8       20             -0.2091039698440066                
8       14             -0.21191598267497194               
3       14             -0.21319992193457618               
34      39             -0.21370164009603174               
34      38             -0.21370164009603176               
15      34             -0.2137016400960321                
16      34             -0.21370164009603215               
31      34             -0.21370164009603232               
27      34             -0.21370164009603237               
19      34             -0.21370164009603254               
8       24             -0.21392902564687757               
9       34             -0.21514298285697597               
22      26             -0.21519740065912665               
17      22             -0.2151974006591278                
20      37             -0.2161891869828004                
9       13             -0.21660953636214975               
2       35             -0.21683560416887096               
22      33             -0.2182232201299863                
12      25             -0.2185455908058419                
21      24             -0.21896216632184473               
20      33             -0.2197447947351569                
2       33             -0.22799956926005152               
30      34             -0.22972088464436125               
24      33             -0.23002954756935398               
18      20             -0.230107735118452                 
20      28             -0.23010773511845298               
32      34             -0.23145761953478086               
25      32             -0.23252624424537818               
36      37             -0.23453991128829044               
5       11             -0.236291277217376                 
4       11             -0.23629127721737614               
6       11             -0.23629127721737656               
23      25             -0.2379095728318365                
10      23             -0.238416643909737                 
3       34             -0.23907639322587623               
18      24             -0.24023317425455462               
24      28             -0.24023317425455507               
35      41             -0.2412246797926102                
9       25             -0.24291055469437117               
3       41             -0.24433424536104467               
11      23             -0.2460720454550148                
25      29             -0.2471071696494508                
6       13             -0.2489399837071029                
5       13             -0.24893998370710307               
4       13             -0.24893998370710307               
10      14             -0.25181519603583685               
14      33             -0.2529679568700853                
21      40             -0.2535337384344618                
25      40             -0.25702876873559144               
11      39             -0.25764119304691696               
11      38             -0.2576411930469171                
11      31             -0.25764119304691724               
11      19             -0.25764119304691724               
11      16             -0.25764119304691724               
11      27             -0.25764119304691735               
11      15             -0.25764119304691735               
11      35             -0.25795157852815476               
13      33             -0.2586353088553033                
8       13             -0.2596099658708065                
12      32             -0.260289960571629                 
3       7              -0.26049520407033305               
25      35             -0.2610970795996642                
18      29             -0.26118273572703277               
28      29             -0.26118273572703365               
12      28             -0.2645967195443897                
12      18             -0.2645967195443898                
1       20             -0.2674543141129618                
13      22             -0.268379259073543                 
20      25             -0.2699593394201054                
1       32             -0.27387625141322686               
34      37             -0.27766164361153867               
25      30             -0.2795493794296068                
1       8              -0.279636537868725                 
17      34             -0.28194665957298326               
26      34             -0.28194665957298404               
13      28             -0.28326372205270045               
13      18             -0.2832637220527008                
19      30             -0.2855106674450921                
16      30             -0.28551066744509224               
15      30             -0.2855106674450923                
30      39             -0.28551066744509285               
27      30             -0.28551066744509296               
30      38             -0.28551066744509296               
30      31             -0.2855106674450931                
2       36             -0.28720712958989536               
17      29             -0.2872550257977931                
26      29             -0.2872550257977943                
2       9              -0.2880931680657684                
10      22             -0.28909571818362                  
10      37             -0.29165276848065086               
2       34             -0.29591801558848596               
9       37             -0.29769193764047974               
17      21             -0.29791015140299587               
21      26             -0.2979101514029962                
22      36             -0.3003393200723787                
24      25             -0.30190740889872125               
2       13             -0.3047896896171636                
17      25             -0.3084903996516106                
25      26             -0.30849039965161296               
14      28             -0.3145105649212201                
14      18             -0.3145105649212211                
9       22             -0.31674370608749686               
1       21             -0.3168558855256356                
8       41             -0.32156478727237964               
12      16             -0.33071384152859307               
12      39             -0.3307138415285931                
12      15             -0.3307138415285931                
12      19             -0.3307138415285932                
12      38             -0.3307138415285933                
12      31             -0.3307138415285934                
12      27             -0.3307138415285935                
7       36             -0.33342581020096174               
1       33             -0.33802951578002594               
8       11             -0.3410686111894967                
7       17             -0.34168204992668805               
7       26             -0.3416820499266882                
14      26             -0.3634753511623941                
14      17             -0.3634753511623943                
11      21             -0.3743961903414388                
40      41             -0.377857740735265                 
13      25             -0.38130075630093935               
1       28             -0.3813900487701386                
1       18             -0.3813900487701387                
1       17             -0.38188303320238737               
1       26             -0.3818830332023874                
