#======================================================================
# PARAMETERS USED FOR THIS COMPUTATION: 
#      Sequence type: RNA
#      Total number of sequences in alignment data: 15
#      Length of sequences in alignment data: 33
#      Effective number of sequences: 1.792216117216117
#      Value of sequence identity: 0.8
#      Value of relative pseudocount: 0.5
# The First and Second columns represent sites and the
# Third column is MFDCA Frobenius norm, average product corrected (APC) DCA score
#======================================================================
9       16             1.3666115067757256                 
8       9              1.345242158961142                  
4       18             1.2116908275785376                 
3       32             0.9514057754588038                 
2       20             0.9495968090359006                 
16      32             0.9036408814461807                 
9       32             0.8977990745239046                 
3       16             0.8207606538028429                 
3       9              0.8086846299186788                 
29      32             0.6394811571921206                 
12      32             0.63948115719212                   
4       20             0.6385229758582671                 
5       6              0.5793336671677796                 
8       16             0.5480126362652971                 
3       12             0.49293953669762985                
3       29             0.49293953669762886                
16      29             0.4822309284592793                 
12      16             0.48223092845927623                
9       29             0.47245745871675165                
9       12             0.47245745871675066                
8       20             0.4609179899067974                 
12      29             0.4454501093816026                 
1       2              0.43999484735781896                
6       7              0.393082410294619                  
3       20             0.32534005208753997                
1       4              0.2574214979337891                 
7       20             0.24671662488416995                
9       20             0.21792692912906497                
4       7              0.20413829695192465                
4       5              0.19583967860827373                
2       5              0.17303082799443967                
3       5              0.1686417320968861                 
1       5              0.14964187203663096                
3       4              0.14571016638646317                
5       7              0.14541409463457555                
1       20             0.14403309583885704                
2       3              0.12055046268910996                
2       4              0.11824754785196329                
1       7              0.10595208254292027                
2       9              0.09852423797040066                
13      30             0.0823541653546932                 
11      30             0.08235416535469292                
19      30             0.08235416535469287                
14      30             0.08235416535469264                
30      33             0.08235416535469253                
21      30             0.08235416535469248                
30      31             0.08235416535469248                
24      30             0.08235416535469237                
25      30             0.08235416535469237                
22      30             0.08235416535469231                
23      30             0.08235416535469225                
17      30             0.0823541653546922                 
15      30             0.0823541653546922                 
26      30             0.0823541653546917                 
10      30             0.08235416535469109                
28      30             0.08235416535469042                
27      30             0.08235416535469037                
11      25             0.07891966858104466                
11      28             0.0789196685810446                 
17      28             0.07891966858104449                
11      21             0.07891966858104438                
17      22             0.07891966858104438                
17      33             0.07891966858104438                
11      23             0.07891966858104432                
11      26             0.07891966858104432                
11      27             0.07891966858104432                
17      24             0.07891966858104432                
17      21             0.07891966858104432                
17      27             0.07891966858104432                
11      24             0.07891966858104427                
11      22             0.07891966858104427                
11      33             0.07891966858104427                
17      31             0.07891966858104427                
11      31             0.07891966858104421                
17      23             0.07891966858104421                
17      26             0.07891966858104421                
10      27             0.07891966858104421                
10      28             0.07891966858104421                
10      21             0.07891966858104416                
10      22             0.0789196685810441                 
10      31             0.0789196685810441                 
10      23             0.07891966858104404                
10      25             0.07891966858104404                
10      33             0.07891966858104404                
17      25             0.07891966858104404                
14      27             0.07891966858104404                
10      24             0.07891966858104399                
10      26             0.07891966858104399                
15      27             0.07891966858104399                
15      28             0.07891966858104393                
14      28             0.07891966858104393                
10      17             0.07891966858104388                
14      31             0.07891966858104388                
15      33             0.07891966858104382                
15      31             0.07891966858104382                
10      15             0.07891966858104377                
14      26             0.07891966858104377                
14      21             0.07891966858104377                
10      14             0.07891966858104371                
14      24             0.07891966858104371                
14      25             0.07891966858104371                
15      22             0.07891966858104371                
14      22             0.07891966858104371                
14      33             0.07891966858104371                
13      27             0.07891966858104371                
15      24             0.07891966858104366                
15      25             0.07891966858104366                
15      21             0.07891966858104366                
13      21             0.07891966858104366                
13      28             0.07891966858104366                
15      23             0.0789196685810436                 
15      26             0.0789196685810436                 
14      23             0.0789196685810436                 
10      13             0.07891966858104354                
13      33             0.07891966858104354                
13      26             0.07891966858104349                
13      22             0.07891966858104338                
13      31             0.07891966858104338                
13      23             0.07891966858104332                
13      24             0.07891966858104327                
13      25             0.07891966858104327                
10      11             0.07891966858104321                
26      28             0.07891966858104305                
19      28             0.07891966858104305                
19      23             0.07891966858104299                
19      27             0.07891966858104299                
26      27             0.07891966858104293                
19      21             0.07891966858104293                
19      33             0.07891966858104293                
19      31             0.07891966858104293                
26      33             0.07891966858104288                
19      24             0.07891966858104288                
19      26             0.07891966858104288                
26      31             0.07891966858104282                
19      25             0.07891966858104282                
10      19             0.07891966858104277                
19      22             0.07891966858104277                
21      28             0.07891966858104271                
23      27             0.07891966858104266                
21      27             0.07891966858104266                
25      27             0.0789196685810426                 
23      28             0.0789196685810426                 
24      28             0.0789196685810426                 
22      28             0.0789196685810426                 
21      23             0.07891966858104255                
21      25             0.07891966858104255                
22      25             0.07891966858104255                
23      33             0.07891966858104255                
24      33             0.07891966858104255                
21      31             0.07891966858104255                
24      27             0.07891966858104255                
22      27             0.07891966858104255                
25      28             0.07891966858104255                
23      24             0.07891966858104249                
24      26             0.07891966858104249                
21      33             0.07891966858104249                
23      31             0.07891966858104249                
24      31             0.07891966858104249                
28      33             0.07891966858104249                
23      25             0.07891966858104243                
21      26             0.07891966858104243                
25      33             0.07891966858104243                
25      31             0.07891966858104243                
27      28             0.07891966858104243                
23      26             0.07891966858104238                
25      26             0.07891966858104238                
21      22             0.07891966858104238                
22      31             0.07891966858104238                
21      24             0.07891966858104232                
22      26             0.07891966858104232                
22      33             0.07891966858104232                
27      33             0.07891966858104232                
28      31             0.07891966858104232                
15      17             0.07891966858104227                
22      23             0.07891966858104227                
22      24             0.07891966858104227                
24      25             0.07891966858104221                
13      17             0.07891966858104221                
13      14             0.07891966858104216                
27      31             0.07891966858104216                
31      33             0.0789196685810421                 
13      15             0.0789196685810421                 
14      17             0.07891966858104205                
14      15             0.07891966858104199                
11      19             0.07891966858104177                
11      17             0.07891966858104116                
17      19             0.0789196685810411                 
11      15             0.07891966858104099                
15      19             0.07891966858104094                
11      14             0.07891966858104082                
11      13             0.07891966858104082                
13      19             0.07891966858104066                
14      19             0.07891966858104044                
1       6              0.07263037449311338                
4       6              0.07160515819380556                
2       6              0.07023953199333197                
1       3              0.05421981273817483                
2       8              0.05080019709497913                
10      18             0.022452652348856295               
18      25             0.022452652348855684               
18      28             0.02245265234885563                
18      33             0.022452652348855573               
18      27             0.022452652348855573               
18      22             0.022452652348855517               
18      23             0.022452652348855462               
18      24             0.022452652348855462               
18      26             0.022452652348855462               
18      31             0.022452652348855462               
18      21             0.022452652348855406               
13      18             0.02245265234885435                
15      18             0.022452652348853963               
14      18             0.022452652348853797               
17      18             0.022452652348853297               
11      18             0.022452652348852964               
18      19             0.022452652348852187               
3       6              0.004908443800804241               
6       30             -0.0029909466966603904             
7       11             -0.005002354848030244              
7       19             -0.005002354848030854              
7       28             -0.005002354848031021              
7       27             -0.0050023548480310764             
7       21             -0.005002354848031132              
7       23             -0.0050023548480311875             
7       24             -0.0050023548480311875             
7       25             -0.0050023548480311875             
7       26             -0.0050023548480311875             
7       15             -0.0050023548480311875             
7       22             -0.0050023548480311875             
7       31             -0.0050023548480311875             
7       33             -0.005002354848031243              
7       14             -0.005002354848031243              
7       17             -0.0050023548480312985             
7       13             -0.0050023548480314095             
7       10             -0.005002354848033019              
2       16             -0.0067923699080827404             
6       28             -0.007679667949960445              
6       14             -0.007679667949960556              
6       27             -0.007679667949960556              
6       15             -0.007679667949960611              
6       33             -0.007679667949960611              
6       21             -0.007679667949960639              
6       22             -0.007679667949960639              
6       25             -0.007679667949960667              
6       31             -0.007679667949960695              
6       13             -0.007679667949960695              
6       23             -0.007679667949960722              
6       24             -0.007679667949960722              
6       26             -0.007679667949960722              
6       17             -0.00767966794996075               
6       10             -0.007679667949961555              
6       19             -0.0076796679499617215             
6       11             -0.007679667949961916              
5       13             -0.016614820908093186              
5       15             -0.016614820908093242              
5       28             -0.016614820908093242              
5       21             -0.016614820908093325              
5       27             -0.016614820908093325              
5       17             -0.016614820908093353              
5       22             -0.016614820908093353              
5       33             -0.01661482090809338               
5       24             -0.016614820908093436              
5       14             -0.016614820908093436              
5       31             -0.016614820908093436              
5       25             -0.016614820908093464              
5       11             -0.01661482090809349               
5       23             -0.01661482090809349               
5       26             -0.01661482090809352               
5       19             -0.016614820908093575              
5       10             -0.016614820908094324              
20      30             -0.016977212482983672              
1       16             -0.021550057898488295              
1       11             -0.02476908023273064               
1       19             -0.024769080232730833              
1       17             -0.02476908023273172               
1       15             -0.02476908023273175               
1       33             -0.024769080232731833              
1       28             -0.024769080232731833              
1       31             -0.024769080232731888              
1       13             -0.024769080232731916              
1       27             -0.024769080232731916              
1       22             -0.024769080232731944              
1       14             -0.02476908023273197               
1       21             -0.024769080232732                 
1       23             -0.024769080232732055              
1       24             -0.024769080232732055              
1       26             -0.024769080232732082              
1       25             -0.02476908023273211               
1       10             -0.024769080232733054              
1       9              -0.02644033901484394               
5       30             -0.027297339769458445              
4       16             -0.027881697704212782              
1       18             -0.03252268330052971               
2       7              -0.03515982535819617               
4       30             -0.04199674737879405               
18      30             -0.04952010189431186               
4       9              -0.04959192844406446               
12      13             -0.05476894584431791               
12      15             -0.05476894584431813               
12      14             -0.054768945844318156              
19      29             -0.05476894584431821               
12      17             -0.05476894584431824               
21      29             -0.0547689458443186                
23      29             -0.05476894584431863               
12      19             -0.05476894584431863               
25      29             -0.054768945844318656              
22      29             -0.054768945844318656              
24      29             -0.054768945844318684              
26      29             -0.05476894584431902               
29      31             -0.05476894584431943               
29      33             -0.05476894584431946               
11      12             -0.05476894584431993               
10      12             -0.05476894584432074               
28      29             -0.05476894584432082               
27      29             -0.05476894584432088               
12      28             -0.054768945844321015              
12      27             -0.05476894584432104               
13      29             -0.0547689458443211                
12      31             -0.05476894584432118               
12      21             -0.05476894584432121               
12      33             -0.05476894584432121               
12      24             -0.05476894584432124               
12      26             -0.05476894584432129               
12      22             -0.05476894584432129               
12      23             -0.05476894584432132               
17      29             -0.05476894584432135               
12      25             -0.054768945844321376              
14      29             -0.054768945844321376              
15      29             -0.054768945844321876              
10      29             -0.054768945844322126              
11      29             -0.05476894584432318               
7       18             -0.05566384330820198               
8       19             -0.06166378006466072               
8       11             -0.06166378006466078               
8       15             -0.061663780064661555              
8       33             -0.061663780064661555              
8       31             -0.06166378006466161               
8       27             -0.061663780064661666              
8       28             -0.061663780064661666              
8       21             -0.06166378006466178               
8       26             -0.06166378006466189               
8       14             -0.06166378006466189               
8       22             -0.06166378006466189               
8       23             -0.061663780064661944              
8       24             -0.061663780064661944              
8       13             -0.061663780064661944              
8       17             -0.061663780064662                 
8       25             -0.061663780064662                 
8       10             -0.06166378006466344               
2       11             -0.06773583285630444               
2       19             -0.0677358328563045                
2       28             -0.06773583285630491               
2       27             -0.067735832856305                 
2       22             -0.06773583285630505               
2       25             -0.06773583285630508               
2       23             -0.0677358328563051                
2       21             -0.0677358328563051                
2       24             -0.06773583285630513               
2       26             -0.06773583285630516               
2       33             -0.06773583285630516               
2       31             -0.06773583285630527               
2       14             -0.06773583285630536               
2       13             -0.06773583285630547               
2       15             -0.0677358328563055                
2       17             -0.06773583285630552               
2       10             -0.0677358328563061                
6       18             -0.06897685562534073               
8       32             -0.07358974240850563               
5       8              -0.07783784851195819               
7       30             -0.07860647262181869               
18      20             -0.07863094411319005               
6       8              -0.0805015462155799                
8       30             -0.08284097373769317               
3       8              -0.08412750812983527               
3       7              -0.087555780663745                 
7       16             -0.09467495209788504               
4       32             -0.09550021232163408               
2       18             -0.0967041036400565                
20      32             -0.09928459110418919               
5       18             -0.09945675020338421               
1       32             -0.10096785782333179               
1       30             -0.1063439078099884                
5       20             -0.11028068316519626               
12      30             -0.11130506188875211               
29      30             -0.1113050618887522                
16      20             -0.11251124456567818               
6       12             -0.11341239258642577               
6       29             -0.11341239258642717               
3       18             -0.11486844424683235               
7       9              -0.11498168673264095               
19      20             -0.11580470160100576               
17      20             -0.11580470160100759               
13      20             -0.11580470160100759               
15      20             -0.11580470160100786               
14      20             -0.11580470160100803               
20      28             -0.11580470160100814               
20      27             -0.11580470160100825               
20      22             -0.11580470160100831               
20      21             -0.11580470160100836               
20      33             -0.11580470160100836               
20      31             -0.11580470160100836               
20      25             -0.11580470160100848               
20      24             -0.11580470160100853               
20      26             -0.11580470160100853               
20      23             -0.11580470160100864               
11      20             -0.11580470160100881               
10      20             -0.11580470160100909               
4       19             -0.11775850009323807               
4       11             -0.11775850009323832               
4       15             -0.1177585000932391                
4       14             -0.11775850009323921               
4       17             -0.11775850009323935               
4       13             -0.11775850009323935               
4       31             -0.11775850009323943               
4       33             -0.11775850009323943               
4       28             -0.11775850009323952               
4       27             -0.11775850009323957               
4       22             -0.11775850009323963               
4       21             -0.11775850009323968               
4       23             -0.11775850009323974               
4       24             -0.11775850009323974               
4       25             -0.11775850009323977               
4       26             -0.11775850009323979               
4       10             -0.11775850009324074               
12      18             -0.12098409296939103               
18      29             -0.12098409296939186               
8       18             -0.12362869689923967               
7       8              -0.12782572914048743               
7       32             -0.13361489039191832               
3       30             -0.1411657277603751                
30      32             -0.1456507570024296                
5       12             -0.1478746371539818                
5       29             -0.14787463715398283               
2       30             -0.14793235791950446               
1       8              -0.1479753354443832                
19      32             -0.14971024173654285               
21      32             -0.14971024173654326               
25      32             -0.1497102417365433                
23      32             -0.14971024173654332               
24      32             -0.14971024173654332               
22      32             -0.14971024173654338               
26      32             -0.14971024173654363               
32      33             -0.14971024173654424               
28      32             -0.14971024173654526               
27      32             -0.1497102417365453                
31      32             -0.14971024173654546               
13      32             -0.14971024173654546               
14      32             -0.14971024173654576               
17      32             -0.1497102417365458                
15      32             -0.14971024173654632               
10      32             -0.1497102417365466                
11      32             -0.14971024173654773               
8       29             -0.15992946458796192               
8       12             -0.15992946458796284               
7       12             -0.16090851743678042               
7       29             -0.1609085174367811                
6       20             -0.16225345774942593               
16      30             -0.1626428796222624                
6       32             -0.17116032720484572               
20      29             -0.17282971987608878               
12      20             -0.17282971987608967               
5       32             -0.17852696568003618               
5       16             -0.17963226331385979               
6       16             -0.18393714108975556               
18      32             -0.18726107779198914               
4       8              -0.1980439810834875                
2       32             -0.19831774340843977               
9       30             -0.20175023488520497               
1       29             -0.20420632296689822               
1       12             -0.2042063229668983                
16      19             -0.20651698989107997               
13      16             -0.20651698989108142               
15      16             -0.20651698989108158               
14      16             -0.2065169898910816                
16      28             -0.20651698989108172               
16      27             -0.20651698989108183               
11      16             -0.20651698989108194               
10      16             -0.20651698989108194               
16      33             -0.20651698989108197               
16      31             -0.20651698989108197               
16      21             -0.206516989891082                 
16      22             -0.20651698989108203               
16      25             -0.20651698989108205               
16      26             -0.20651698989108205               
16      23             -0.20651698989108208               
16      24             -0.20651698989108208               
16      17             -0.20651698989108264               
4       29             -0.20764025005524028               
4       12             -0.20764025005524056               
16      18             -0.20993668279723116               
2       12             -0.21006980180717216               
2       29             -0.2100698018071729                
5       9              -0.21120341145161886               
6       9              -0.21958702015763232               
3       19             -0.22813919511992947               
3       11             -0.22813919511992975               
3       13             -0.22813919511992997               
3       27             -0.22813919511992997               
3       28             -0.22813919511992997               
3       31             -0.22813919511993005               
3       17             -0.22813919511993008               
3       33             -0.22813919511993008               
3       15             -0.2281391951199301                
3       14             -0.2281391951199301                
3       21             -0.22813919511993014               
3       22             -0.22813919511993025               
3       23             -0.22813919511993028               
3       25             -0.22813919511993028               
3       24             -0.2281391951199303                
3       26             -0.2281391951199303                
3       10             -0.22813919511993117               
9       18             -0.2454615402078325                
9       19             -0.2632190701473437                
9       28             -0.26321907014734397               
9       14             -0.263219070147344                 
9       13             -0.263219070147344                 
9       27             -0.26321907014734414               
9       11             -0.2632190701473442                
9       15             -0.2632190701473442                
9       17             -0.26321907014734425               
9       33             -0.26321907014734425               
9       21             -0.26321907014734425               
9       31             -0.26321907014734425               
9       22             -0.2632190701473443                
9       24             -0.26321907014734436               
9       26             -0.2632190701473444                
9       23             -0.26321907014734447               
9       25             -0.26321907014734447               
9       10             -0.2632190701473456                
