#======================================================================
# PARAMETERS USED FOR THIS COMPUTATION: 
#      Sequence type: RNA
#      Total number of sequences in alignment data: 167
#      Length of sequences in alignment data: 38
#      Effective number of sequences: 7.906830684266771
#      Value of sequence identity: 0.8
#      Value of relative pseudocount: 0.5
# The First and Second columns represent sites and the
# Third column is MFDCA Frobenius norm, average product corrected (APC) DCA score
#======================================================================
15      20             2.1616125126998593                 
6       33             1.6106918426242394                 
7       32             1.2557150824079673                 
9       30             1.1709952909561827                 
4       35             1.0641657386727514                 
8       31             0.9128995221583533                 
2       37             0.8995985736761575                 
10      29             0.8873111712762664                 
4       10             0.8109658060289557                 
13      22             0.723703015966289                  
28      32             0.7057296057103178                 
7       28             0.6999018228354629                 
3       36             0.6927100658324901                 
18      19             0.6706381521791352                 
18      20             0.6654508562509611                 
21      23             0.5616376975608011                 
11      35             0.5566944833985759                 
13      36             0.5466460749374934                 
15      18             0.5387894008692855                 
3       13             0.5343420361544773                 
11      21             0.5292307320477687                 
6       12             0.5278193141345141                 
5       34             0.5225782765945588                 
26      33             0.515373445126936                  
22      36             0.5121964424629051                 
7       26             0.5063026253221315                 
26      32             0.5059537472911666                 
3       22             0.5044667232479034                 
2       24             0.49648531915076843                
1       38             0.48644769821575806                
19      31             0.46033318248287186                
24      37             0.44457614930217015                
6       9              0.43523457079738137                
9       23             0.43488297253620944                
17      18             0.43464293367287027                
12      33             0.4305544429709951                 
8       28             0.4267967577023703                 
11      12             0.4209863537329362                 
17      19             0.41054067171048214                
4       29             0.4079238140645566                 
6       30             0.3948919295068021                 
24      27             0.39428503927142                   
25      32             0.38351846789250427                
15      23             0.382033018968597                  
23      30             0.3800347505216096                 
4       8              0.37837543871150203                
7       25             0.3745533198272223                 
10      21             0.36703238577889685                
9       12             0.36174685713878085                
4       31             0.36096159327541877                
16      17             0.35956086510751795                
2       10             0.34461572117238914                
1       5              0.33981326396885836                
18      25             0.3337876563853757                 
3       6              0.3334337020024235                 
10      13             0.3287315250594879                 
19      26             0.32351481514251496                
10      23             0.32292301251687217                
7       29             0.3096845433010398                 
29      32             0.30741444657132266                
20      23             0.3051036621089105                 
10      22             0.30404330036910354                
6       36             0.29431144906611184                
25      29             0.2897068862303227                 
14      34             0.2885120367549969                 
8       26             0.28821705821412447                
18      26             0.28469794921794556                
12      30             0.2774645759723479                 
6       13             0.27733623332352375                
10      35             0.2744535761584652                 
25      28             0.2708236051392909                 
5       14             0.265761140647674                  
3       12             0.25977169017994317                
6       22             0.25697112807053146                
1       14             0.2552808356320944                 
7       8              0.25429846134287093                
8       25             0.2537406545986438                 
19      20             0.25315934217346486                
6       31             0.2504349915517696                 
12      36             0.25024201816118646                
8       32             0.24996266313281124                
14      38             0.24936302834651966                
26      27             0.24850440289580245                
29      37             0.24169000191651036                
9       33             0.23930107638716358                
10      36             0.23842011547399766                
3       10             0.2336118107609565                 
9       25             0.23195106737860527                
15      35             0.23089114991383708                
21      35             0.2306921906222381                 
21      29             0.22727606407525802                
1       34             0.22479944237288324                
12      35             0.22282602747007396                
12      13             0.22246845181460112                
34      38             0.21924015275322628                
24      26             0.21758962984867364                
12      22             0.21747019427735365                
25      33             0.21586732761355887                
11      23             0.21555515913588963                
10      37             0.21404424890073914                
21      25             0.2102192690480129                 
14      21             0.20865559378479936                
15      17             0.20832113431632282                
8       35             0.20820497945357552                
35      37             0.20613060291498586                
23      28             0.20513234699364508                
10      11             0.20458977644105558                
26      28             0.20413480629625097                
17      20             0.20277546531505486                
14      17             0.20147040518023585                
30      33             0.1996403327804539                 
17      27             0.1984797454357858                 
27      28             0.19167879441448232                
11      15             0.19060594288232963                
17      38             0.18906719138892833                
20      35             0.1889100773375526                 
4       11             0.18360337951793015                
1       2              0.1813381672560217                 
31      37             0.1796763497370345                 
14      16             0.1794370967195743                 
3       33             0.17794297634865197                
33      36             0.17631325120586316                
17      25             0.1752059443919889                 
14      27             0.17428756765086423                
4       23             0.17337300882587514                
31      33             0.17133905088586632                
7       33             0.16855001242177214                
5       38             0.16732647065824738                
2       29             0.16594485817024685                
32      33             0.16419760940536887                
16      20             0.16113791187740234                
11      20             0.16107196098477644                
13      33             0.15944315338160786                
27      34             0.1587818226322606                 
16      34             0.15834462832841262                
25      27             0.1574974038843095                 
21      34             0.1570478050977715                 
5       27             0.1566980317672059                 
23      29             0.15484913079189178                
5       16             0.15248232132854891                
12      37             0.1504191048120429                 
2       31             0.14684086443840327                
1       16             0.14339996487920506                
23      35             0.14225818800248358                
1       27             0.14151448275392997                
2       5              0.14146852392710602                
15      19             0.13843113458536482                
29      35             0.13775994553915105                
22      33             0.1363332825804784                 
8       29             0.13446209721197389                
5       21             0.13185543580700942                
1       21             0.12917627512205054                
16      38             0.12652524275073404                
19      35             0.12591683999102                   
25      30             0.1225548035324926                 
16      18             0.1205414529688511                 
12      21             0.11841208209539289                
3       5              0.11734905439123411                
18      33             0.11450052048785908                
15      16             0.11159279154547186                
1       3              0.10885498777088293                
27      38             0.10654111069257449                
24      25             0.10581792179154303                
24      28             0.10334981838413482                
16      24             0.10197818309949075                
21      38             0.10036169598950079                
2       4              0.09841760301149838                
17      26             0.09715150245392645                
3       11             0.09473153657939071                
14      24             0.09412834030448716                
11      37             0.09069730368922141                
14      37             0.08721556900750099                
17      36             0.08717282260226633                
17      34             0.08441697705512524                
1       17             0.08115489486056013                
11      36             0.08014951299226619                
3       29             0.07617701284068346                
7       14             0.07582283166107723                
14      32             0.07563652227365525                
36      38             0.07338098406775051                
1       37             0.07174341994980388                
1       32             0.0710879722618985                 
11      27             0.07090718660103223                
16      27             0.06938790481062312                
34      37             0.06904484905775937                
29      33             0.06837819018993285                
32      34             0.06773201459895323                
8       22             0.06767870451139568                
18      35             0.06733101631726368                
1       7              0.06551227494790035                
10      12             0.06534250403760056                
2       30             0.06529996274718924                
19      23             0.06470850883755941                
7       34             0.06461127618069351                
37      38             0.06338309673057352                
24      34             0.0629986096968437                 
4       21             0.06209549786813484                
5       32             0.061422797706602195               
29      36             0.05817867667384591                
20      26             0.05781647365343395                
23      31             0.0570474758882632                 
5       7              0.055821123472220624               
2       9              0.053768875751639744               
10      31             0.05313526620553122                
8       13             0.05295777992172279                
23      37             0.05219141022376539                
4       37             0.05184901046820556                
4       9              0.050723796836453894               
2       18             0.04991353081802302                
2       14             0.04741791988679345                
23      24             0.046696786713157024               
13      29             0.045773400442631784               
6       16             0.04456987798160067                
2       25             0.04439101396852063                
5       24             0.04412498311863028                
2       38             0.043207753925448456               
15      26             0.04254182187766731                
19      37             0.04217311088809228                
2       11             0.040705541606728846               
32      38             0.03888958960076816                
14      22             0.038779886485203696               
13      14             0.03699864471126313                
1       24             0.03424639529883866                
22      34             0.03190187153427282                
11      13             0.030640762591701343               
5       37             0.030034252064820743               
7       38             0.02993123382142987                
20      25             0.029865437721501964               
4       7              0.029787981988635193               
13      34             0.027626658122731573               
4       32             0.027343381621314222               
18      37             0.02686443985511744                
28      33             0.025981544760166786               
24      38             0.025437574321512807               
7       31             0.024141185513420704               
2       34             0.02405273528656332                
16      19             0.023064623402729634               
31      32             0.021087324270645857               
8       19             0.020922628870651494               
14      36             0.02042476408127547                
5       17             0.020356315324555424               
17      35             0.020263224715441897               
22      29             0.01980216421495018                
4       30             0.01843356782831085                
28      29             0.01762259810074218                
16      21             0.017311144298226666               
5       22             0.016629861634239018               
20      38             0.01333037908773077                
1       22             0.01253526086517387                
11      22             0.011289114093652852               
21      30             0.010505653281794647               
5       13             0.010490839148601327               
3       14             0.010278028713257226               
13      16             0.00974451025508749                
34      36             0.009150003499086679               
11      24             0.008645775543980216               
5       28             0.00684647020824275                
27      30             0.006643457564494137               
16      22             0.00660736119938149                
6       10             0.005884584760901701               
1       13             0.005718682204039649               
12      29             0.003150895332031056               
8       33             0.002429977978459119               
22      38             0.00220899634659516                
6       11             0.002051064930073232               
28      34             0.0015189327631218164              
10      24             0.000832492055477696               
31      38             0.0008260640880908277              
17      23             0.0006228058407874437              
29      38             0.00045258746676574146             
19      34             -0.0017870855207520187             
12      24             -0.002107558819684663              
23      25             -0.002201355207168909              
15      38             -0.0029888221095631384             
16      32             -0.003906509059690921              
14      31             -0.004257079489893012              
11      30             -0.004544332153178676              
7       16             -0.00470608342770279               
19      30             -0.004790572103506419              
30      37             -0.0049657191330750305             
9       27             -0.005936708572303995              
8       14             -0.006286027742383349              
8       34             -0.006479891256756631              
13      38             -0.0072921102602725996             
24      31             -0.007416158001683604              
6       23             -0.007826306982086306              
5       36             -0.008114632207441463              
1       8              -0.009115503876065578              
15      34             -0.009178478364430531              
14      19             -0.010370057107902508              
18      24             -0.010904362395601108              
9       21             -0.011853095101258537              
26      29             -0.01190868778379317               
3       34             -0.012692444326063423              
4       18             -0.013525416333631246              
14      28             -0.013692035783302331              
8       38             -0.014428681360959317              
3       16             -0.015715604091269125              
29      31             -0.0158348188210905                
18      31             -0.016075468443299767              
9       37             -0.016077019437540307              
1       36             -0.017938610807282263              
14      30             -0.01795394060311467               
14      20             -0.018546062993568257              
14      15             -0.01913003519918205               
8       36             -0.01999726518520084               
16      36             -0.02041277964710214               
7       30             -0.021825078422756716              
30      32             -0.022403051680932096              
8       27             -0.02363951467236247               
22      30             -0.024389776038705402              
30      34             -0.024579507888829122              
5       15             -0.0256436804077691                
20      34             -0.02567275187441842               
10      28             -0.02715339503271974               
9       14             -0.027259997835415495              
31      34             -0.02800803343911401               
6       25             -0.028376512943374177              
19      33             -0.02937268355239908               
1       30             -0.02941613134394616               
25      37             -0.03070198287906245               
9       34             -0.030764282887059735              
5       8              -0.031093990567836904              
5       30             -0.0311984442934381                
5       19             -0.03193197387726007               
28      31             -0.03198590678753499               
18      28             -0.032507792968374694              
1       19             -0.03343370111654198               
5       20             -0.03431437527454509               
1       9              -0.03495002614935966               
35      36             -0.035010151510843746              
1       31             -0.0351461937617818                
2       16             -0.03552870129472402               
7       9              -0.035543472101597584              
1       20             -0.03575434496485666               
3       4              -0.03581282654353868               
5       31             -0.03607140499887479               
5       9              -0.036440835412253014              
12      18             -0.03724022600917726               
3       35             -0.03736021280020135               
30      38             -0.03740283763983643               
9       32             -0.03756450874380307               
24      32             -0.0384021353607818                
17      28             -0.038547833570250656              
18      23             -0.03921709468563417               
22      31             -0.040909328478783424              
22      27             -0.04110038554582335               
1       28             -0.04179894025462713               
16      37             -0.04236027353726918               
9       38             -0.04303011571611237               
18      27             -0.04344213635941524               
11      28             -0.043997275395935176              
6       19             -0.04439501945000518               
7       24             -0.0444789678102647                
33      35             -0.04465436899924502               
4       36             -0.0453886401862208                
15      25             -0.04553565403518245               
13      27             -0.046355458791582094              
3       38             -0.0469303903870846                
8       16             -0.046979806175111216              
4       22             -0.04704571150363457               
3       8              -0.04810799011151934               
21      27             -0.049013270013969046              
2       6              -0.04937752711902754               
1       26             -0.04959917786304585               
20      21             -0.05020958697218103               
1       15             -0.05101956191016835               
15      21             -0.05115858989952249               
17      31             -0.05171081064294719               
28      38             -0.054351695862567106              
2       26             -0.054384283688504675              
24      29             -0.05451115125044809               
19      27             -0.055053066464938766              
16      30             -0.05571518495336311               
9       16             -0.05631625991868133               
14      26             -0.05646699923991222               
16      26             -0.057296829764057755              
17      22             -0.05768841770396255               
7       27             -0.058450718340093355              
27      32             -0.05911514412904989               
13      31             -0.059203670463292335              
11      34             -0.05970019354937223               
4       13             -0.05986207641050467               
17      24             -0.0599470438998245                
13      35             -0.06064208604010657               
26      34             -0.06207165539917789               
18      38             -0.062412744743472526              
5       26             -0.06253053016981974               
27      31             -0.0628546687013034                
16      25             -0.06403173925923758               
16      31             -0.06442882603231898               
19      21             -0.06480531680565954               
12      23             -0.06658510982275867               
9       26             -0.06661416665133535               
9       11             -0.06664419424631729               
22      35             -0.06849368239758291               
10      27             -0.0697529827617489                
19      38             -0.07125390821576652               
3       27             -0.07312545951278868               
11      14             -0.07454682311102367               
6       26             -0.0756594340922016                
19      28             -0.07682728098515845               
26      38             -0.07799905626805739               
4       28             -0.07955156196399776               
27      36             -0.08114777250235633               
12      27             -0.08207862180587905               
2       19             -0.08223806590551186               
2       27             -0.08256039122922335               
8       23             -0.08285066792245455               
5       18             -0.08493180252734286               
26      30             -0.08595450855242892               
2       17             -0.08606455613000918               
19      29             -0.0865147160284746                
11      16             -0.08764479690562482               
12      16             -0.08850109176880941               
9       19             -0.08938099220594609               
18      22             -0.08988233773925391               
16      28             -0.0904650225679361                
19      24             -0.09196463633798746               
9       31             -0.09329931384062756               
27      37             -0.0939423558311015                
11      38             -0.09488949530865765               
14      25             -0.09495705661313134               
27      29             -0.09597419280909059               
17      30             -0.09620942301112939               
2       15             -0.10184815627232247               
12      38             -0.10286216346932697               
13      18             -0.10345087700844824               
22      24             -0.1038933618302306                
30      31             -0.10419712480582222               
4       27             -0.10488242557225641               
13      24             -0.1049100471060096                
3       17             -0.10599971015895299               
10      19             -0.10607605990553798               
5       11             -0.10637939140505126               
4       12             -0.1072327644574762                
2       23             -0.10747153039905571               
6       17             -0.10764256109448811               
17      21             -0.10814898873117651               
1       11             -0.1085343984483349                
3       18             -0.10868422545224293               
7       18             -0.11087937133627185               
4       15             -0.1123512400308535                
26      37             -0.1130484843092795                
18      21             -0.11307884471638968               
25      36             -0.11329707623289859               
5       25             -0.1136821695521485                
1       25             -0.1138363721766339                
11      26             -0.11456888441784135               
23      27             -0.11477355584518756               
9       36             -0.1159680508641372                
8       30             -0.11612120876850396               
2       20             -0.11638946063713801               
2       35             -0.11658455455812672               
6       29             -0.11661063888206202               
12      25             -0.11695753092356642               
25      38             -0.11701514928184159               
2       3              -0.11722763449178342               
21      24             -0.11764049468623924               
10      33             -0.11824508126754285               
9       17             -0.1187352761752874                
19      36             -0.11874389510753286               
6       35             -0.11952329673764328               
24      30             -0.12191643463756913               
12      19             -0.12220925031437585               
20      30             -0.12248186928371413               
9       13             -0.12294476846977787               
1       18             -0.12327020050535681               
15      33             -0.1250488034455407                
7       21             -0.1253906967771894                
21      32             -0.12588321177274253               
21      22             -0.12613360335080226               
18      32             -0.12798597260836464               
20      27             -0.12814621757823952               
8       9              -0.12818476972877707               
9       24             -0.12834208980511458               
3       21             -0.1284050254949618                
35      38             -0.12905367668121648               
25      34             -0.12917052015773675               
30      36             -0.12956987172228257               
18      34             -0.12963429845370322               
13      21             -0.12988910027524486               
24      36             -0.13025770373679713               
21      36             -0.13073631021828308               
13      17             -0.131364442461509                 
10      18             -0.13184627592773046               
4       5              -0.132157533813337                 
3       25             -0.13245245997122557               
15      31             -0.13301824672436774               
3       31             -0.1332795185409134                
2       21             -0.13500298528423121               
3       9              -0.1355228565892252                
31      36             -0.13731578425041596               
13      30             -0.1374673599521936                
15      27             -0.13770881046612152               
16      33             -0.13826633517488324               
12      28             -0.13881131110967965               
9       35             -0.13940666308266525               
23      33             -0.1395296709838012                
11      29             -0.13979869243379972               
20      28             -0.14003775246278036               
3       24             -0.14061006030978793               
12      15             -0.14127383186587306               
24      35             -0.14134326855341722               
22      26             -0.14230373740854974               
16      35             -0.14233388421327695               
1       4              -0.14312634878825753               
28      30             -0.14322288971804856               
15      29             -0.14373843016935156               
15      28             -0.14503051862615657               
4       19             -0.1450346804389997                
6       24             -0.14542341428705577               
11      17             -0.14681136256727934               
3       30             -0.14716144518712027               
17      32             -0.14743596969306585               
2       8              -0.1475050767599762                
3       26             -0.1478714183107125                
11      33             -0.14819784433182642               
4       20             -0.14872171438755993               
21      28             -0.14925812335786565               
28      37             -0.15002447667900567               
9       22             -0.1501292747045031                
26      35             -0.1514697494361163                
15      24             -0.15204003460380466               
17      37             -0.15309711422579586               
20      24             -0.15323113007582181               
12      26             -0.15348759945089552               
21      37             -0.154311221052839                 
9       15             -0.15626797392278519               
13      26             -0.15708124793941325               
2       12             -0.15921369131862173               
8       24             -0.15926292630959477               
24      33             -0.16233571470287791               
1       12             -0.16237294718711154               
7       17             -0.1625258782836506                
3       19             -0.16297305206567933               
27      35             -0.16456451446801065               
7       22             -0.16747053529890565               
12      20             -0.1675368863919664                
22      32             -0.16828169882973082               
8       37             -0.16886311694770767               
8       12             -0.16926513977532154               
22      28             -0.16927626417400715               
4       17             -0.16968802708873865               
13      32             -0.17012827264755193               
7       13             -0.17024398118132228               
19      22             -0.17113248709144235               
9       28             -0.1719567133902285                
26      36             -0.17314430455238847               
13      19             -0.17347043037797014               
4       38             -0.17395586488290402               
1       35             -0.17420457967421366               
8       17             -0.17482829959237267               
25      31             -0.17694024781568385               
18      36             -0.17699291247582588               
28      36             -0.1773745970168169                
5       12             -0.1773850616044084                
15      37             -0.1775714589592592                
25      26             -0.1775803859889729                
20      31             -0.1790335201612867                
3       23             -0.17904803548497733               
18      30             -0.17937340270899477               
5       35             -0.17937717527741606               
9       20             -0.17973060243840933               
6       8              -0.17996803666933942               
20      37             -0.18112422486699076               
7       37             -0.18163946831346012               
2       7              -0.18304837501714                  
21      31             -0.183090746651298                 
32      37             -0.18367645521309728               
2       32             -0.18391653065183133               
14      35             -0.1844010830968521                
12      17             -0.18504367645412373               
34      35             -0.18578156210117053               
13      23             -0.18589692336024455               
13      28             -0.18732474152896003               
15      30             -0.1873426793974569                
4       6              -0.18798246507234118               
32      36             -0.18826333549845925               
19      32             -0.1888696443241032                
7       36             -0.18907963858034035               
3       32             -0.18996567145727364               
23      36             -0.19016287466066656               
14      18             -0.19032218448206092               
3       7              -0.1907228585208373                
25      35             -0.19076104734848087               
28      35             -0.19096085295536674               
7       19             -0.1913004270700684                
2       28             -0.19177871232011673               
22      37             -0.19218998184118136               
4       34             -0.19293192830345943               
30      35             -0.1931002100655802                
13      37             -0.19312574542195998               
6       18             -0.19333893982987505               
12      34             -0.193562443741802                 
33      37             -0.1954977113098832                
23      38             -0.1959676747058316                
13      20             -0.19701896325042                  
20      29             -0.19738564158406158               
22      23             -0.19778885753467013               
11      19             -0.19819283450624015               
36      37             -0.19943809425134146               
4       14             -0.19977144352345913               
10      17             -0.1999545624576112                
4       16             -0.2006086435338589                
6       32             -0.2027554994146451                
6       7              -0.20282030936885376               
13      25             -0.20363854050718888               
2       13             -0.20462988982170704               
3       28             -0.20557115255089814               
27      33             -0.20704107232502147               
12      14             -0.20769387712868073               
20      22             -0.2080489465813919                
4       24             -0.20842995787095786               
17      29             -0.2091074248095724                
10      34             -0.2098401163186675                
16      23             -0.21063949243892707               
20      36             -0.21131680852342685               
10      14             -0.21185366514519033               
6       34             -0.2127911158835411                
2       22             -0.21331216159590366               
3       20             -0.21356504762197998               
8       10             -0.21404060511669432               
2       36             -0.21498732533725937               
11      25             -0.2150106961440304                
3       37             -0.2164078676375329                
21      26             -0.21657781787073244               
23      34             -0.2168103241302449                
13      15             -0.2172337047013315                
19      25             -0.21788779524551732               
5       23             -0.2202616193138405                
1       23             -0.22300550936585548               
9       18             -0.22336096327243837               
6       28             -0.22381682642781428               
10      16             -0.22418504411248302               
14      23             -0.224559167840859                 
15      22             -0.22478225087974188               
7       20             -0.22509332592408507               
11      18             -0.2266058287539043                
20      32             -0.2276402400428128                
15      36             -0.22851765489548928               
5       10             -0.2286615964448704                
1       10             -0.2296131618371606                
6       15             -0.22973506684341882               
6       20             -0.23105724314512227               
6       37             -0.2325817507843606                
6       21             -0.233866274904027                 
8       15             -0.2339051834856825                
16      29             -0.23472143142427873               
7       15             -0.2349623557280903                
15      32             -0.23512795341334558               
3       15             -0.2355242506684064                
5       6              -0.2356947195677782                
1       6              -0.23957066337783883               
7       23             -0.2411021057354814                
23      32             -0.2440157204009275                
10      38             -0.24401748437053622               
5       29             -0.2444847048215514                
9       29             -0.24449960701822027               
6       38             -0.24493952507986916               
26      31             -0.2453276316584969                
11      31             -0.24763201269660678               
8       21             -0.24832051839482278               
4       26             -0.2515212775615866                
2       33             -0.25242225015778885               
33      34             -0.25569967734455545               
12      31             -0.2580346929328041                
31      35             -0.2593036857384993                
20      33             -0.25982928829093593               
10      25             -0.260073060885975                 
11      32             -0.2612773036926773                
7       11             -0.26153597015974384               
1       29             -0.26402184763067427               
10      20             -0.265159205418345                 
10      15             -0.2658582990731934                
22      25             -0.26945356877457133               
14      29             -0.2727518530397067                
9       10             -0.27376206119095176               
29      34             -0.2750447726207912                
8       11             -0.27723276890648946               
6       14             -0.2776343750422522                
6       27             -0.28105771653701295               
14      33             -0.2836624883035862                
29      30             -0.2858710131693002                
23      26             -0.28968916918890986               
10      30             -0.29386057256357273               
7       10             -0.29742954966015694               
7       35             -0.29900147434002805               
8       20             -0.2990247369017017                
10      32             -0.3017015119659255                
32      35             -0.3025467549313477                
33      38             -0.30761418379912675               
10      26             -0.3116449153283957                
5       33             -0.3137463173892125                
7       12             -0.31707978067961207               
12      32             -0.3236761966007854                
1       33             -0.32826709275578575               
17      33             -0.33405986127339554               
21      33             -0.3427483154349706                
4       33             -0.3452366923768029                
8       18             -0.34966018839848156               
18      29             -0.35095882103263076               
4       25             -0.371647144804728                 
