#======================================================================
# PARAMETERS USED FOR THIS COMPUTATION: 
#      Sequence type: RNA
#      Total number of sequences in alignment data: 3
#      Length of sequences in alignment data: 24
#      Effective number of sequences: 1.0
#      Value of sequence identity: 0.8
#      Value of relative pseudocount: 0.5
# The First and Second columns represent sites and the
# Third column is MFDCA Frobenius norm, average product corrected (APC) DCA score
#======================================================================
7       23             1.0085231395247                    
11      21             0.0051176923078857794              
11      17             0.005117692307885724               
11      22             0.005117692307885724               
11      24             0.005117692307885724               
13      14             0.005117692307885724               
11      15             0.005117692307885668               
11      18             0.005117692307885668               
11      20             0.005117692307885668               
11      16             0.005117692307885668               
11      19             0.005117692307885613               
1       5              0.00511769230788528                
12      13             0.005117692307885058               
4       21             0.005117692307885002               
12      14             0.005117692307884947               
9       18             0.005117692307884836               
4       18             0.005117692307884836               
4       19             0.005117692307884836               
4       22             0.005117692307884836               
2       6              0.005117692307884836               
9       15             0.00511769230788478                
9       22             0.00511769230788478                
9       16             0.00511769230788478                
9       21             0.00511769230788478                
4       20             0.00511769230788478                
4       24             0.00511769230788478                
12      24             0.005117692307884725               
9       20             0.005117692307884725               
9       24             0.005117692307884725               
10      15             0.005117692307884669               
10      17             0.005117692307884669               
12      15             0.005117692307884669               
12      17             0.005117692307884669               
12      18             0.005117692307884669               
12      20             0.005117692307884669               
12      22             0.005117692307884669               
10      16             0.005117692307884669               
12      16             0.005117692307884669               
4       9              0.005117692307884669               
4       17             0.005117692307884669               
4       16             0.005117692307884669               
9       19             0.005117692307884614               
4       15             0.005117692307884614               
10      20             0.005117692307884558               
10      22             0.005117692307884558               
10      24             0.005117692307884558               
9       17             0.005117692307884558               
10      21             0.005117692307884558               
12      21             0.005117692307884558               
8       13             0.005117692307884558               
10      18             0.005117692307884503               
12      19             0.005117692307884503               
8       14             0.005117692307884503               
3       5              0.005117692307884503               
10      19             0.005117692307884392               
10      14             0.005117692307884392               
6       8              0.005117692307884392               
1       6              0.005117692307884392               
5       6              0.005117692307884392               
2       5              0.005117692307884336               
10      13             0.005117692307884225               
6       14             0.005117692307884225               
4       10             0.00511769230788417                
8       15             0.005117692307884114               
8       17             0.005117692307884114               
8       18             0.005117692307884114               
8       24             0.005117692307884114               
3       6              0.005117692307884114               
11      13             0.005117692307884059               
8       16             0.005117692307884059               
4       12             0.005117692307884059               
8       20             0.005117692307884003               
8       22             0.005117692307884003               
1       17             0.005117692307884003               
1       16             0.005117692307884003               
1       21             0.005117692307884003               
2       21             0.005117692307884003               
6       13             0.005117692307884003               
11      14             0.005117692307883948               
4       11             0.005117692307883948               
8       19             0.005117692307883948               
1       15             0.005117692307883948               
2       17             0.005117692307883948               
8       21             0.005117692307883892               
1       22             0.005117692307883892               
1       24             0.005117692307883892               
2       22             0.005117692307883892               
3       21             0.005117692307883892               
1       19             0.0051176923078838366              
2       19             0.0051176923078838366              
2       20             0.0051176923078838366              
2       24             0.0051176923078838366              
5       8              0.0051176923078838366              
6       15             0.0051176923078838366              
6       19             0.0051176923078838366              
6       24             0.0051176923078838366              
3       24             0.0051176923078838366              
5       21             0.0051176923078838366              
6       16             0.0051176923078838366              
5       13             0.0051176923078838366              
1       8              0.005117692307883781               
1       18             0.005117692307883781               
1       20             0.005117692307883781               
2       18             0.005117692307883781               
5       17             0.005117692307883781               
3       8              0.005117692307883781               
3       17             0.005117692307883781               
3       19             0.005117692307883781               
6       21             0.005117692307883781               
5       14             0.005117692307883781               
1       13             0.005117692307883781               
2       3              0.005117692307883781               
2       15             0.0051176923078837255              
5       19             0.0051176923078837255              
5       20             0.0051176923078837255              
5       22             0.0051176923078837255              
5       24             0.0051176923078837255              
6       18             0.0051176923078837255              
2       14             0.0051176923078837255              
3       4              0.0051176923078837255              
6       20             0.00511769230788367                
6       22             0.00511769230788367                
3       18             0.00511769230788367                
3       22             0.00511769230788367                
3       16             0.00511769230788367                
1       14             0.00511769230788367                
3       13             0.00511769230788367                
2       16             0.0051176923078836145              
5       16             0.0051176923078836145              
3       14             0.0051176923078836145              
5       15             0.005117692307883559               
5       18             0.005117692307883559               
6       17             0.005117692307883559               
3       15             0.005117692307883559               
3       20             0.005117692307883559               
1       9              0.0051176923078835035              
2       8              0.005117692307883448               
2       13             0.005117692307883448               
2       9              0.0051176923078833925              
14      16             0.0051176923078833925              
2       10             0.005117692307883337               
6       10             0.005117692307883337               
5       9              0.005117692307883337               
13      15             0.005117692307883337               
17      21             0.0051176923078832814              
5       10             0.0051176923078832814              
14      15             0.0051176923078832814              
14      21             0.0051176923078832814              
3       9              0.0051176923078832814              
13      16             0.0051176923078832814              
13      21             0.0051176923078832814              
2       4              0.0051176923078832814              
19      21             0.005117692307883226               
20      21             0.005117692307883226               
16      21             0.005117692307883226               
14      18             0.005117692307883226               
6       9              0.005117692307883226               
13      17             0.005117692307883226               
13      19             0.005117692307883226               
6       12             0.00511769230788317                
14      22             0.00511769230788317                
9       13             0.00511769230788317                
13      18             0.00511769230788317                
13      20             0.00511769230788317                
13      22             0.00511769230788317                
13      24             0.00511769230788317                
18      19             0.005117692307883115               
16      17             0.005117692307883115               
3       12             0.005117692307883115               
14      17             0.005117692307883115               
14      19             0.005117692307883115               
15      24             0.005117692307883059               
17      19             0.005117692307883059               
17      22             0.005117692307883059               
20      24             0.005117692307883059               
16      19             0.005117692307883059               
16      20             0.005117692307883059               
16      24             0.005117692307883059               
15      21             0.005117692307883059               
1       12             0.005117692307883059               
5       12             0.005117692307883059               
14      20             0.005117692307883059               
14      24             0.005117692307883059               
1       3              0.005117692307883059               
15      22             0.005117692307883004               
17      18             0.005117692307883004               
17      24             0.005117692307883004               
18      24             0.005117692307883004               
19      24             0.005117692307883004               
20      22             0.005117692307883004               
22      24             0.005117692307883004               
21      24             0.005117692307883004               
15      16             0.005117692307883004               
2       12             0.005117692307883004               
3       10             0.005117692307883004               
9       14             0.005117692307883004               
15      18             0.005117692307882948               
19      20             0.005117692307882948               
16      18             0.005117692307882948               
16      22             0.005117692307882948               
18      21             0.005117692307882948               
1       10             0.005117692307882948               
3       11             0.005117692307882893               
15      17             0.005117692307882893               
15      19             0.005117692307882893               
15      20             0.005117692307882893               
17      20             0.005117692307882893               
18      20             0.005117692307882893               
18      22             0.005117692307882893               
19      22             0.005117692307882893               
21      22             0.005117692307882893               
1       4              0.005117692307882893               
8       12             0.005117692307882837               
1       11             0.005117692307882837               
2       11             0.005117692307882837               
6       11             0.005117692307882837               
8       10             0.005117692307882726               
5       11             0.005117692307882726               
8       9              0.005117692307882671               
4       5              0.005117692307882671               
1       2              0.00511769230788256                
4       6              0.005117692307882393               
8       11             0.005117692307882338               
10      12             0.005117692307882282               
9       10             0.00511769230788206                
9       12             0.00511769230788206                
4       13             0.005117692307881838               
10      11             0.005117692307881727               
9       11             0.005117692307881727               
4       8              0.005117692307881727               
4       14             0.005117692307881727               
11      12             0.005117692307880062               
1       23             -0.0491543877515801                
3       23             -0.0491543877515804                
1       7              -0.0491543877515804                
7       21             -0.04915438775158068               
7       15             -0.04915438775158071               
7       16             -0.04915438775158071               
7       22             -0.049154387751580736              
7       24             -0.049154387751580736              
13      23             -0.049154387751580764              
7       18             -0.049154387751580764              
7       20             -0.049154387751580764              
7       19             -0.04915438775158079               
3       7              -0.04915438775158079               
2       23             -0.04915438775158082               
7       17             -0.049154387751580875              
14      23             -0.04915438775158096               
5       23             -0.049154387751580986              
5       7              -0.049154387751580986              
6       7              -0.049154387751580986              
7       13             -0.049154387751580986              
7       14             -0.04915438775158104               
7       8              -0.04915438775158107               
4       23             -0.0491543877515811                
6       23             -0.04915438775158118               
17      23             -0.049154387751581236              
21      23             -0.04915438775158126               
18      23             -0.04915438775158129               
19      23             -0.04915438775158132               
20      23             -0.04915438775158132               
22      23             -0.04915438775158132               
16      23             -0.04915438775158132               
15      23             -0.04915438775158135               
2       7              -0.0491543877515814                
8       23             -0.04915438775158179               
23      24             -0.049154387751581846              
4       7              -0.049154387751581846              
12      23             -0.0491543877515819                
9       23             -0.049154387751581985              
10      23             -0.04915438775158204               
7       9              -0.04915438775158229               
7       12             -0.0491543877515824                
7       10             -0.049154387751582485              
11      23             -0.049154387751582596              
7       11             -0.04915438775158262               
