#======================================================================
# PARAMETERS USED FOR THIS COMPUTATION: 
#	Sequence type: RNA
#	Total number of sequences in alignment data: 3
#	Length of sequences in alignment data: 47
#	Value of sequence identity: 0.8
#	lambda_h: 9.200000000000001
#	lambda_J: 9.200000000000001
#	Number of gradient decent iterations: 500
# The First and Second columns represent sites and the
# Third column is PLMDCA Frobenius norm, average product corrected (APC) DCA score
#======================================================================
23      45             0.06299972946536922                
1       46             0.04781293189888113                
1       28             0.04781292730947284                
1       47             0.04781292591755118                
2       47             0.04781292186944564                
1       2              0.04781292047752409                
2       46             0.04781292040019512                
28      46             0.047812919781563275               
46      47             0.04781291838964161                
2       28             0.04781291581078658                
28      47             0.04781291380023322                
45      46             0.045127766236475894               
23      47             0.0451277600096857                 
45      47             0.04512775997102121                
1       23             0.045127758886934835               
1       45             0.04512775884827035                
23      46             0.0451277588245598                 
2       23             0.04512775418085634                
2       45             0.04512775414219185                
23      28             0.04512775368185597                
28      45             0.04512775364319147                
25      45             0.026926447316739602               
26      45             0.026926447316739602               
27      45             0.026926447316739602               
23      25             0.026926443623869842               
23      26             0.026926443623869842               
23      27             0.026926443623869842               
25      46             0.022170785623297176               
26      46             0.022170785623297176               
27      46             0.022170785623297176               
25      47             0.022170783129987194               
26      47             0.022170783129987194               
27      47             0.022170783129987194               
1       25             0.02217078196284794                
1       26             0.02217078196284794                
1       27             0.02217078196284794                
2       25             0.022170777365274397               
2       26             0.022170777365274397               
2       27             0.022170777365274397               
25      28             0.022170776846545844               
26      28             0.022170776846545844               
27      28             0.022170776846545844               
25      26             0.02001166325976921                
25      27             0.02001166325976921                
26      27             0.02001166325976921                
33      37             0.002396084146271439               
33      44             0.002396084146271439               
37      44             0.002396084146271439               
5       33             0.0023960840205813003              
5       37             0.0023960840205813003              
5       44             0.0023960840205813003              
8       33             0.0023960840205813003              
8       37             0.0023960840205813003              
8       44             0.0023960840205813003              
9       33             0.0023960840205813003              
9       37             0.0023960840205813003              
9       44             0.0023960840205813003              
11      33             0.0023960840205813003              
11      37             0.0023960840205813003              
11      44             0.0023960840205813003              
17      33             0.0023960840205813003              
17      37             0.0023960840205813003              
17      44             0.0023960840205813003              
21      33             0.0023960840205813003              
21      37             0.0023960840205813003              
21      44             0.0023960840205813003              
24      33             0.0023960840205813003              
24      37             0.0023960840205813003              
24      44             0.0023960840205813003              
5       8              0.0023960838948911684              
5       9              0.0023960838948911684              
5       11             0.0023960838948911684              
5       17             0.0023960838948911684              
5       21             0.0023960838948911684              
5       24             0.0023960838948911684              
8       9              0.0023960838948911684              
8       11             0.0023960838948911684              
8       17             0.0023960838948911684              
8       21             0.0023960838948911684              
8       24             0.0023960838948911684              
9       11             0.0023960838948911684              
9       17             0.0023960838948911684              
9       21             0.0023960838948911684              
9       24             0.0023960838948911684              
11      17             0.0023960838948911684              
11      21             0.0023960838948911684              
11      24             0.0023960838948911684              
17      21             0.0023960838948911684              
17      24             0.0023960838948911684              
21      24             0.0023960838948911684              
42      43             0.002396083479441126               
38      40             0.002396083228060862               
38      41             0.002396083228060862               
38      43             0.002396083228060862               
38      39             0.0023960831442674385              
29      30             0.002396083060474022               
32      34             0.0023960829766805844              
32      35             0.0023960829766805844              
32      36             0.0023960829766805844              
32      40             0.0023960829766805844              
32      41             0.0023960829766805844              
32      43             0.0023960829766805844              
29      31             0.0023960828928871677              
32      39             0.0023960828928871677              
29      34             0.002396082809093744               
29      35             0.002396082809093744               
29      36             0.002396082809093744               
29      40             0.002396082809093744               
29      41             0.002396082809093744               
29      43             0.002396082809093744               
29      39             0.0023960827253003206              
7       42             0.002396080256911362               
7       13             0.00239608013122123                
7       14             0.00239608013122123                
7       15             0.00239608013122123                
7       16             0.00239608013122123                
7       20             0.00239608013122123                
7       30             0.00239608013122123                
3       7              0.0023960800474278066              
4       7              0.0023960800474278066              
6       7              0.0023960800474278066              
7       10             0.0023960800474277996              
7       12             0.0023960800474277996              
7       18             0.0023960800474277996              
7       19             0.0023960800474277996              
7       22             0.0023960800474277996              
7       38             0.002396080005531105               
13      42             0.0023960800055310982              
14      42             0.0023960800055310982              
15      42             0.0023960800055310982              
16      42             0.0023960800055310982              
20      42             0.0023960800055310982              
30      42             0.0023960800055310982              
7       31             0.002396079963634383               
3       42             0.0023960799217376746              
4       42             0.0023960799217376746              
6       42             0.0023960799217376746              
10      42             0.0023960799217376746              
12      42             0.0023960799217376746              
18      42             0.0023960799217376746              
19      42             0.0023960799217376746              
22      42             0.0023960799217376746              
13      14             0.0023960798798409663              
13      15             0.0023960798798409663              
13      16             0.0023960798798409663              
13      20             0.0023960798798409663              
13      30             0.0023960798798409663              
14      15             0.0023960798798409663              
14      16             0.0023960798798409663              
14      20             0.0023960798798409663              
14      30             0.0023960798798409663              
15      16             0.0023960798798409663              
15      20             0.0023960798798409663              
15      30             0.0023960798798409663              
16      20             0.0023960798798409663              
16      30             0.0023960798798409663              
20      30             0.0023960798798409663              
38      42             0.0023960798798409663              
7       34             0.0023960798798409594              
7       35             0.0023960798798409594              
7       36             0.0023960798798409594              
7       40             0.0023960798798409594              
7       41             0.0023960798798409594              
7       43             0.0023960798798409594              
31      42             0.002396079837944251               
3       13             0.0023960797960475427              
3       14             0.0023960797960475427              
3       15             0.0023960797960475427              
3       16             0.0023960797960475427              
3       20             0.0023960797960475427              
3       30             0.0023960797960475427              
4       13             0.0023960797960475427              
4       14             0.0023960797960475427              
4       15             0.0023960797960475427              
4       16             0.0023960797960475427              
4       20             0.0023960797960475427              
4       30             0.0023960797960475427              
6       13             0.0023960797960475427              
6       14             0.0023960797960475427              
6       15             0.0023960797960475427              
6       16             0.0023960797960475427              
6       20             0.0023960797960475427              
6       30             0.0023960797960475427              
7       39             0.0023960797960475427              
10      13             0.0023960797960475427              
10      14             0.0023960797960475427              
10      15             0.0023960797960475427              
10      16             0.0023960797960475427              
10      20             0.0023960797960475427              
10      30             0.0023960797960475427              
12      13             0.0023960797960475427              
12      14             0.0023960797960475427              
12      15             0.0023960797960475427              
12      16             0.0023960797960475427              
12      20             0.0023960797960475427              
12      30             0.0023960797960475427              
18      20             0.0023960797960475427              
18      30             0.0023960797960475427              
19      20             0.0023960797960475427              
19      30             0.0023960797960475427              
22      30             0.0023960797960475427              
13      18             0.002396079796047536               
13      19             0.002396079796047536               
13      22             0.002396079796047536               
14      18             0.002396079796047536               
14      19             0.002396079796047536               
14      22             0.002396079796047536               
15      18             0.002396079796047536               
15      19             0.002396079796047536               
15      22             0.002396079796047536               
16      18             0.002396079796047536               
16      19             0.002396079796047536               
16      22             0.002396079796047536               
20      22             0.002396079796047536               
13      38             0.0023960797541508344              
14      38             0.0023960797541508344              
15      38             0.0023960797541508344              
16      38             0.0023960797541508344              
20      38             0.0023960797541508344              
30      38             0.0023960797541508344              
34      42             0.0023960797541508344              
35      42             0.0023960797541508344              
36      42             0.0023960797541508344              
40      42             0.0023960797541508344              
41      42             0.0023960797541508344              
7       32             0.0023960797541508205              
13      31             0.002396079712254119               
14      31             0.002396079712254119               
15      31             0.002396079712254119               
16      31             0.002396079712254119               
20      31             0.002396079712254119               
30      31             0.002396079712254119               
3       4              0.002396079712254112               
3       6              0.002396079712254112               
3       10             0.002396079712254112               
3       12             0.002396079712254112               
3       18             0.002396079712254112               
3       19             0.002396079712254112               
3       22             0.002396079712254112               
4       6              0.002396079712254112               
4       10             0.002396079712254112               
4       12             0.002396079712254112               
4       18             0.002396079712254112               
4       19             0.002396079712254112               
4       22             0.002396079712254112               
6       10             0.002396079712254112               
6       12             0.002396079712254112               
6       18             0.002396079712254112               
6       19             0.002396079712254112               
6       22             0.002396079712254112               
10      12             0.002396079712254112               
10      18             0.002396079712254112               
10      19             0.002396079712254112               
10      22             0.002396079712254112               
12      18             0.002396079712254112               
12      19             0.002396079712254112               
12      22             0.002396079712254112               
18      19             0.002396079712254112               
18      22             0.002396079712254112               
19      22             0.002396079712254112               
3       38             0.002396079670357411               
4       38             0.002396079670357411               
6       38             0.002396079670357411               
10      38             0.002396079670357411               
12      38             0.002396079670357411               
18      38             0.002396079670357411               
19      38             0.002396079670357411               
22      38             0.002396079670357411               
39      42             0.002396079670357411               
13      34             0.0023960796284606956              
13      35             0.0023960796284606956              
13      36             0.0023960796284606956              
13      40             0.0023960796284606956              
13      41             0.0023960796284606956              
13      43             0.0023960796284606956              
14      34             0.0023960796284606956              
14      35             0.0023960796284606956              
14      36             0.0023960796284606956              
14      40             0.0023960796284606956              
14      41             0.0023960796284606956              
14      43             0.0023960796284606956              
15      34             0.0023960796284606956              
15      35             0.0023960796284606956              
15      36             0.0023960796284606956              
15      40             0.0023960796284606956              
15      41             0.0023960796284606956              
15      43             0.0023960796284606956              
16      34             0.0023960796284606956              
16      35             0.0023960796284606956              
16      36             0.0023960796284606956              
16      40             0.0023960796284606956              
16      41             0.0023960796284606956              
16      43             0.0023960796284606956              
20      34             0.0023960796284606956              
20      35             0.0023960796284606956              
20      36             0.0023960796284606956              
20      40             0.0023960796284606956              
20      41             0.0023960796284606956              
20      43             0.0023960796284606956              
30      34             0.0023960796284606956              
30      35             0.0023960796284606956              
30      36             0.0023960796284606956              
30      40             0.0023960796284606956              
30      41             0.0023960796284606956              
30      43             0.0023960796284606956              
32      42             0.0023960796284606956              
3       31             0.0023960796284606886              
4       31             0.0023960796284606886              
6       31             0.0023960796284606886              
10      31             0.0023960796284606886              
12      31             0.0023960796284606886              
18      31             0.0023960796284606886              
19      31             0.0023960796284606886              
22      31             0.0023960796284606886              
31      38             0.0023960795865639872              
7       29             0.0023960795865639803              
3       34             0.002396079544667272               
3       35             0.002396079544667272               
3       36             0.002396079544667272               
3       40             0.002396079544667272               
3       41             0.002396079544667272               
3       43             0.002396079544667272               
4       34             0.002396079544667272               
4       35             0.002396079544667272               
4       36             0.002396079544667272               
4       40             0.002396079544667272               
4       41             0.002396079544667272               
4       43             0.002396079544667272               
6       34             0.002396079544667272               
6       35             0.002396079544667272               
6       36             0.002396079544667272               
6       40             0.002396079544667272               
6       41             0.002396079544667272               
6       43             0.002396079544667272               
10      34             0.002396079544667272               
10      35             0.002396079544667272               
10      36             0.002396079544667272               
10      40             0.002396079544667272               
10      41             0.002396079544667272               
10      43             0.002396079544667272               
12      34             0.002396079544667272               
12      35             0.002396079544667272               
12      36             0.002396079544667272               
12      40             0.002396079544667272               
12      41             0.002396079544667272               
12      43             0.002396079544667272               
13      39             0.002396079544667272               
14      39             0.002396079544667272               
15      39             0.002396079544667272               
16      39             0.002396079544667272               
18      34             0.002396079544667272               
18      35             0.002396079544667272               
18      36             0.002396079544667272               
18      40             0.002396079544667272               
18      41             0.002396079544667272               
18      43             0.002396079544667272               
19      34             0.002396079544667272               
19      35             0.002396079544667272               
19      36             0.002396079544667272               
19      40             0.002396079544667272               
19      41             0.002396079544667272               
19      43             0.002396079544667272               
20      39             0.002396079544667272               
22      34             0.002396079544667272               
22      35             0.002396079544667272               
22      36             0.002396079544667272               
22      40             0.002396079544667272               
22      41             0.002396079544667272               
22      43             0.002396079544667272               
30      39             0.002396079544667272               
34      38             0.0023960795027705706              
35      38             0.0023960795027705706              
36      38             0.0023960795027705706              
13      32             0.0023960795027705567              
14      32             0.0023960795027705567              
15      32             0.0023960795027705567              
16      32             0.0023960795027705567              
20      32             0.0023960795027705567              
30      32             0.0023960795027705567              
29      42             0.0023960794608738553              
3       39             0.0023960794608738484              
4       39             0.0023960794608738484              
6       39             0.0023960794608738484              
10      39             0.0023960794608738484              
12      39             0.0023960794608738484              
18      39             0.0023960794608738484              
19      39             0.0023960794608738484              
22      39             0.0023960794608738484              
31      34             0.0023960794608738484              
31      35             0.0023960794608738484              
31      36             0.0023960794608738484              
31      40             0.0023960794608738484              
31      41             0.0023960794608738484              
31      43             0.0023960794608738484              
3       32             0.002396079418977133               
4       32             0.002396079418977133               
6       32             0.002396079418977133               
10      32             0.002396079418977133               
12      32             0.002396079418977133               
18      32             0.002396079418977133               
19      32             0.002396079418977133               
22      32             0.002396079418977133               
32      38             0.0023960793770804317              
34      35             0.0023960793770804317              
34      36             0.0023960793770804317              
34      40             0.0023960793770804317              
34      41             0.0023960793770804317              
34      43             0.0023960793770804317              
35      36             0.0023960793770804317              
35      40             0.0023960793770804317              
35      41             0.0023960793770804317              
35      43             0.0023960793770804317              
36      40             0.0023960793770804317              
36      41             0.0023960793770804317              
36      43             0.0023960793770804317              
40      41             0.0023960793770804317              
40      43             0.0023960793770804317              
41      43             0.0023960793770804317              
31      39             0.002396079377080425               
13      29             0.0023960793351837165              
14      29             0.0023960793351837165              
15      29             0.0023960793351837165              
16      29             0.0023960793351837165              
20      29             0.0023960793351837165              
31      32             0.0023960793351837026              
34      39             0.002396079293287008               
35      39             0.002396079293287008               
36      39             0.002396079293287008               
39      40             0.002396079293287001               
39      41             0.002396079293287001               
39      43             0.002396079293287001               
3       29             0.002396079251390286               
4       29             0.002396079251390286               
6       29             0.002396079251390286               
10      29             0.002396079251390286               
12      29             0.002396079251390286               
18      29             0.002396079251390286               
19      29             0.002396079251390286               
22      29             0.002396079251390286               
29      38             0.0023960792094935845              
29      32             0.002396078958113307               
7       33             0.0023960785391462028              
7       37             0.0023960785391462028              
7       44             0.0023960785391462028              
5       7              0.002396078413456071               
7       8              0.002396078413456071               
7       9              0.002396078413456071               
7       11             0.002396078413456071               
7       17             0.002396078413456071               
7       21             0.002396078413456071               
7       24             0.002396078413456071               
33      42             0.002396078413456071               
37      42             0.002396078413456071               
42      44             0.002396078413456064               
5       42             0.002396078287765939               
8       42             0.002396078287765939               
9       42             0.002396078287765939               
11      42             0.002396078287765939               
17      42             0.002396078287765939               
21      42             0.002396078287765939               
24      42             0.002396078287765939               
13      33             0.002396078287765932               
13      37             0.002396078287765932               
13      44             0.002396078287765932               
14      33             0.002396078287765932               
14      37             0.002396078287765932               
14      44             0.002396078287765932               
15      33             0.002396078287765932               
15      37             0.002396078287765932               
15      44             0.002396078287765932               
16      33             0.002396078287765932               
16      37             0.002396078287765932               
16      44             0.002396078287765932               
20      33             0.002396078287765932               
20      37             0.002396078287765932               
20      44             0.002396078287765932               
30      33             0.002396078287765932               
30      37             0.002396078287765932               
30      44             0.002396078287765932               
3       33             0.0023960782039725015              
3       37             0.0023960782039725015              
3       44             0.0023960782039725015              
4       33             0.0023960782039725015              
4       37             0.0023960782039725015              
4       44             0.0023960782039725015              
6       33             0.0023960782039725015              
6       37             0.0023960782039725015              
6       44             0.0023960782039725015              
10      33             0.0023960782039725015              
10      37             0.0023960782039725015              
10      44             0.0023960782039725015              
12      33             0.0023960782039725015              
12      37             0.0023960782039725015              
12      44             0.0023960782039725015              
18      33             0.0023960782039725015              
18      37             0.0023960782039725015              
18      44             0.0023960782039725015              
19      33             0.0023960782039725015              
19      37             0.0023960782039725015              
19      44             0.0023960782039725015              
22      33             0.0023960782039725015              
22      37             0.0023960782039725015              
22      44             0.0023960782039725015              
5       13             0.0023960781620758                 
5       14             0.0023960781620758                 
5       15             0.0023960781620758                 
5       16             0.0023960781620758                 
5       20             0.0023960781620758                 
5       30             0.0023960781620758                 
8       13             0.0023960781620758                 
8       14             0.0023960781620758                 
8       15             0.0023960781620758                 
8       16             0.0023960781620758                 
8       20             0.0023960781620758                 
8       30             0.0023960781620758                 
9       13             0.0023960781620758                 
9       14             0.0023960781620758                 
9       15             0.0023960781620758                 
9       16             0.0023960781620758                 
9       20             0.0023960781620758                 
9       30             0.0023960781620758                 
11      13             0.0023960781620758                 
11      14             0.0023960781620758                 
11      15             0.0023960781620758                 
11      16             0.0023960781620758                 
11      20             0.0023960781620758                 
11      30             0.0023960781620758                 
13      17             0.0023960781620758                 
13      21             0.0023960781620758                 
13      24             0.0023960781620758                 
14      17             0.0023960781620758                 
14      21             0.0023960781620758                 
14      24             0.0023960781620758                 
15      17             0.0023960781620758                 
15      21             0.0023960781620758                 
15      24             0.0023960781620758                 
16      17             0.0023960781620758                 
16      21             0.0023960781620758                 
16      24             0.0023960781620758                 
17      20             0.0023960781620758                 
17      30             0.0023960781620758                 
20      21             0.0023960781620758                 
20      24             0.0023960781620758                 
21      30             0.0023960781620758                 
24      30             0.0023960781620758                 
33      38             0.0023960781620758                 
37      38             0.0023960781620758                 
38      44             0.002396078162075793               
31      33             0.002396078120179078               
31      37             0.002396078120179078               
31      44             0.002396078120179078               
3       5              0.0023960780782823696              
3       8              0.0023960780782823696              
3       9              0.0023960780782823696              
3       11             0.0023960780782823696              
3       17             0.0023960780782823696              
3       21             0.0023960780782823696              
3       24             0.0023960780782823696              
4       5              0.0023960780782823696              
4       8              0.0023960780782823696              
4       9              0.0023960780782823696              
4       11             0.0023960780782823696              
4       17             0.0023960780782823696              
4       21             0.0023960780782823696              
4       24             0.0023960780782823696              
5       6              0.0023960780782823696              
5       10             0.0023960780782823696              
5       12             0.0023960780782823696              
5       18             0.0023960780782823696              
5       19             0.0023960780782823696              
5       22             0.0023960780782823696              
6       8              0.0023960780782823696              
6       9              0.0023960780782823696              
6       11             0.0023960780782823696              
6       17             0.0023960780782823696              
6       21             0.0023960780782823696              
6       24             0.0023960780782823696              
8       10             0.0023960780782823696              
8       12             0.0023960780782823696              
8       18             0.0023960780782823696              
8       19             0.0023960780782823696              
8       22             0.0023960780782823696              
9       10             0.0023960780782823696              
9       12             0.0023960780782823696              
9       18             0.0023960780782823696              
9       19             0.0023960780782823696              
9       22             0.0023960780782823696              
10      11             0.0023960780782823696              
10      17             0.0023960780782823696              
10      21             0.0023960780782823696              
10      24             0.0023960780782823696              
11      12             0.0023960780782823696              
11      18             0.0023960780782823696              
11      19             0.0023960780782823696              
11      22             0.0023960780782823696              
12      17             0.0023960780782823696              
12      21             0.0023960780782823696              
12      24             0.0023960780782823696              
17      18             0.0023960780782823696              
17      19             0.0023960780782823696              
17      22             0.0023960780782823696              
18      21             0.0023960780782823696              
18      24             0.0023960780782823696              
19      21             0.0023960780782823696              
19      24             0.0023960780782823696              
21      22             0.0023960780782823696              
22      24             0.0023960780782823696              
5       38             0.002396078036385668               
8       38             0.002396078036385668               
9       38             0.002396078036385668               
11      38             0.002396078036385668               
17      38             0.002396078036385668               
21      38             0.002396078036385668               
24      38             0.002396078036385668               
33      34             0.0023960780363856543              
33      35             0.0023960780363856543              
33      36             0.0023960780363856543              
33      40             0.0023960780363856543              
33      41             0.0023960780363856543              
33      43             0.0023960780363856543              
34      37             0.0023960780363856543              
34      44             0.0023960780363856543              
35      37             0.0023960780363856543              
35      44             0.0023960780363856543              
36      37             0.0023960780363856543              
36      44             0.0023960780363856543              
37      40             0.0023960780363856543              
37      41             0.0023960780363856543              
37      43             0.0023960780363856543              
40      44             0.0023960780363856543              
41      44             0.0023960780363856543              
43      44             0.0023960780363856543              
5       31             0.002396077994488946               
8       31             0.002396077994488946               
9       31             0.002396077994488946               
11      31             0.002396077994488946               
17      31             0.002396077994488946               
21      31             0.002396077994488946               
24      31             0.002396077994488946               
33      39             0.0023960779525922307              
37      39             0.0023960779525922307              
39      44             0.0023960779525922307              
5       34             0.0023960779106955224              
5       35             0.0023960779106955224              
5       36             0.0023960779106955224              
5       40             0.0023960779106955224              
5       41             0.0023960779106955224              
5       43             0.0023960779106955224              
8       34             0.0023960779106955224              
8       35             0.0023960779106955224              
8       36             0.0023960779106955224              
8       40             0.0023960779106955224              
8       41             0.0023960779106955224              
8       43             0.0023960779106955224              
9       34             0.0023960779106955224              
9       35             0.0023960779106955224              
9       36             0.0023960779106955224              
9       40             0.0023960779106955224              
9       41             0.0023960779106955224              
9       43             0.0023960779106955224              
11      34             0.0023960779106955224              
11      35             0.0023960779106955224              
11      36             0.0023960779106955224              
11      40             0.0023960779106955224              
11      41             0.0023960779106955224              
11      43             0.0023960779106955224              
17      34             0.0023960779106955224              
17      35             0.0023960779106955224              
17      36             0.0023960779106955224              
17      40             0.0023960779106955224              
17      41             0.0023960779106955224              
17      43             0.0023960779106955224              
21      34             0.0023960779106955224              
21      35             0.0023960779106955224              
21      36             0.0023960779106955224              
21      40             0.0023960779106955224              
21      41             0.0023960779106955224              
21      43             0.0023960779106955224              
24      34             0.0023960779106955224              
24      35             0.0023960779106955224              
24      36             0.0023960779106955224              
24      40             0.0023960779106955224              
24      41             0.0023960779106955224              
24      43             0.0023960779106955224              
32      33             0.0023960779106955085              
32      37             0.0023960779106955085              
32      44             0.0023960779106955085              
5       39             0.002396077826902099               
8       39             0.002396077826902099               
9       39             0.002396077826902099               
11      39             0.002396077826902099               
17      39             0.002396077826902099               
21      39             0.002396077826902099               
24      39             0.002396077826902099               
5       32             0.0023960777850053766              
8       32             0.0023960777850053766              
9       32             0.0023960777850053766              
11      32             0.0023960777850053766              
17      32             0.0023960777850053766              
21      32             0.0023960777850053766              
24      32             0.0023960777850053766              
29      33             0.0023960777431086613              
29      37             0.0023960777431086613              
29      44             0.0023960777431086613              
5       29             0.0023960776174185294              
8       29             0.0023960776174185294              
9       29             0.0023960776174185294              
11      29             0.0023960776174185294              
17      29             0.0023960776174185294              
21      29             0.0023960776174185294              
24      29             0.0023960776174185294              
25      30             -0.005711980597915674              
26      30             -0.005711980597915674              
27      30             -0.005711980597915674              
13      25             -0.005711980597915681              
13      26             -0.005711980597915681              
13      27             -0.005711980597915681              
14      25             -0.005711980597915681              
14      26             -0.005711980597915681              
14      27             -0.005711980597915681              
15      25             -0.005711980597915681              
15      26             -0.005711980597915681              
15      27             -0.005711980597915681              
16      25             -0.005711980597915681              
16      26             -0.005711980597915681              
16      27             -0.005711980597915681              
20      25             -0.005711980597915681              
20      26             -0.005711980597915681              
20      27             -0.005711980597915681              
3       25             -0.005711980662756751              
3       26             -0.005711980662756751              
3       27             -0.005711980662756751              
4       25             -0.005711980662756751              
4       26             -0.005711980662756751              
4       27             -0.005711980662756751              
6       25             -0.005711980662756751              
6       26             -0.005711980662756751              
6       27             -0.005711980662756751              
10      25             -0.005711980662756751              
10      26             -0.005711980662756751              
10      27             -0.005711980662756751              
12      25             -0.005711980662756751              
12      26             -0.005711980662756751              
12      27             -0.005711980662756751              
18      25             -0.005711980662756751              
18      26             -0.005711980662756751              
18      27             -0.005711980662756751              
19      25             -0.005711980662756751              
19      26             -0.005711980662756751              
19      27             -0.005711980662756751              
22      25             -0.005711980662756751              
22      26             -0.005711980662756751              
22      27             -0.005711980662756751              
25      31             -0.005711980727597814              
26      31             -0.005711980727597814              
27      31             -0.005711980727597814              
25      34             -0.005711980792438884              
25      35             -0.005711980792438884              
25      36             -0.005711980792438884              
25      40             -0.005711980792438884              
25      41             -0.005711980792438884              
25      43             -0.005711980792438884              
26      34             -0.005711980792438884              
26      35             -0.005711980792438884              
26      36             -0.005711980792438884              
26      40             -0.005711980792438884              
26      41             -0.005711980792438884              
26      43             -0.005711980792438884              
27      34             -0.005711980792438884              
27      35             -0.005711980792438884              
27      36             -0.005711980792438884              
27      40             -0.005711980792438884              
27      41             -0.005711980792438884              
27      43             -0.005711980792438884              
25      39             -0.005711980857279954              
26      39             -0.005711980857279954              
27      39             -0.005711980857279954              
5       25             -0.005711981927157599              
5       26             -0.005711981927157599              
5       27             -0.005711981927157599              
8       25             -0.005711981927157599              
8       26             -0.005711981927157599              
8       27             -0.005711981927157599              
9       25             -0.005711981927157599              
9       26             -0.005711981927157599              
9       27             -0.005711981927157599              
11      25             -0.005711981927157599              
11      26             -0.005711981927157599              
11      27             -0.005711981927157599              
17      25             -0.005711981927157599              
17      26             -0.005711981927157599              
17      27             -0.005711981927157599              
21      25             -0.005711981927157599              
21      26             -0.005711981927157599              
21      27             -0.005711981927157599              
24      25             -0.005711981927157599              
24      26             -0.005711981927157599              
24      27             -0.005711981927157599              
7       25             -0.00571198226603762               
7       26             -0.00571198226603762               
7       27             -0.00571198226603762               
25      42             -0.005711982363299221              
26      42             -0.005711982363299221              
27      42             -0.005711982363299221              
25      38             -0.0057119825578224245             
26      38             -0.0057119825578224245             
27      38             -0.0057119825578224245             
25      32             -0.0057119827523456415             
26      32             -0.0057119827523456415             
27      32             -0.0057119827523456415             
25      29             -0.005711982882027775              
26      29             -0.005711982882027775              
27      29             -0.005711982882027775              
25      33             -0.005711983692541146              
25      37             -0.005711983692541146              
25      44             -0.005711983692541146              
26      33             -0.005711983692541146              
26      37             -0.005711983692541146              
26      44             -0.005711983692541146              
27      33             -0.005711983692541146              
27      37             -0.005711983692541146              
27      44             -0.005711983692541146              
2       3              -0.009454199406001347              
2       4              -0.009454199406001347              
2       6              -0.009454199406001347              
2       10             -0.009454199406001347              
2       12             -0.009454199406001347              
2       18             -0.009454199406001347              
2       19             -0.009454199406001347              
2       22             -0.009454199406001347              
2       31             -0.009454199483330324              
2       34             -0.009454199560659293              
2       35             -0.009454199560659293              
2       36             -0.009454199560659293              
2       39             -0.009454199637988263              
7       28             -0.009454199767032823              
13      28             -0.009454199999019752              
14      28             -0.009454199999019752              
15      28             -0.009454199999019752              
16      28             -0.009454199999019752              
20      28             -0.009454199999019752              
3       28             -0.009454200076348729              
4       28             -0.009454200076348729              
6       28             -0.009454200076348729              
10      28             -0.009454200076348729              
12      28             -0.009454200076348729              
18      28             -0.009454200076348729              
19      28             -0.009454200076348729              
22      28             -0.009454200076348729              
28      31             -0.009454200153677705              
28      34             -0.009454200231006675              
28      35             -0.009454200231006675              
28      36             -0.009454200231006675              
28      40             -0.009454200231006675              
28      41             -0.009454200231006675              
28      39             -0.009454200308335652              
1       33             -0.00945420075954332               
1       37             -0.00945420075954332               
1       44             -0.00945420075954332               
2       33             -0.00945420079792289               
2       37             -0.00945420079792289               
2       44             -0.00945420079792289               
33      46             -0.009454200843336737              
37      46             -0.009454200843336737              
44      46             -0.009454200843336737              
1       5              -0.009454200875536792              
1       8              -0.009454200875536792              
1       9              -0.009454200875536792              
1       11             -0.009454200875536792              
1       17             -0.009454200875536792              
1       21             -0.009454200875536792              
1       24             -0.009454200875536792              
2       5              -0.009454200913916348              
2       8              -0.009454200913916348              
2       9              -0.009454200913916348              
2       11             -0.009454200913916348              
2       17             -0.009454200913916348              
2       21             -0.009454200913916348              
2       24             -0.009454200913916348              
5       46             -0.009454200959330208              
8       46             -0.009454200959330208              
9       46             -0.009454200959330208              
11      46             -0.009454200959330208              
17      46             -0.009454200959330208              
21      46             -0.009454200959330208              
24      46             -0.009454200959330208              
7       47             -0.009454201275314426              
42      47             -0.009454201391307891              
28      33             -0.009454201468270293              
28      37             -0.009454201468270293              
28      44             -0.009454201468270293              
13      47             -0.009454201507301356              
14      47             -0.009454201507301356              
15      47             -0.009454201507301356              
16      47             -0.009454201507301356              
20      47             -0.009454201507301356              
30      47             -0.009454201507301356              
5       28             -0.00945420158426375               
8       28             -0.00945420158426375               
9       28             -0.00945420158426375               
11      28             -0.00945420158426375               
17      28             -0.00945420158426375               
21      28             -0.00945420158426375               
24      28             -0.00945420158426375               
3       47             -0.00945420158463034               
4       47             -0.00945420158463034               
6       47             -0.00945420158463034               
10      47             -0.00945420158463034               
12      47             -0.00945420158463034               
18      47             -0.00945420158463034               
19      47             -0.00945420158463034               
22      47             -0.00945420158463034               
38      47             -0.009454201623294821              
31      47             -0.009454201661959316              
34      47             -0.009454201739288293              
35      47             -0.009454201739288293              
36      47             -0.009454201739288293              
40      47             -0.009454201739288293              
41      47             -0.009454201739288293              
43      47             -0.009454201739288293              
39      47             -0.00945420181661727               
32      47             -0.009454201855281764              
29      47             -0.009454202009939718              
1       7              -0.00945420278359603               
2       7              -0.009454202821975746              
7       46             -0.009454202867389447              
1       42             -0.009454202899589502              
2       42             -0.009454202937969211              
33      47             -0.009454202976551945              
37      47             -0.009454202976551945              
44      47             -0.009454202976551945              
42      46             -0.009454202983382919              
1       13             -0.009454203015582967              
1       14             -0.009454203015582967              
1       15             -0.009454203015582967              
1       16             -0.009454203015582967              
1       20             -0.009454203015582967              
1       30             -0.009454203015582967              
2       13             -0.009454203053962669              
2       14             -0.009454203053962669              
2       15             -0.009454203053962669              
2       16             -0.009454203053962669              
2       20             -0.009454203053962669              
2       30             -0.009454203053962669              
5       47             -0.009454203092545417              
8       47             -0.009454203092545417              
9       47             -0.009454203092545417              
11      47             -0.009454203092545417              
17      47             -0.009454203092545417              
21      47             -0.009454203092545417              
24      47             -0.009454203092545417              
1       3              -0.009454203092911957              
1       4              -0.009454203092911957              
1       6              -0.009454203092911957              
1       10             -0.009454203092911957              
1       12             -0.009454203092911957              
1       18             -0.009454203092911957              
1       19             -0.009454203092911957              
1       22             -0.009454203092911957              
13      46             -0.00945420309937639               
14      46             -0.00945420309937639               
15      46             -0.00945420309937639               
16      46             -0.00945420309937639               
20      46             -0.00945420309937639               
30      46             -0.00945420309937639               
1       38             -0.009454203131576439              
2       38             -0.009454203169956127              
1       31             -0.009454203170240934              
3       46             -0.009454203176705374              
4       46             -0.009454203176705374              
6       46             -0.009454203176705374              
10      46             -0.009454203176705374              
12      46             -0.009454203176705374              
18      46             -0.009454203176705374              
19      46             -0.009454203176705374              
22      46             -0.009454203176705374              
38      46             -0.009454203215369862              
1       34             -0.009454203247569917              
1       35             -0.009454203247569917              
1       36             -0.009454203247569917              
1       40             -0.009454203247569917              
1       41             -0.009454203247569917              
1       43             -0.009454203247569917              
31      46             -0.009454203254034357              
2       40             -0.009454203285949592              
2       41             -0.009454203285949592              
2       43             -0.009454203285949592              
1       39             -0.009454203324898894              
34      46             -0.009454203331363334              
35      46             -0.009454203331363334              
36      46             -0.009454203331363334              
40      46             -0.009454203331363334              
41      46             -0.009454203331363334              
43      46             -0.009454203331363334              
1       32             -0.009454203363563389              
2       32             -0.009454203401943057              
39      46             -0.00945420340869231               
32      46             -0.009454203447356806              
1       29             -0.009454203518221349              
2       29             -0.009454203556601003              
29      46             -0.009454203602014766              
28      42             -0.009454203608316586              
28      30             -0.009454203724310044              
28      38             -0.009454203840303509              
28      43             -0.009454203956296973              
28      32             -0.009454204072290445              
28      29             -0.009454204226948391              
23      42             -0.01018246727031278               
42      45             -0.010182467312209495              
13      23             -0.010182467363875347              
14      23             -0.010182467363875347              
15      23             -0.010182467363875347              
16      23             -0.010182467363875347              
20      23             -0.010182467363875347              
23      30             -0.010182467363875347              
13      45             -0.010182467405772062              
14      45             -0.010182467405772062              
15      45             -0.010182467405772062              
16      45             -0.010182467405772062              
20      45             -0.010182467405772062              
30      45             -0.010182467405772062              
3       23             -0.010182467426250397              
4       23             -0.010182467426250397              
6       23             -0.010182467426250397              
10      23             -0.010182467426250397              
12      23             -0.010182467426250397              
18      23             -0.010182467426250397              
19      23             -0.010182467426250397              
22      23             -0.010182467426250397              
23      38             -0.010182467457437915              
3       45             -0.010182467468147112              
4       45             -0.010182467468147112              
6       45             -0.010182467468147112              
10      45             -0.010182467468147112              
12      45             -0.010182467468147112              
18      45             -0.010182467468147112              
19      45             -0.010182467468147112              
22      45             -0.010182467468147112              
23      31             -0.010182467488625446              
38      45             -0.010182467499334637              
31      45             -0.010182467530522162              
23      34             -0.010182467551000489              
23      35             -0.010182467551000489              
23      36             -0.010182467551000489              
23      40             -0.010182467551000489              
23      41             -0.010182467551000489              
23      43             -0.010182467551000489              
34      45             -0.010182467592897204              
35      45             -0.010182467592897204              
36      45             -0.010182467592897204              
40      45             -0.010182467592897204              
41      45             -0.010182467592897204              
43      45             -0.010182467592897204              
23      39             -0.010182467613375538              
23      32             -0.01018246764456307               
39      45             -0.010182467655272254              
32      45             -0.010182467686459785              
23      29             -0.010182467769313162              
29      45             -0.010182467811209878              
23      33             -0.010182468549001261              
23      37             -0.010182468549001261              
23      44             -0.010182468549001261              
5       23             -0.010182468642563829              
8       23             -0.010182468642563829              
9       23             -0.010182468642563829              
11      23             -0.010182468642563829              
17      23             -0.010182468642563829              
21      23             -0.010182468642563829              
23      24             -0.010182468642563829              
7       45             -0.01018246908129207               
33      45             -0.010182470453543126              
37      45             -0.010182470453543126              
44      45             -0.010182470453543126              
5       45             -0.010182470547105693              
8       45             -0.010182470547105693              
9       45             -0.010182470547105693              
11      45             -0.010182470547105693              
17      45             -0.010182470547105693              
21      45             -0.010182470547105693              
24      45             -0.010182470547105693              
7       23             -0.01018247090204051               
