#======================================================================
# PARAMETERS USED FOR THIS COMPUTATION: 
#	Sequence type: RNA
#	Total number of sequences in alignment data: 111
#	Length of sequences in alignment data: 35
#	Value of sequence identity: 0.8
#	lambda_h: 6.800000000000001
#	lambda_J: 6.800000000000001
#	Number of gradient decent iterations: 500
# The First and Second columns represent sites and the
# Third column is PLMDCA Frobenius norm, average product corrected (APC) DCA score
#======================================================================
11      22             0.12229978512013545                
13      20             0.1134159876315238                 
3       33             0.09307686477986175                
13      30             0.08876881217250226                
20      30             0.08840386331545473                
21      30             0.08649687514659536                
14      19             0.08291384878109649                
12      28             0.08181865649451799                
12      33             0.07093628287214543                
3       12             0.07054248026274502                
20      21             0.07047957750639428                
13      21             0.07030458968909328                
7       12             0.06981770151811907                
12      21             0.06842749163921172                
3       21             0.0665137848983168                 
21      33             0.06644842722821954                
7       28             0.06332517898532099                
17      18             0.062022071629685704               
13      28             0.05714602973707292                
20      28             0.054497476588832236               
12      20             0.05391447690131439                
13      19             0.047948608852600536               
15      16             0.0470215349010829                 
12      13             0.04401061655130123                
7       13             0.04215704702305899                
13      14             0.04101377700145736                
19      20             0.038310168583151685               
16      17             0.03637118901566096                
15      21             0.036053473630641666               
12      30             0.035045920349188936               
18      22             0.034009961786866744               
13      16             0.0338173104164278                 
11      17             0.033473211713431                  
17      22             0.03333932618369993                
16      18             0.0332878576629181                 
19      21             0.032370795820266                  
28      30             0.03150704478723507                
7       30             0.0312517738858553                 
22      28             0.031063110893419135               
7       15             0.031040030763243                  
12      22             0.03096752760166044                
7       16             0.03093867914423034                
15      30             0.030612882242999552               
14      20             0.02950631394723645                
11      18             0.02908753258886955                
13      15             0.029060414222722167               
22      33             0.0287136520211399                 
3       22             0.02855071701648576                
11      33             0.028133358521122614               
3       11             0.027866393291058722               
12      15             0.027299747911198054               
30      33             0.027084495429855096               
15      19             0.025816549641676644               
3       30             0.025708177160863502               
11      12             0.025436791146000032               
7       22             0.02504563010266124                
11      28             0.02394032111524784                
16      21             0.0224203040224627                 
11      21             0.022059284900762574               
13      22             0.021030511150773923               
21      22             0.019744732908944282               
19      30             0.01874995879482988                
11      20             0.018268965921003064               
11      13             0.017964833531128127               
7       11             0.017776490550237042               
9       32             0.017227827361310566               
9       29             0.017227827082486033               
23      32             0.017227826915191327               
23      29             0.017227826636366794               
9       25             0.017227824684595036               
23      25             0.017227824238475797               
29      32             0.017227823033564585               
4       32             0.017227821695206896               
4       29             0.017227821416382377               
25      32             0.017227820635673713               
25      29             0.017227820356849194               
4       25             0.017227819018491436               
4       9              0.017227818293547678               
4       23             0.01722781784742844                
9       23             0.017227816062951415               
25      27             0.01713805553946325                
27      32             0.017138050753687434               
27      29             0.017138050476103603               
4       27             0.01713804914370122                
9       27             0.01713804736716469                
23      27             0.01713804692303056                
2       32             0.0171344871544096                 
2       29             0.017134486876912894               
2       4              0.017134485544928718               
2       25             0.017134484490441235               
2       9              0.0171344837689498                 
2       23             0.01713448332495507                
6       32             0.017046154838274152               
6       29             0.01704615456197965                
4       6              0.017046153235766068               
6       9              0.017046151467481258               
6       25             0.017046144735266347               
6       23             0.01704614357482946                
2       27             0.017037664093721802               
8       25             0.01695293151586283                
8       23             0.01695293036068872                
8       9              0.016952923350174454               
4       8              0.016952917659859193               
8       32             0.01695290435393844                
8       29             0.01695290407889699                
6       27             0.016940987309813096               
2       6              0.016939015624741982               
25      26             0.016921237871733816               
9       26             0.016921237155910734               
23      26             0.016921236715404228               
26      32             0.016921233064192256               
26      29             0.016921232788875695               
4       26             0.016921231467356176               
1       32             0.016882022153957357               
1       29             0.016882021877628633               
1       4              0.01688202055125075                
1       25             0.01688201950120158                
1       9              0.016882018782746894               
1       23             0.016882018340620933               
9       34             0.016861538267212567               
23      34             0.01686153782887423                
32      34             0.016861534158961786               
29      34             0.016861533885000307               
4       34             0.016861532569985307               
25      34             0.01686153152893176                
14      15             0.016846087723272327               
8       27             0.0168412861304732                 
2       8              0.016837224265920783               
5       32             0.016836509862688073               
5       29             0.016836509589651258               
4       5              0.016836508279074486               
5       25             0.016836507241534543               
5       9              0.016836506531638804               
5       23             0.01683650609477988                
26      27             0.016811010553658634               
2       26             0.016806114019691676               
4       31             0.01680025248463797                
25      31             0.01680025143773338                
9       31             0.016800250721430238               
23      31             0.016800250280628315               
31      32             0.01680024663196436                
29      31             0.016800246356463155               
1       27             0.0167764915311594                 
1       2              0.016773576377757143               
27      34             0.016741592353977833               
2       34             0.01674083355993744                
6       8              0.016726778471818624               
5       27             0.01671569434712604                
2       5              0.01671068879159794                
6       26             0.016695571490617137               
27      31             0.016688157075084878               
2       31             0.01668692618975065                
16      20             0.01668382858122988                
1       6              0.016668948894158847               
6       34             0.016621335177054206               
5       6              0.016592964730056503               
24      32             0.016587826417297905               
24      29             0.016587826145455106               
4       24             0.01658782484060964                
24      25             0.01658782380760697                
9       24             0.01658782310081569                
23      24             0.016587822665867197               
8       26             0.016581346722026866               
6       31             0.016574130069310314               
1       8              0.016563391276391462               
1       26             0.01653227245232554                
8       34             0.016502322830438426               
26      34             0.01646844554577917                
5       8              0.016466764926612407               
8       31             0.016464805489289344               
24      27             0.01645486856836989                
1       34             0.016453854515102617               
2       24             0.016452300087211824               
5       26             0.016436892674515535               
26      31             0.016429814099931522               
1       5              0.016428650004266562               
1       31             0.016408232389711536               
31      34             0.0163497937854057                 
5       34             0.016348742681297962               
6       24             0.016319995105983753               
5       31             0.016319151168460513               
20      22             0.016218105828877602               
8       24             0.01618496229788635                
24      26             0.016153605422663517               
1       24             0.01615352767066852                
10      23             0.01611720141411732                
10      25             0.016117195099423998               
9       10             0.016117194396255696               
10      32             0.016117190245157176               
10      29             0.016117189974707832               
4       10             0.016117188676550945               
24      34             0.016051465778810226               
24      31             0.016035359815587208               
5       24             0.01601461308614062                
10      27             0.01597008820180916                
2       10             0.015966498571829912               
15      20             0.015927680040209377               
6       10             0.015822155304830762               
8       10             0.015680345920860775               
1       10             0.0156535116647296                 
10      26             0.015643993739801396               
10      34             0.015526862229700233               
10      31             0.015523326003283044               
5       10             0.015497059390345846               
19      35             0.015487274112246194               
14      21             0.015161997793027099               
10      24             0.015149520426758212               
1       35             0.011535114736401633               
11      16             0.010868846026349188               
16      30             0.01065844030969685                
15      18             0.01012791101780438                
15      28             0.010041471675918567               
18      33             0.010036932894214576               
4       35             0.009860110543771075               
25      35             0.009860109557807                  
9       35             0.009860108883200006               
23      35             0.009860108468057238               
32      35             0.009860104598083008               
29      35             0.009860104338618766               
16      22             0.009837433568848163               
17      33             0.00981915654736909                
2       35             0.009623858621511092               
27      35             0.009609892406355278               
6       35             0.00935569577083871                
3       18             0.00935090112675517                
8       35             0.0091183547392681                 
3       17             0.009104122089347147               
26      35             0.009091843188037046               
14      30             0.008997085053912696               
31      35             0.008972177832698242               
14      35             0.008896988451795401               
34      35             0.008874485836770335               
17      21             0.008822193910416574               
5       35             0.00880873660039054                
24      35             0.00832128590335586                
10      35             0.007620198615592946               
12      16             0.007532138780989066               
18      21             0.007229245373087452               
7       20             0.006233861447703909               
15      22             0.0056831150852978615              
13      33             0.0054751277422623035              
11      15             0.004727681411208731               
15      17             0.004698860600029817               
3       13             0.004296611873372699               
20      33             0.003135878218904667               
3       20             0.0026557199735315062              
13      35             0.00034991214941171994             
16      19             -3.688763107544124e-05             
28      35             -9.245633630092231e-05             
13      18             -0.00021682317855854089            
14      32             -0.0003103993593090021             
14      29             -0.00031039961718654085            
4       14             -0.00031040085499872694            
14      25             -0.000310401834933402              
9       14             -0.00031040250541498893            
14      23             -0.00031040291801906483            
13      17             -0.00031888044079739913            
14      27             -0.0006967570059893541             
2       14             -0.0007264075639725476             
6       14             -0.0011120255480291524             
1       14             -0.0013382296685592737             
14      26             -0.0014984955432961466             
8       14             -0.001506898412396554              
12      17             -0.0016466044585070963             
14      31             -0.0016538690577608262             
14      34             -0.0018105322515115374             
5       14             -0.002017231145010012              
12      18             -0.002153586273899895              
3       16             -0.002712281800775547              
14      24             -0.002786894568055323              
1       18             -0.0030959136445059335             
16      33             -0.0034969494203005713             
12      35             -0.003529347515679959              
10      14             -0.0037074326990474415             
21      28             -0.004125331977244379              
7       10             -0.004220384240263914              
17      31             -0.004270635195697536              
16      28             -0.004410057324977325              
9       17             -0.004476174103314592              
17      23             -0.0044761744489454774             
17      32             -0.004476175193169403              
4       17             -0.004476176446081351              
17      29             -0.004476179134479001              
17      25             -0.004476180992245012              
9       18             -0.004492063548543347              
18      32             -0.004492064575765127              
4       18             -0.004492065858453437              
18      25             -0.004492066698835444              
18      23             -0.004492067627678696              
18      29             -0.004492068522208584              
18      27             -0.005023716322826978              
17      27             -0.005040821189337699              
2       18             -0.005077382391910579              
2       17             -0.005092289123722567              
7       24             -0.005447332633734009              
6       18             -0.0055901987473610595             
6       17             -0.005637518572605395              
14      18             -0.005884549702827417              
1       17             -0.0060134296372693075             
4       19             -0.006112105261369655              
9       19             -0.006112106935346487              
19      32             -0.006112111194908745              
19      29             -0.006112111456467631              
19      25             -0.0061121137058740005             
19      23             -0.006112114804421295              
18      26             -0.00612209185806839               
8       18             -0.006129216588416551              
17      26             -0.0062063004295803414             
8       17             -0.0062074397752722235             
15      35             -0.006263301159825138              
18      31             -0.006296934373303829              
19      27             -0.0064782671586366                
2       19             -0.006505367554899513              
18      34             -0.006593478972970662              
17      34             -0.0067083150981387465             
7       34             -0.006744779673986845              
3       15             -0.006746624514837853              
6       19             -0.006870955735269982              
17      20             -0.006872526022424899              
15      33             -0.006935807128209334              
5       18             -0.007077679342199328              
1       19             -0.007080184647011517              
10      18             -0.007088749485045426              
18      19             -0.0071209049333596855             
5       17             -0.007193958568206926              
14      17             -0.00720493225623136               
7       8              -0.007217559539582183              
8       19             -0.007234606462211357              
19      26             -0.007242994212628126              
7       26             -0.007359727526322038              
19      31             -0.00737197252031814               
7       31             -0.007390317222083054              
17      19             -0.0074882069014995944             
19      34             -0.007522999676481762              
10      17             -0.007536731361336875              
5       19             -0.007712732611110801              
1       7              -0.00772712071043094               
18      24             -0.00782478618300761               
6       7              -0.007856740450846514              
17      24             -0.007997605642510099              
2       7              -0.008245737564722924              
7       27             -0.00836631564553017               
10      16             -0.008398183516485427              
19      24             -0.008428292758422759              
14      22             -0.00865655095537815               
5       7              -0.008754825083809065              
7       25             -0.008828267141019627              
7       9              -0.00882826791264886               
7       23             -0.008828268387497604              
7       32             -0.008828271742507693              
7       29             -0.008828272039288154              
4       7              -0.008828273463834413              
19      28             -0.009209420856052586              
18      20             -0.009231369313872376              
10      19             -0.009264436916971694              
20      35             -0.009407653422913498              
5       16             -0.010245081928785621              
10      28             -0.010528413381798843              
5       28             -0.01083401603355598               
11      14             -0.011056667341858228              
30      35             -0.011433835297235934              
28      34             -0.011487933593923944              
24      28             -0.011510879805536167              
8       16             -0.011541947444129827              
3       10             -0.011557247488767575              
3       23             -0.011754425559140691              
3       4              -0.01175443050151033               
3       25             -0.011754431692910544              
3       32             -0.011754436133637997              
3       29             -0.011754436447164368              
3       9              -0.011754439958659685              
32      33             -0.011790249699554015              
29      33             -0.011790250014264161              
4       33             -0.011790251524872813              
9       33             -0.011790253539017706              
23      33             -0.011790254042553933              
25      33             -0.011790260171351943              
3       27             -0.011828090481414005              
2       3              -0.011837361569445093              
27      33             -0.011860013807407449              
2       33             -0.01186924920228126               
8       28             -0.011899033258985572              
3       6              -0.011901764598128972              
6       33             -0.0119311228363264                
3       8              -0.011979774785342998              
8       33             -0.012005728459301923              
3       26             -0.012010499455756163              
26      28             -0.012027426248119949              
26      33             -0.012035524694400987              
3       34             -0.012081651720408912              
28      31             -0.012095280673078773              
1       3              -0.012099702784156383              
33      34             -0.012103712101574293              
1       33             -0.012127191110705801              
16      24             -0.012133265130177248              
3       31             -0.012147300512308251              
31      33             -0.012173019444576882              
3       5              -0.012177119786730972              
7       35             -0.012189518788474768              
5       33             -0.012198705261840068              
16      34             -0.012205834538909839              
3       24             -0.012285951978455861              
24      33             -0.012302051678575579              
12      19             -0.0123804137878029                
6       28             -0.012460801854150438              
16      26             -0.012512182116950495              
10      33             -0.012804394954895007              
27      28             -0.012898325976804625              
16      31             -0.01301546934345485               
2       16             -0.013165678297598626              
11      35             -0.01316797922662101               
28      32             -0.013296442932329997              
28      29             -0.01329644324101488               
4       28             -0.013296444722702333              
25      28             -0.013296445895704903              
9       28             -0.013296446698285613              
23      28             -0.013296447192181426              
1       28             -0.013456365295355058              
1       16             -0.013479702286979534              
6       16             -0.013594753075388204              
2       28             -0.01361597824274409               
19      22             -0.013832165746808026              
16      27             -0.01405820699743477               
16      29             -0.014447181145199314              
16      32             -0.01444718468009884               
4       16             -0.014447185784365324              
16      25             -0.01444718650785027               
9       16             -0.014447187002866277              
16      23             -0.014447187307491519              
11      19             -0.015602680659902807              
22      35             -0.015773139414907156              
30      31             -0.016564028850412596              
11      34             -0.01659904276694428               
5       11             -0.01660526570261804               
11      24             -0.016607355233186627              
8       11             -0.01665133251056887               
8       15             -0.016653469435536083              
18      35             -0.016698757598643747              
11      26             -0.0167028252756143                
6       11             -0.016704019843228238              
15      26             -0.016722780530746606              
10      11             -0.016731756144834756              
11      27             -0.01674732520073509               
2       11             -0.016761278919052408              
11      25             -0.016785507031968794              
11      32             -0.01678551147313337               
11      29             -0.016785511786614207              
4       11             -0.016785513291322204              
9       11             -0.016785515297599543              
11      23             -0.016785515799168885              
15      32             -0.01678720128629301               
15      29             -0.016787201481669005              
4       15             -0.01678720241947379               
15      25             -0.01678720316190259               
9       15             -0.01678720366988018               
15      23             -0.01678720398248177               
2       15             -0.016817295785648605              
11      31             -0.01681962865612628               
15      27             -0.016838444554150483              
1       11             -0.016857059390548698              
6       15             -0.016858543612932438              
15      24             -0.017125648331467222              
5       15             -0.017353345775250002              
15      34             -0.017360844091207576              
1       15             -0.017502853470170568              
15      31             -0.01753965637389069               
3       35             -0.01759951879649818               
33      35             -0.017682813525712937              
10      15             -0.01769438163832627               
22      34             -0.018025738756861046              
22      24             -0.018039316967514735              
5       22             -0.018043086707757033              
8       22             -0.01808591456431774               
5       30             -0.018133484445672088              
22      26             -0.018135812597603718              
6       22             -0.01814172824137021               
10      22             -0.018181882258519827              
22      27             -0.018189090227916663              
2       22             -0.018207804164628277              
22      29             -0.018235748907730692              
4       22             -0.018235750445354235              
22      25             -0.018235751662639535              
9       22             -0.018235752495518953              
22      23             -0.01823575300806013               
22      32             -0.01823575603797306               
22      31             -0.018252183999433902              
1       22             -0.018297331588297716              
17      35             -0.018352589376267353              
30      34             -0.018367749694594745              
10      30             -0.01837108261545449               
24      30             -0.01837487220267786               
8       30             -0.01840106344503413               
6       30             -0.018432238163667833              
27      30             -0.018440406720285574              
26      30             -0.01844089528223658               
4       30             -0.018444025921521112              
9       30             -0.018444027979552816              
23      30             -0.018444028494060738              
29      30             -0.018444031828577942              
25      30             -0.018444034594058037              
30      32             -0.018444038957591086              
2       30             -0.01846355165363625               
1       30             -0.018560164224996553              
7       21             -0.018570586619480953              
18      28             -0.019692008801474883              
16      35             -0.02055172928903204               
14      16             -0.0218902133137596                
3       28             -0.022301916851318104              
7       33             -0.02234073399529797               
17      28             -0.02259980697147082               
3       7              -0.023026829368013035              
7       17             -0.02327796583300558               
28      33             -0.023801290053718865              
7       18             -0.023871503021921342              
14      28             -0.02459781249479641               
3       19             -0.02494473270927794               
21      35             -0.025549070967191487              
19      33             -0.02559783297871382               
7       14             -0.02575408822978184               
3       14             -0.02642667280574766               
10      20             -0.026427745804587094              
17      30             -0.02668304788372658               
14      33             -0.02699083967572294               
20      24             -0.02735776490279307               
5       20             -0.02778982748737184               
12      14             -0.027978712768259237              
18      30             -0.02819249023160182               
20      34             -0.028510904487483058              
10      21             -0.028818231534112684              
10      13             -0.028850862568813182              
8       20             -0.029021984699485373              
20      26             -0.029164505823020756              
20      31             -0.029189222836337375              
12      24             -0.029531334617304436              
1       20             -0.02954637609449387               
6       20             -0.029674733542173246              
21      24             -0.029731666344651506              
7       19             -0.029985479286225192              
2       20             -0.030126772415457997              
12      34             -0.030131034512420385              
20      27             -0.03024616295416753               
5       21             -0.03050519627560197               
20      25             -0.03079784749399031               
20      32             -0.030797848578437412              
20      29             -0.030797852578815538              
4       20             -0.03079785389923713               
9       20             -0.030797855659799256              
20      23             -0.03079785609993979               
21      34             -0.030918776145009902              
12      31             -0.03097593608462708               
1       12             -0.031217433231914643              
6       12             -0.031237399393943502              
5       12             -0.03125230763201402               
8       21             -0.031422397446989186              
10      12             -0.03144168550820721               
8       12             -0.03146952404040916               
21      26             -0.03152437063686936               
12      27             -0.03153783094094567               
12      26             -0.03154527346416362               
21      31             -0.03155040789940629               
12      32             -0.03179061095543442               
12      29             -0.03179061124796348               
4       12             -0.03179061265210291               
9       12             -0.03179061452428886               
12      23             -0.03179061499233535               
12      25             -0.031790617489003636              
13      24             -0.03185477659863818               
2       12             -0.031947428252720886              
1       21             -0.03196756366460898               
6       21             -0.03204622773104908               
2       21             -0.032638649832519934              
21      27             -0.03267109245284773               
21      23             -0.03326253763222996               
4       21             -0.03326253913753177               
21      25             -0.033262540192026305              
9       21             -0.033262540913522556              
21      32             -0.03326254125333042               
21      29             -0.033262541530828985              
13      31             -0.03554459396087109               
13      26             -0.035570938423201665              
5       13             -0.03568754770091359               
1       13             -0.036257661563716514              
13      34             -0.036664715672199324              
6       13             -0.03687711280572159               
2       13             -0.03736589637087451               
13      27             -0.03755504811609123               
8       13             -0.03797179867975192               
13      29             -0.03840258239977923               
4       13             -0.038402583625218506              
13      32             -0.03840258400712454               
9       13             -0.038402585259137534              
13      23             -0.0384025856676173                
13      25             -0.038402586458003096              
22      30             -0.045487705005126194              
11      30             -0.04611692954730752               
