#======================================================================
# PARAMETERS USED FOR THIS COMPUTATION: 
#      Sequence type: RNA
#      Total number of sequences in alignment data: 11
#      Length of sequences in alignment data: 51
#      Effective number of sequences: 2.792857142857143
#      Value of sequence identity: 0.8
#      Value of relative pseudocount: 0.5
# The First and Second columns represent sites and the
# Third column is MFDCA Frobenius norm, average product corrected (APC) DCA score
#======================================================================
7       38             1.609074937885418                  
28      29             1.4679021933441394                 
27      28             1.2265850227813302                 
22      48             1.2249153039035297                 
27      29             1.0652863001742834                 
5       12             1.0469261994816526                 
26      28             1.0461131507103132                 
26      27             1.0217609632334608                 
27      32             1.014618958516822                  
26      49             0.9905751798100234                 
44      45             0.9716908128556523                 
26      29             0.9502733640572809                 
25      28             0.8776556431018268                 
7       22             0.8772780810206365                 
22      38             0.8772780810206353                 
48      51             0.8367656195638996                 
48      49             0.8258924855633406                 
44      51             0.8002319834141285                 
26      43             0.7914200049922768                 
7       48             0.7547502480812824                 
38      48             0.7547502480812813                 
1       25             0.7529716983381127                 
27      38             0.7443644226696823                 
7       27             0.7443644226696821                 
25      29             0.7414873506887781                 
45      47             0.6753000687830317                 
25      50             0.6650831119925564                 
49      51             0.6572256283055766                 
44      50             0.6570134718433853                 
43      48             0.6554689736051048                 
12      46             0.6549079216205373                 
5       46             0.6549079216205367                 
45      46             0.6457168167142309                 
43      49             0.6288459270997253                 
38      49             0.6188993713436947                 
7       49             0.6188993713436931                 
43      44             0.5792242402550649                 
5       51             0.5705571054193248                 
12      51             0.5705571054193247                 
38      51             0.5555923000013174                 
7       51             0.5555923000013168                 
46      51             0.5397628443230046                 
27      49             0.5235604219045595                 
32      46             0.5038378707671254                 
25      26             0.4824753066886649                 
46      49             0.481130359700532                  
6       26             0.47771387389909586                
46      47             0.4765436169933071                 
7       45             0.4707067686108317                 
38      45             0.47070676861083116                
6       25             0.46309783947839495                
25      44             0.453290460655267                  
22      28             0.43807566301774503                
28      49             0.4312034242292343                 
6       44             0.4287530376456881                 
38      50             0.4189839731172419                 
7       50             0.41898397311724056                
28      51             0.41577456092444764                
25      27             0.40912301361883896                
45      51             0.4068144401690701                 
6       7              0.39784960059952945                
6       38             0.3978496005995288                 
12      48             0.3815059325978255                 
5       48             0.38150593259782506                
7       25             0.376320765877043                  
25      38             0.3763207658770412                 
28      48             0.36483979511940756                
6       50             0.362591804042739                  
7       28             0.34813108108766877                
28      38             0.34813108108766844                
28      32             0.3324823865120595                 
44      47             0.326859839739638                  
26      48             0.31596367717018714                
32      51             0.30543174491136726                
27      45             0.28697812314018223                
25      51             0.2846741209116791                 
1       51             0.2823298360724566                 
32      43             0.2763598329784328                 
27      48             0.2746608076617927                 
46      48             0.27243687912255987                
22      51             0.27121121950912386                
43      50             0.2692500886327141                 
22      32             0.264810083765306                  
25      32             0.258672238016574                  
48      50             0.24689505051412952                
44      48             0.23947754326709836                
22      50             0.22923769858158244                
29      32             0.22860294023115302                
25      46             0.217004377054549                  
7       26             0.2137677485086752                 
26      38             0.21376774850867464                
32      48             0.2121087918559207                 
1       28             0.20969118753568128                
12      22             0.20540912275891687                
5       22             0.20540912275891665                
27      50             0.2029803615216198                 
1       27             0.19721679623426214                
25      49             0.19418596990876602                
7       12             0.18299166286795843                
5       7              0.18299166286795787                
12      38             0.18299166286795776                
5       38             0.18299166286795765                
6       43             0.18259181142790054                
43      51             0.18007013182755494                
7       32             0.17924007304609646                
32      38             0.17924007304609513                
12      49             0.17387412327718166                
5       49             0.17387412327718132                
6       48             0.16742543623247197                
32      50             0.16564788308055273                
6       49             0.14639989689274358                
29      49             0.14590969072411997                
49      50             0.14209553733241426                
12      44             0.14071770471015432                
5       44             0.1407177047101542                 
7       43             0.1359480979398756                 
38      43             0.13594809793987483                
1       32             0.132490973137334                  
6       45             0.12426706521863096                
46      50             0.11472352337660363                
6       27             0.11385619741518171                
29      43             0.11063769934550882                
45      50             0.10805330631407173                
20      33             0.10256749200716125                
20      39             0.10256749200716125                
20      35             0.10256749200716123                
20      30             0.10256749200716109                
19      33             0.10256749200716106                
19      39             0.10256749200716106                
21      39             0.10256749200716106                
19      35             0.10256749200716095                
19      30             0.10256749200716092                
21      35             0.10256749200716092                
21      33             0.10256749200716078                
21      30             0.10256749200716075                
18      39             0.10256749200716073                
15      35             0.10256749200716073                
15      39             0.10256749200716073                
15      33             0.1025674920071607                 
18      33             0.10256749200716067                
18      35             0.10256749200716064                
15      30             0.10256749200716059                
20      34             0.10256749200716056                
20      40             0.10256749200716053                
16      35             0.10256749200716053                
16      39             0.10256749200716053                
16      33             0.10256749200716048                
18      30             0.10256749200716042                
15      16             0.10256749200716042                
19      34             0.10256749200716034                
19      40             0.10256749200716034                
16      30             0.10256749200716028                
15      40             0.10256749200716028                
21      40             0.10256749200716025                
15      34             0.1025674920071602                 
17      35             0.10256749200716012                
21      34             0.10256749200716012                
17      33             0.10256749200716009                
18      40             0.10256749200716009                
16      40             0.10256749200716009                
17      39             0.10256749200716006                
17      30             0.10256749200715998                
18      34             0.10256749200715998                
16      34             0.10256749200715998                
17      34             0.10256749200715978                
17      40             0.10256749200715978                
23      39             0.10256749200715948                
23      33             0.10256749200715942                
23      35             0.1025674920071594                 
23      30             0.10256749200715926                
3       24             0.10256749200715923                
3       23             0.10256749200715914                
14      33             0.10256749200715909                
3       19             0.10256749200715906                
3       18             0.10256749200715903                
14      35             0.10256749200715898                
14      39             0.10256749200715898                
23      34             0.10256749200715895                
23      40             0.10256749200715892                
14      16             0.10256749200715892                
3       20             0.1025674920071589                 
14      30             0.10256749200715887                
3       21             0.10256749200715887                
3       17             0.10256749200715884                
14      15             0.10256749200715884                
10      13             0.10256749200715876                
24      39             0.10256749200715862                
14      40             0.10256749200715862                
24      33             0.10256749200715859                
24      35             0.10256749200715856                
14      34             0.1025674920071585                 
3       8              0.10256749200715848                
2       17             0.10256749200715845                
2       23             0.1025674920071584                 
24      30             0.10256749200715837                
2       24             0.10256749200715834                
2       18             0.10256749200715826                
24      40             0.1025674920071582                 
24      34             0.10256749200715817                
10      14             0.10256749200715817                
2       19             0.10256749200715815                
10      11             0.10256749200715806                
2       21             0.10256749200715803                
2       20             0.102567492007158                  
2       8              0.10256749200715798                
4       18             0.10256749200715784                
3       42             0.10256749200715781                
8       24             0.10256749200715781                
4       24             0.10256749200715776                
3       4              0.10256749200715773                
4       23             0.10256749200715767                
8       23             0.10256749200715767                
4       8              0.10256749200715767                
8       20             0.10256749200715765                
3       31             0.10256749200715765                
8       17             0.10256749200715765                
8       18             0.10256749200715765                
4       17             0.10256749200715762                
9       10             0.10256749200715762                
4       21             0.10256749200715759                
2       4              0.10256749200715759                
4       19             0.10256749200715756                
3       41             0.10256749200715756                
8       21             0.10256749200715753                
4       20             0.1025674920071575                 
2       3              0.1025674920071575                 
8       19             0.10256749200715748                
3       11             0.10256749200715748                
3       37             0.10256749200715742                
3       36             0.10256749200715715                
2       42             0.10256749200715704                
2       41             0.10256749200715695                
3       13             0.10256749200715692                
9       24             0.1025674920071569                 
13      35             0.10256749200715684                
13      15             0.10256749200715684                
8       31             0.10256749200715681                
13      39             0.10256749200715681                
8       36             0.10256749200715679                
13      33             0.10256749200715676                
8       37             0.10256749200715667                
2       31             0.10256749200715665                
9       17             0.10256749200715665                
9       23             0.10256749200715665                
13      30             0.10256749200715659                
9       36             0.10256749200715659                
9       21             0.10256749200715659                
9       18             0.10256749200715659                
13      16             0.10256749200715659                
9       19             0.10256749200715654                
9       20             0.10256749200715654                
4       42             0.10256749200715648                
2       37             0.10256749200715645                
13      40             0.10256749200715645                
3       14             0.10256749200715642                
13      34             0.10256749200715642                
8       42             0.10256749200715637                
9       31             0.10256749200715634                
8       41             0.10256749200715631                
34      41             0.10256749200715626                
4       41             0.10256749200715626                
40      42             0.10256749200715626                
10      36             0.10256749200715626                
39      42             0.10256749200715623                
34      42             0.10256749200715623                
40      41             0.10256749200715623                
9       37             0.10256749200715623                
2       11             0.1025674920071562                 
31      41             0.10256749200715617                
2       36             0.10256749200715617                
35      41             0.10256749200715615                
39      41             0.10256749200715615                
31      42             0.10256749200715609                
35      42             0.10256749200715606                
16      36             0.10256749200715606                
10      31             0.10256749200715606                
33      41             0.10256749200715604                
33      42             0.10256749200715604                
4       31             0.10256749200715604                
4       37             0.10256749200715601                
10      24             0.10256749200715601                
37      41             0.10256749200715595                
2       13             0.10256749200715595                
10      18             0.10256749200715595                
10      23             0.10256749200715595                
41      42             0.10256749200715592                
37      42             0.1025674920071559                 
30      42             0.1025674920071559                 
10      19             0.10256749200715587                
10      17             0.10256749200715587                
36      41             0.10256749200715584                
30      41             0.10256749200715584                
11      24             0.10256749200715584                
10      20             0.10256749200715584                
2       14             0.10256749200715581                
10      21             0.10256749200715581                
10      37             0.10256749200715579                
36      42             0.10256749200715576                
34      37             0.10256749200715576                
11      23             0.10256749200715576                
4       11             0.10256749200715576                
10      39             0.10256749200715576                
9       15             0.10256749200715573                
8       11             0.1025674920071557                 
4       36             0.10256749200715565                
11      20             0.10256749200715565                
11      18             0.10256749200715565                
10      33             0.10256749200715565                
16      31             0.10256749200715565                
9       39             0.10256749200715565                
11      19             0.10256749200715562                
10      35             0.10256749200715562                
11      21             0.10256749200715559                
8       13             0.10256749200715559                
35      37             0.10256749200715556                
13      14             0.10256749200715554                
31      37             0.10256749200715551                
30      31             0.10256749200715551                
4       14             0.10256749200715551                
8       14             0.10256749200715551                
10      30             0.10256749200715551                
16      37             0.10256749200715551                
11      17             0.10256749200715548                
4       13             0.10256749200715548                
9       35             0.10256749200715548                
18      36             0.10256749200715545                
33      37             0.10256749200715545                
34      36             0.10256749200715543                
11      39             0.10256749200715543                
9       41             0.10256749200715543                
9       33             0.10256749200715543                
10      15             0.10256749200715543                
11      33             0.1025674920071554                 
11      35             0.1025674920071554                 
10      16             0.1025674920071554                 
9       30             0.10256749200715534                
9       42             0.10256749200715534                
9       16             0.10256749200715534                
30      37             0.10256749200715531                
20      36             0.10256749200715529                
35      36             0.10256749200715529                
11      40             0.10256749200715529                
10      34             0.10256749200715526                
10      40             0.10256749200715526                
11      15             0.10256749200715526                
31      36             0.10256749200715523                
33      36             0.10256749200715523                
36      37             0.1025674920071552                 
9       40             0.1025674920071552                 
11      34             0.10256749200715518                
11      30             0.10256749200715515                
11      13             0.10256749200715515                
9       34             0.10256749200715512                
8       10             0.10256749200715512                
30      36             0.10256749200715506                
11      31             0.10256749200715506                
11      16             0.10256749200715506                
18      31             0.10256749200715504                
11      36             0.10256749200715504                
11      14             0.10256749200715493                
11      37             0.10256749200715487                
18      37             0.10256749200715481                
23      36             0.10256749200715473                
9       11             0.10256749200715473                
13      24             0.10256749200715468                
10      42             0.10256749200715468                
21      36             0.10256749200715465                
13      36             0.10256749200715459                
10      41             0.10256749200715456                
17      36             0.10256749200715454                
20      31             0.10256749200715454                
13      17             0.10256749200715454                
20      37             0.10256749200715451                
13      18             0.10256749200715451                
23      31             0.10256749200715448                
13      23             0.10256749200715448                
24      36             0.1025674920071544                 
8       9              0.1025674920071544                 
13      19             0.10256749200715437                
13      20             0.10256749200715437                
16      42             0.10256749200715437                
17      31             0.10256749200715434                
13      21             0.10256749200715432                
16      41             0.10256749200715432                
11      42             0.10256749200715429                
23      37             0.10256749200715426                
11      41             0.10256749200715426                
15      36             0.10256749200715426                
9       14             0.1025674920071542                 
17      37             0.10256749200715418                
9       13             0.10256749200715418                
13      31             0.10256749200715415                
21      31             0.10256749200715409                
24      31             0.10256749200715409                
13      37             0.10256749200715409                
15      24             0.10256749200715409                
34      40             0.10256749200715401                
24      37             0.10256749200715398                
33      40             0.10256749200715398                
39      40             0.10256749200715398                
15      31             0.10256749200715398                
21      37             0.10256749200715395                
35      40             0.10256749200715395                
15      18             0.10256749200715395                
15      23             0.10256749200715395                
15      20             0.10256749200715393                
33      34             0.1025674920071539                 
15      21             0.10256749200715387                
15      17             0.10256749200715387                
15      19             0.10256749200715379                
30      40             0.10256749200715376                
31      34             0.10256749200715373                
30      34             0.1025674920071537                 
31      40             0.1025674920071537                 
34      39             0.1025674920071537                 
36      40             0.10256749200715368                
15      37             0.10256749200715368                
18      41             0.10256749200715362                
18      42             0.10256749200715362                
37      40             0.10256749200715362                
33      39             0.10256749200715357                
34      35             0.10256749200715357                
16      23             0.10256749200715357                
35      39             0.10256749200715354                
16      24             0.10256749200715354                
30      39             0.10256749200715351                
33      35             0.10256749200715351                
16      18             0.10256749200715348                
19      36             0.10256749200715343                
31      39             0.10256749200715343                
16      17             0.10256749200715343                
36      39             0.10256749200715337                
14      36             0.10256749200715337                
31      35             0.10256749200715337                
17      41             0.10256749200715334                
17      42             0.10256749200715334                
37      39             0.10256749200715334                
31      33             0.10256749200715332                
16      21             0.10256749200715332                
30      33             0.10256749200715329                
30      35             0.10256749200715329                
14      23             0.10256749200715329                
16      19             0.10256749200715329                
13      42             0.10256749200715326                
16      20             0.10256749200715326                
14      24             0.10256749200715323                
13      41             0.10256749200715318                
23      41             0.10256749200715307                
23      42             0.10256749200715307                
14      18             0.10256749200715304                
14      21             0.10256749200715301                
14      17             0.10256749200715298                
20      42             0.10256749200715296                
20      41             0.10256749200715293                
4       9              0.10256749200715293                
19      31             0.1025674920071529                 
14      19             0.1025674920071529                 
14      20             0.1025674920071529                 
24      41             0.10256749200715284                
14      31             0.10256749200715284                
24      42             0.10256749200715282                
8       39             0.10256749200715282                
8       33             0.10256749200715279                
14      37             0.10256749200715276                
19      37             0.10256749200715273                
8       35             0.1025674920071527                 
4       10             0.1025674920071527                 
15      41             0.10256749200715265                
15      42             0.10256749200715265                
8       40             0.10256749200715262                
8       30             0.1025674920071526                 
8       34             0.1025674920071526                 
19      24             0.10256749200715257                
23      24             0.10256749200715248                
21      41             0.10256749200715243                
21      42             0.10256749200715243                
19      23             0.10256749200715243                
8       16             0.10256749200715243                
17      24             0.10256749200715237                
19      21             0.10256749200715229                
18      23             0.10256749200715226                
19      20             0.10256749200715223                
17      23             0.10256749200715223                
21      23             0.10256749200715218                
18      24             0.10256749200715218                
20      24             0.10256749200715215                
17      18             0.10256749200715215                
17      21             0.10256749200715212                
21      24             0.10256749200715212                
17      19             0.10256749200715207                
18      19             0.10256749200715207                
20      23             0.10256749200715204                
8       15             0.10256749200715198                
20      21             0.10256749200715196                
17      20             0.10256749200715193                
18      21             0.10256749200715193                
2       10             0.10256749200715193                
18      20             0.1025674920071519                 
14      41             0.10256749200715184                
14      42             0.10256749200715184                
4       34             0.1025674920071514                 
4       40             0.10256749200715135                
19      42             0.10256749200715123                
2       9              0.10256749200715123                
4       39             0.10256749200715118                
19      41             0.10256749200715115                
4       33             0.10256749200715112                
4       35             0.10256749200715107                
3       10             0.10256749200715098                
4       30             0.1025674920071509                 
3       9              0.10256749200715082                
4       15             0.10256749200715026                
4       16             0.10256749200715023                
2       34             0.10256749200715021                
2       40             0.10256749200715021                
2       39             0.10256749200714993                
2       35             0.1025674920071499                 
3       40             0.10256749200714985                
2       33             0.10256749200714982                
2       30             0.10256749200714971                
3       34             0.10256749200714965                
3       39             0.10256749200714954                
3       35             0.10256749200714946                
3       33             0.10256749200714935                
3       30             0.10256749200714929                
2       16             0.10256749200714893                
2       15             0.10256749200714876                
3       15             0.10256749200714874                
3       16             0.10256749200714863                
7       44             0.10134824437910328                
38      44             0.10134824437910206                
27      47             0.09051155592746846                
22      27             0.08351892347884815                
26      46             0.08292502688134507                
29      48             0.06566789040700105                
22      49             0.05332109662002238                
29      44             0.04499123693685547                
25      43             0.043497282884495725               
38      47             0.04084684437457292                
7       47             0.040846844374571756               
32      45             0.03708694349892622                
1       24             0.030693377346416417               
1       17             0.03069337734641628                
1       18             0.03069337734641625                
1       23             0.03069337734641625                
1       21             0.030693377346416223               
1       20             0.030693377346416195               
1       19             0.030693377346416167               
1       8              0.030693377346416056               
1       3              0.030693377346415696               
1       4              0.030693377346415363               
1       2              0.030693377346415057               
1       11             0.030693377346414752               
1       13             0.030693377346414724               
1       42             0.030693377346414447               
1       41             0.03069337734641439                
1       14             0.03069337734641439                
1       31             0.03069337734641428                
1       37             0.03069337734641403                
1       36             0.030693377346413836               
1       9              0.030693377346411116               
1       10             0.030693377346411005               
1       40             0.03069337734640948                
1       34             0.030693377346409367               
1       39             0.030693377346409256               
1       33             0.030693377346409145               
1       35             0.03069337734640909                
1       16             0.03069337734640895                
1       30             0.030693377346408923               
1       15             0.030693377346408923               
43      46             0.03044442107302936                
32      47             0.02905545872401666                
5       43             0.02705022269396995                
12      43             0.027050222693969783               
28      43             0.025771535625723485               
22      25             0.0179886696297219                 
47      51             0.01682309010015387                
40      47             0.014741348321336056               
39      47             0.014741348321335918               
34      47             0.014741348321335918               
35      47             0.014741348321335807               
31      47             0.014741348321335779               
33      47             0.014741348321335723               
42      47             0.01474134832133564                
41      47             0.014741348321335612               
30      47             0.014741348321335529               
36      47             0.014741348321335501               
37      47             0.014741348321335446               
2       47             0.014741348321334447               
16      47             0.014741348321333642               
3       47             0.014741348321333364               
15      47             0.014741348321333364               
13      47             0.014741348321333309               
17      47             0.014741348321333059               
9       47             0.014741348321332975               
8       47             0.014741348321332837               
10      47             0.014741348321332809               
4       47             0.014741348321332781               
14      47             0.014741348321332504               
11      47             0.01474134832133231                
18      47             0.014741348321331782               
23      47             0.014741348321331366               
19      47             0.014741348321330922               
21      47             0.014741348321330394               
20      47             0.014741348321330283               
24      47             0.014741348321329784               
26      50             0.0130719683399948                 
27      51             0.003949133718580522               
26      51             0.002507369054400632               
5       27             -0.003452041919699833              
12      27             -0.003452041919700277              
45      48             -0.00512578549537801               
44      46             -0.007216859699450129              
25      47             -0.010140965656242007              
29      51             -0.014944888440832749              
7       46             -0.019496440675236704              
38      46             -0.01949644067523726               
1       47             -0.03478757461925269               
28      44             -0.03640086730495662               
6       23             -0.04151251255865221               
6       24             -0.04151251255865221               
6       8              -0.041512512558652265              
6       18             -0.04151251255865232               
6       17             -0.041512512558652404              
6       21             -0.04151251255865254               
6       20             -0.04151251255865257               
3       6              -0.04151251255865257               
6       19             -0.04151251255865265               
6       41             -0.041512512558652764              
6       42             -0.04151251255865282               
6       31             -0.041512512558652875              
4       6              -0.04151251255865296               
2       6              -0.0415125125586531                
6       37             -0.04151251255865318               
6       36             -0.041512512558653375              
6       13             -0.04151251255865371               
6       14             -0.04151251255865415               
6       11             -0.04151251255865446               
6       9              -0.041512512558655346              
6       10             -0.041512512558655595              
6       16             -0.04151251255865804               
6       40             -0.041512512558658066              
6       15             -0.04151251255865809               
6       34             -0.04151251255865823               
6       39             -0.04151251255865829               
6       33             -0.04151251255865854               
6       35             -0.041512512558658565              
6       30             -0.04151251255865873               
12      45             -0.046185177924353005              
5       45             -0.046185177924353504              
12      28             -0.0505043254737787                
5       28             -0.05050432547377903               
22      43             -0.051612296176831995              
12      23             -0.05716099653333262               
12      24             -0.0571609965333327                
12      18             -0.05716099653333273               
12      17             -0.05716099653333284               
12      19             -0.057160996533333064              
12      21             -0.05716099653333309               
12      20             -0.05716099653333312               
5       24             -0.0571609965333334                
5       17             -0.057160996533333425              
5       18             -0.057160996533333425              
5       8              -0.05716099653333345               
5       23             -0.05716099653333348               
2       5              -0.057160996533333536              
5       21             -0.05716099653333359               
12      42             -0.05716099653333359               
5       19             -0.0571609965333337                
12      41             -0.0571609965333337                
2       12             -0.05716099653333373               
5       20             -0.05716099653333376               
12      13             -0.05716099653333376               
12      31             -0.057160996533333924              
12      14             -0.057160996533334035              
12      37             -0.057160996533334146              
5       42             -0.057160996533334174              
5       41             -0.05716099653333426               
12      36             -0.05716099653333434               
5       31             -0.05716099653333445               
5       13             -0.057160996533334646              
3       5              -0.05716099653333481               
5       37             -0.05716099653333487               
5       11             -0.057160996533334923              
9       12             -0.05716099653333501               
5       36             -0.05716099653333517               
4       5              -0.05716099653333517               
3       12             -0.05716099653333526               
4       12             -0.057160996533335395              
5       14             -0.057160996533335534              
11      12             -0.057160996533335756              
10      12             -0.057160996533336034              
8       12             -0.05716099653333617               
5       10             -0.05716099653333795               
5       9              -0.05716099653333803               
5       40             -0.057160996533338365              
5       34             -0.05716099653333842               
5       39             -0.057160996533338754              
5       33             -0.05716099653333895               
5       35             -0.05716099653333895               
5       16             -0.05716099653333909               
5       30             -0.057160996533339115              
5       15             -0.0571609965333395                
12      40             -0.05716099653333981               
12      34             -0.057160996533339836              
12      39             -0.05716099653334014               
12      35             -0.05716099653334025               
12      33             -0.05716099653334031               
12      30             -0.05716099653334053               
12      15             -0.05716099653334067               
12      16             -0.05716099653334067               
22      44             -0.05886576948302907               
26      45             -0.0718167481201547                
6       28             -0.07245899810712136               
6       46             -0.07574723829690394               
23      29             -0.0781859308921938                
29      31             -0.07818593089219425               
24      29             -0.07818593089219425               
29      42             -0.07818593089219436               
29      41             -0.07818593089219447               
29      36             -0.07818593089219464               
29      37             -0.07818593089219467               
21      29             -0.078185930892195                 
29      40             -0.07818593089219533               
29      34             -0.07818593089219539               
29      39             -0.07818593089219544               
29      35             -0.07818593089219567               
29      33             -0.07818593089219569               
16      29             -0.07818593089219592               
20      29             -0.07818593089219594               
29      30             -0.07818593089219597               
19      29             -0.07818593089219641               
15      29             -0.07818593089219755               
17      29             -0.07818593089219758               
18      29             -0.07818593089219794               
14      29             -0.07818593089219825               
2       29             -0.07818593089219827               
4       29             -0.07818593089219852               
9       29             -0.07818593089219869               
3       29             -0.07818593089219886               
10      29             -0.07818593089219911               
13      29             -0.07818593089219913               
11      29             -0.07818593089219952               
8       29             -0.07818593089220008               
1       29             -0.08414729852991104               
40      50             -0.08444676726989742               
39      50             -0.08444676726989753               
34      50             -0.08444676726989753               
35      50             -0.0844467672698977                
33      50             -0.08444676726989772               
31      50             -0.0844467672698978                
42      50             -0.08444676726989794               
30      50             -0.08444676726989797               
41      50             -0.084446767269898                 
37      50             -0.08444676726989808               
36      50             -0.08444676726989811               
3       50             -0.08444676726990002               
16      50             -0.08444676726990008               
15      50             -0.08444676726990083               
2       50             -0.08444676726990086               
4       50             -0.08444676726990086               
11      50             -0.08444676726990155               
9       50             -0.08444676726990161               
24      50             -0.08444676726990172               
23      50             -0.08444676726990183               
14      50             -0.08444676726990219               
10      50             -0.08444676726990222               
8       50             -0.08444676726990247               
13      50             -0.08444676726990247               
17      50             -0.08444676726990255               
19      50             -0.08444676726990258               
20      50             -0.08444676726990277               
21      50             -0.0844467672699028                
18      50             -0.08444676726990319               
40      45             -0.08567006695682225               
34      45             -0.08567006695682239               
35      45             -0.08567006695682244               
39      45             -0.08567006695682247               
33      45             -0.08567006695682264               
3       45             -0.08567006695682267               
31      45             -0.0856700669568227                
42      45             -0.08567006695682278               
37      45             -0.08567006695682283               
41      45             -0.08567006695682283               
30      45             -0.08567006695682283               
36      45             -0.08567006695682294               
9       45             -0.085670066956823                 
11      45             -0.08567006695682308               
2       45             -0.0856700669568232                
8       45             -0.08567006695682322               
4       45             -0.08567006695682342               
15      45             -0.08567006695682353               
24      45             -0.08567006695682361               
16      45             -0.08567006695682364               
13      45             -0.08567006695682369               
14      45             -0.08567006695682397               
21      45             -0.08567006695682455               
23      45             -0.08567006695682472               
17      45             -0.08567006695682491               
19      45             -0.08567006695682505               
10      45             -0.08567006695682522               
20      45             -0.08567006695682527               
18      45             -0.08567006695682539               
22      47             -0.09041765215987405               
15      32             -0.09558747563499159               
10      32             -0.0955874756349922                
19      32             -0.09558747563499223               
16      32             -0.09558747563499251               
20      32             -0.09558747563499259               
32      41             -0.09558747563499259               
32      42             -0.09558747563499262               
9       32             -0.09558747563499262               
14      32             -0.09558747563499279               
32      37             -0.09558747563499295               
23      32             -0.09558747563499298               
13      32             -0.09558747563499304               
32      36             -0.09558747563499315               
11      32             -0.0955874756349932                
2       32             -0.09558747563499323               
18      32             -0.09558747563499334               
21      32             -0.09558747563499351               
4       32             -0.09558747563499351               
24      32             -0.0955874756349937                
3       32             -0.0955874756349939                
8       32             -0.09558747563499392               
17      32             -0.09558747563499415               
31      32             -0.09558747563499531               
30      32             -0.0955874756349955                
32      40             -0.09558747563499942               
32      34             -0.0955874756349995                
32      39             -0.09558747563499964               
32      35             -0.09558747563499986               
32      33             -0.09558747563499992               
28      46             -0.09747539922393261               
12      26             -0.10082364401185412               
5       26             -0.10082364401185429               
15      43             -0.10611675366363932               
9       43             -0.10611675366363946               
4       43             -0.10611675366363948               
2       43             -0.1061167536636396                
40      43             -0.10611675366363973               
34      43             -0.10611675366363979               
39      43             -0.1061167536636399                
35      43             -0.10611675366364001               
33      43             -0.1061167536636401                
3       43             -0.1061167536636401                
31      43             -0.10611675366364015               
16      43             -0.10611675366364026               
30      43             -0.10611675366364032               
42      43             -0.10611675366364032               
41      43             -0.10611675366364037               
37      43             -0.10611675366364046               
36      43             -0.10611675366364051               
13      43             -0.10611675366364057               
14      43             -0.1061167536636407                
19      43             -0.10611675366364087               
10      43             -0.1061167536636409                
21      43             -0.10611675366364093               
11      43             -0.10611675366364093               
23      43             -0.10611675366364118               
24      43             -0.10611675366364134               
20      43             -0.10611675366364168               
17      43             -0.1061167536636417                
8       43             -0.10611675366364176               
18      43             -0.10611675366364198               
22      46             -0.11037396243645925               
22      29             -0.1111534143919572                
4       22             -0.11125128877395654               
22      24             -0.11125128877395685               
15      22             -0.1112512887739569                
22      23             -0.11125128877395701               
2       22             -0.11125128877395701               
16      22             -0.11125128877395715               
3       22             -0.11125128877395718               
22      31             -0.11125128877395749               
22      36             -0.11125128877395765               
22      37             -0.11125128877395785               
22      41             -0.11125128877395826               
22      42             -0.11125128877395826               
14      22             -0.1112512887739584                
11      22             -0.1112512887739584                
9       22             -0.1112512887739584                
13      22             -0.11125128877395862               
10      22             -0.11125128877395898               
19      22             -0.1112512887739591                
17      22             -0.11125128877395915               
21      22             -0.11125128877395948               
22      39             -0.11125128877395948               
8       22             -0.11125128877395948               
22      40             -0.11125128877395962               
22      35             -0.11125128877395968               
22      33             -0.1112512887739597                
22      34             -0.1112512887739597                
22      30             -0.11125128877395993               
18      22             -0.11125128877396018               
20      22             -0.11125128877396048               
1       22             -0.11200401084806874               
26      32             -0.11578138895433249               
16      46             -0.11679381839791317               
15      46             -0.11679381839791322               
3       46             -0.11679381839791389               
11      46             -0.11679381839791395               
14      46             -0.11679381839791397               
2       46             -0.11679381839791417               
4       46             -0.11679381839791417               
10      46             -0.11679381839791456               
24      46             -0.11679381839791467               
21      46             -0.11679381839791483               
17      46             -0.11679381839791483               
13      46             -0.11679381839791494               
19      46             -0.11679381839791514               
20      46             -0.11679381839791517               
9       46             -0.11679381839791522               
23      46             -0.11679381839791533               
8       46             -0.11679381839791544               
18      46             -0.1167938183979155                
40      46             -0.11679381839791822               
34      46             -0.11679381839791839               
39      46             -0.11679381839791844               
35      46             -0.11679381839791858               
33      46             -0.11679381839791861               
31      46             -0.11679381839791866               
42      46             -0.11679381839791883               
41      46             -0.11679381839791889               
30      46             -0.11679381839791894               
37      46             -0.11679381839791905               
36      46             -0.11679381839791911               
1       43             -0.11732175871064485               
47      48             -0.1206308011939955                
25      45             -0.12319625406955748               
40      44             -0.12334223756647805               
34      44             -0.12334223756647814               
39      44             -0.12334223756647825               
35      44             -0.12334223756647839               
33      44             -0.12334223756647841               
31      44             -0.12334223756647844               
42      44             -0.12334223756647855               
30      44             -0.12334223756647861               
2       44             -0.12334223756647864               
41      44             -0.12334223756647866               
37      44             -0.12334223756647872               
3       44             -0.12334223756647877               
36      44             -0.12334223756647883               
4       44             -0.12334223756647908               
15      44             -0.12334223756647958               
16      44             -0.12334223756647963               
13      44             -0.12334223756647991               
14      44             -0.12334223756648036               
9       44             -0.12334223756648044               
8       44             -0.12334223756648069               
11      44             -0.12334223756648069               
24      44             -0.1233422375664808                
10      44             -0.12334223756648094               
23      44             -0.12334223756648136               
17      44             -0.12334223756648169               
19      44             -0.1233422375664818                
21      44             -0.12334223756648208               
20      44             -0.12334223756648222               
18      44             -0.1233422375664826                
47      49             -0.12503145623871054               
6       29             -0.12784357127305174               
1       26             -0.131339538219964                 
1       6              -0.13613546170902482               
29      38             -0.1380892914590791                
7       29             -0.13808929145907928               
1       5              -0.15935525266843634               
1       12             -0.15935525266843667               
27      44             -0.1617068445101985                
1       45             -0.16465351539983122               
5       32             -0.16576757604628334               
12      32             -0.1657675760462835                
25      48             -0.16680565457553803               
6       47             -0.17259417392524798               
2       26             -0.17504789690705497               
15      26             -0.17504789690705524               
16      26             -0.17504789690705536               
3       26             -0.17504789690705555               
4       26             -0.1750478969070557                
10      26             -0.17504789690705574               
9       26             -0.17504789690705574               
11      26             -0.17504789690705597               
26      42             -0.175047896907056                 
26      31             -0.17504789690705602               
26      41             -0.17504789690705608               
26      37             -0.17504789690705633               
13      26             -0.17504789690705644               
26      36             -0.17504789690705655               
14      26             -0.17504789690705708               
8       26             -0.17504789690705708               
24      26             -0.1750478969070574                
17      26             -0.17504789690705763               
19      26             -0.1750478969070579                
18      26             -0.1750478969070579                
23      26             -0.17504789690705794               
21      26             -0.17504789690705833               
20      26             -0.17504789690705858               
26      40             -0.1750478969070586                
26      34             -0.1750478969070587                
26      39             -0.1750478969070589                
26      33             -0.17504789690705908               
26      35             -0.17504789690705913               
26      30             -0.17504789690705932               
5       47             -0.18152221078507333               
12      47             -0.18152221078507363               
28      50             -0.18264924067024363               
50      51             -0.18445443334591466               
1       44             -0.18673438980510726               
47      50             -0.18808914736891055               
26      44             -0.18884259153065774               
15      25             -0.18995995235529503               
16      25             -0.18995995235529517               
4       25             -0.18995995235529536               
2       25             -0.18995995235529556               
3       25             -0.1899599523552956                
9       25             -0.18995995235529603               
8       25             -0.1899599523552961                
10      25             -0.18995995235529617               
11      25             -0.1899599523552964                
25      31             -0.18995995235529645               
25      39             -0.18995995235529656               
25      36             -0.18995995235529659               
25      35             -0.18995995235529675               
25      37             -0.18995995235529678               
25      33             -0.18995995235529678               
25      34             -0.18995995235529678               
25      40             -0.18995995235529678               
24      25             -0.18995995235529686               
25      30             -0.18995995235529697               
23      25             -0.18995995235529706               
13      25             -0.18995995235529706               
14      25             -0.1899599523552971                
17      25             -0.18995995235529725               
25      42             -0.18995995235529733               
19      25             -0.18995995235529733               
25      41             -0.1899599523552974                
21      25             -0.18995995235529753               
18      25             -0.18995995235529772               
20      25             -0.18995995235529795               
1       48             -0.19214361468045785               
45      49             -0.1928183766111055                
32      49             -0.19291038880485273               
1       46             -0.19294855626286048               
15      49             -0.19363848649133925               
16      49             -0.1936384864913394                
2       49             -0.1936384864913397                
9       49             -0.19363848649134024               
3       49             -0.1936384864913403                
40      49             -0.19363848649134033               
34      49             -0.1936384864913404                
13      49             -0.1936384864913404                
39      49             -0.19363848649134052               
4       49             -0.19363848649134052               
11      49             -0.19363848649134058               
10      49             -0.19363848649134058               
35      49             -0.1936384864913407                
33      49             -0.1936384864913407                
31      49             -0.19363848649134074               
14      49             -0.19363848649134074               
8       49             -0.19363848649134088               
42      49             -0.1936384864913409                
30      49             -0.193638486491341                 
41      49             -0.19363848649134102               
24      49             -0.19363848649134102               
37      49             -0.19363848649134108               
21      49             -0.19363848649134113               
36      49             -0.1936384864913412                
23      49             -0.1936384864913412                
17      49             -0.19363848649134124               
19      49             -0.19363848649134133               
18      49             -0.19363848649134185               
20      49             -0.19363848649134197               
1       50             -0.196255531806231                 
22      45             -0.20292436144000423               
43      45             -0.20460815105812247               
1       38             -0.2067869246060866                
1       7              -0.20678692460608736               
43      47             -0.21859099753856498               
1       49             -0.21871744353675304               
16      28             -0.2193607496479639                
10      28             -0.219360749647964                 
15      28             -0.21936074964796407               
9       28             -0.2193607496479641                
3       28             -0.21936074964796481               
4       28             -0.21936074964796487               
11      28             -0.21936074964796487               
8       28             -0.21936074964796495               
13      28             -0.21936074964796498               
2       28             -0.219360749647965                 
24      28             -0.21936074964796531               
14      28             -0.21936074964796531               
18      28             -0.21936074964796548               
28      40             -0.21936074964796548               
28      31             -0.2193607496479656                
28      34             -0.21936074964796562               
17      28             -0.21936074964796565               
23      28             -0.21936074964796565               
28      42             -0.21936074964796567               
28      41             -0.21936074964796567               
28      39             -0.2193607496479657                
20      28             -0.21936074964796576               
19      28             -0.21936074964796579               
21      28             -0.21936074964796584               
28      33             -0.21936074964796587               
28      35             -0.21936074964796587               
28      37             -0.21936074964796592               
28      36             -0.21936074964796598               
28      30             -0.2193607496479661                
40      51             -0.2214584029518462                
34      51             -0.22145840295184627               
39      51             -0.22145840295184638               
35      51             -0.22145840295184657               
33      51             -0.2214584029518466                
31      51             -0.22145840295184666               
30      51             -0.22145840295184688               
41      51             -0.22145840295184693               
42      51             -0.22145840295184693               
37      51             -0.2214584029518471                
36      51             -0.22145840295184716               
16      51             -0.22145840295184732               
15      51             -0.22145840295184832               
9       51             -0.2214584029518485                
13      51             -0.22145840295184852               
10      51             -0.22145840295184857               
2       51             -0.22145840295184868               
3       51             -0.221458402951849                 
11      51             -0.22145840295184915               
4       51             -0.22145840295184932               
24      51             -0.22145840295184943               
17      51             -0.22145840295184965               
23      51             -0.22145840295184976               
8       51             -0.22145840295184976               
14      51             -0.2214584029518499                
21      51             -0.2214584029518501                
19      51             -0.2214584029518502                
18      51             -0.22145840295185054               
20      51             -0.22145840295185099               
6       32             -0.22173447355242157               
5       50             -0.2261660432615453                
12      50             -0.2261660432615453                
16      27             -0.2415374156441199                
15      27             -0.24153741564411996               
27      31             -0.2415374156441209                
27      36             -0.2415374156441212                
27      37             -0.24153741564412123               
27      41             -0.24153741564412123               
27      42             -0.24153741564412123               
9       27             -0.2415374156441213                
10      27             -0.2415374156441215                
19      27             -0.24153741564412162               
13      27             -0.24153741564412168               
21      27             -0.24153741564412173               
23      27             -0.2415374156441218                
24      27             -0.2415374156441218                
14      27             -0.24153741564412184               
20      27             -0.241537415644122                 
18      27             -0.24153741564412232               
11      27             -0.24153741564412234               
17      27             -0.2415374156441224                
8       27             -0.241537415644123                 
3       27             -0.24153741564412332               
4       27             -0.24153741564412357               
2       27             -0.24153741564412368               
27      40             -0.24153741564412473               
27      39             -0.24153741564412481               
27      34             -0.24153741564412481               
27      33             -0.241537415644125                 
27      35             -0.241537415644125                 
27      30             -0.24153741564412523               
9       48             -0.24909614739466823               
16      48             -0.2490961473946683                
10      48             -0.24909614739466848               
15      48             -0.24909614739466848               
13      48             -0.24909614739466907               
2       48             -0.24909614739466912               
4       48             -0.24909614739466937               
3       48             -0.2490961473946694                
11      48             -0.24909614739466945               
8       48             -0.24909614739466973               
40      48             -0.24909614739466981               
14      48             -0.2490961473946699                
34      48             -0.24909614739466993               
39      48             -0.24909614739467006               
31      48             -0.24909614739467026               
33      48             -0.24909614739467026               
35      48             -0.24909614739467026               
24      48             -0.2490961473946703                
30      48             -0.24909614739467048               
42      48             -0.24909614739467048               
41      48             -0.24909614739467056               
23      48             -0.24909614739467056               
37      48             -0.24909614739467068               
17      48             -0.24909614739467068               
36      48             -0.24909614739467073               
21      48             -0.2490961473946708                
18      48             -0.24909614739467092               
20      48             -0.24909614739467104               
19      48             -0.2490961473946711                
26      47             -0.25950029764303406               
15      38             -0.2618465316346752                
16      38             -0.26184653163467553               
7       9              -0.2618465316346757                
7       10             -0.2618465316346758                
38      41             -0.26184653163467597               
38      42             -0.26184653163467597               
9       38             -0.261846531634676                 
4       7              -0.26184653163467614               
10      38             -0.2618465316346762                
7       16             -0.2618465316346762                
7       15             -0.26184653163467625               
3       7              -0.26184653163467636               
7       8              -0.26184653163467647               
2       7              -0.2618465316346766                
7       13             -0.2618465316346767                
13      38             -0.26184653163467675               
7       11             -0.2618465316346768                
34      38             -0.26184653163467686               
33      38             -0.26184653163467714               
35      38             -0.26184653163467714               
8       38             -0.26184653163467714               
7       24             -0.2618465316346772                
11      38             -0.2618465316346772                
31      38             -0.26184653163467725               
14      38             -0.26184653163467725               
7       18             -0.2618465316346773                
7       23             -0.2618465316346773                
7       31             -0.26184653163467736               
24      38             -0.26184653163467736               
4       38             -0.26184653163467736               
23      38             -0.2618465316346774                
7       17             -0.2618465316346774                
2       38             -0.2618465316346774                
7       14             -0.2618465316346774                
30      38             -0.2618465316346775                
3       38             -0.2618465316346775                
37      38             -0.2618465316346776                
19      38             -0.2618465316346776                
7       41             -0.2618465316346776                
7       19             -0.2618465316346776                
7       20             -0.2618465316346776                
7       40             -0.2618465316346776                
7       42             -0.26184653163467764               
7       21             -0.26184653163467764               
7       34             -0.26184653163467764               
36      38             -0.2618465316346777                
7       36             -0.2618465316346777                
7       37             -0.2618465316346777                
7       39             -0.2618465316346777                
38      40             -0.2618465316346777                
21      38             -0.2618465316346778                
17      38             -0.2618465316346779                
7       33             -0.26184653163467797               
7       35             -0.26184653163467797               
18      38             -0.26184653163467797               
38      39             -0.26184653163467797               
7       30             -0.26184653163467814               
20      38             -0.26184653163467836               
28      47             -0.2747739691440972                
5       6              -0.2793952204324206                
6       12             -0.2793952204324207                
44      49             -0.2808774934199231                
29      47             -0.28100570475991904               
29      50             -0.2822199271152699                
5       29             -0.28648836310647907               
12      29             -0.2864883631064803                
27      46             -0.28816491318017334               
29      45             -0.2888923939889966                
28      45             -0.2964223609086709                
27      43             -0.30874153247531794               
6       22             -0.31217420686030894               
6       51             -0.31305724806721347               
5       25             -0.3158237349345317                
12      25             -0.31582373493453186               
29      46             -0.33996841791798604               
22      26             -0.36062336518644084               
32      44             -0.36412626916512525               
