#======================================================================
# PARAMETERS USED FOR THIS COMPUTATION: 
#      Sequence type: RNA
#      Total number of sequences in alignment data: 2
#      Length of sequences in alignment data: 40
#      Effective number of sequences: 2.0
#      Value of sequence identity: 0.8
#      Value of relative pseudocount: 0.5
# The First and Second columns represent sites and the
# Third column is MFDCA Frobenius norm, average product corrected (APC) DCA score
#======================================================================
12      25             0.18695661934599525                
12      36             0.18695661934599517                
12      39             0.18695661934599517                
11      13             0.1869566193459951                 
25      36             0.18695661934599508                
25      39             0.18695661934599508                
12      23             0.18695661934599508                
25      35             0.18695661934599506                
29      39             0.18695661934599503                
15      39             0.186956619345995                  
11      28             0.186956619345995                  
12      13             0.186956619345995                  
23      39             0.18695661934599497                
23      28             0.18695661934599497                
23      29             0.18695661934599497                
12      35             0.18695661934599497                
12      28             0.18695661934599497                
12      29             0.18695661934599497                
23      35             0.18695661934599495                
11      39             0.18695661934599495                
23      36             0.18695661934599492                
25      28             0.18695661934599492                
28      39             0.18695661934599492                
13      25             0.18695661934599492                
23      25             0.1869566193459949                 
15      25             0.1869566193459949                 
15      35             0.1869566193459949                 
15      36             0.1869566193459949                 
13      36             0.1869566193459949                 
13      39             0.1869566193459949                 
11      23             0.1869566193459949                 
11      25             0.1869566193459949                 
11      35             0.1869566193459949                 
11      36             0.1869566193459949                 
11      29             0.1869566193459949                 
12      19             0.1869566193459949                 
11      19             0.1869566193459949                 
28      36             0.18695661934599486                
29      35             0.18695661934599486                
29      36             0.18695661934599486                
19      28             0.18695661934599486                
28      35             0.1869566193459948                 
28      29             0.1869566193459948                 
25      29             0.18695661934599475                
19      35             0.18695661934599475                
15      28             0.18695661934599472                
15      29             0.18695661934599472                
13      35             0.1869566193459947                 
15      23             0.18695661934599467                
13      28             0.18695661934599464                
19      39             0.18695661934599464                
11      12             0.1869566193459946                 
13      23             0.18695661934599458                
19      23             0.18695661934599458                
19      36             0.18695661934599458                
13      29             0.18695661934599453                
19      25             0.18695661934599453                
12      15             0.18695661934599442                
13      15             0.18695661934599442                
13      19             0.18695661934599433                
19      29             0.1869566193459943                 
35      36             0.18695661934599425                
35      39             0.18695661934599425                
36      39             0.18695661934599422                
11      15             0.18695661934599409                
15      19             0.18695661934599367                
16      20             0.0333570898780855                 
16      17             0.033357089878084945               
16      18             0.033357089878084834               
17      20             0.03335708987808439                
14      22             0.03335708987808428                
17      18             0.03335708987808417                
18      20             0.03335708987808417                
14      21             0.033357089878084056               
10      22             0.033357089878083945               
10      21             0.03335708987808389                
9       22             0.03335708987808378                
9       21             0.03335708987808372                
1       2              0.03335708987808339                
2       3              0.033357089878083335               
2       6              0.03335708987808306                
2       8              0.033357089878082946               
2       7              0.03335708987808289                
1       8              0.03335708987808289                
1       7              0.033357089878082835               
1       9              0.033357089878082835               
3       9              0.033357089878082835               
4       9              0.03335708987808278                
4       10             0.033357089878082724               
7       8              0.033357089878082724               
3       7              0.033357089878082724               
1       5              0.03335708987808261                
3       8              0.03335708987808261                
2       9              0.03335708987808256                
3       4              0.0333570898780825                 
16      21             0.033357089878082447               
6       9              0.03335708987808239                
16      22             0.03335708987808239                
5       9              0.03335708987808239                
8       9              0.03335708987808239                
6       7              0.033357089878082335               
3       5              0.03335708987808228                
18      24             0.03335708987808228                
18      32             0.03335708987808228                
18      33             0.03335708987808228                
18      34             0.03335708987808228                
5       8              0.033357089878082224               
18      31             0.033357089878082224               
7       9              0.03335708987808217                
2       5              0.03335708987808217                
18      26             0.03335708987808217                
18      30             0.03335708987808217                
18      27             0.03335708987808217                
18      37             0.03335708987808211                
5       7              0.03335708987808206                
18      38             0.03335708987808206                
18      40             0.03335708987808206                
4       8              0.033357089878082                  
9       10             0.03335708987808189                
6       8              0.033357089878081836               
14      24             0.033357089878081836               
14      27             0.033357089878081836               
14      32             0.033357089878081836               
1       10             0.03335708987808178                
3       6              0.03335708987808178                
17      32             0.03335708987808178                
14      38             0.03335708987808178                
14      30             0.03335708987808178                
14      33             0.03335708987808178                
1       6              0.033357089878081725               
3       10             0.033357089878081725               
14      37             0.033357089878081725               
14      40             0.033357089878081725               
14      31             0.033357089878081725               
2       21             0.03335708987808167                
17      31             0.03335708987808167                
17      27             0.03335708987808167                
17      33             0.03335708987808167                
14      26             0.03335708987808167                
14      34             0.03335708987808167                
7       10             0.033357089878081614               
5       6              0.033357089878081614               
2       10             0.033357089878081614               
17      24             0.033357089878081614               
17      34             0.033357089878081614               
8       10             0.03335708987808156                
1       26             0.03335708987808156                
1       32             0.03335708987808156                
1       33             0.03335708987808156                
17      38             0.03335708987808156                
17      40             0.03335708987808156                
17      30             0.03335708987808156                
1       3              0.03335708987808156                
2       22             0.0333570898780815                 
4       27             0.0333570898780815                 
4       32             0.0333570898780815                 
1       30             0.0333570898780815                 
1       24             0.0333570898780815                 
3       24             0.0333570898780815                 
17      26             0.0333570898780815                 
4       33             0.03335708987808145                
1       31             0.03335708987808145                
1       27             0.03335708987808145                
1       34             0.03335708987808145                
3       32             0.03335708987808145                
17      37             0.03335708987808145                
20      27             0.03335708987808145                
14      20             0.03335708987808145                
4       24             0.03335708987808139                
6       10             0.03335708987808139                
5       10             0.03335708987808139                
1       38             0.03335708987808139                
1       40             0.03335708987808139                
3       26             0.03335708987808139                
20      31             0.03335708987808139                
4       37             0.033357089878081336               
4       26             0.033357089878081336               
4       30             0.033357089878081336               
4       31             0.033357089878081336               
3       22             0.033357089878081336               
4       34             0.033357089878081336               
1       37             0.033357089878081336               
2       32             0.033357089878081336               
3       30             0.033357089878081336               
3       31             0.033357089878081336               
3       33             0.033357089878081336               
20      26             0.033357089878081336               
20      30             0.033357089878081336               
20      40             0.033357089878081336               
20      24             0.033357089878081336               
20      32             0.033357089878081336               
1       21             0.03335708987808128                
1       22             0.03335708987808128                
4       38             0.03335708987808128                
4       40             0.03335708987808128                
3       21             0.03335708987808128                
2       26             0.03335708987808128                
2       31             0.03335708987808128                
2       33             0.03335708987808128                
3       40             0.03335708987808128                
3       27             0.03335708987808128                
3       34             0.03335708987808128                
20      21             0.03335708987808128                
20      37             0.03335708987808128                
20      38             0.03335708987808128                
20      33             0.03335708987808128                
20      34             0.03335708987808128                
37      38             0.033357089878081225               
37      40             0.033357089878081225               
38      40             0.033357089878081225               
4       7              0.033357089878081225               
8       32             0.033357089878081225               
2       40             0.033357089878081225               
2       30             0.033357089878081225               
2       24             0.033357089878081225               
3       37             0.033357089878081225               
3       38             0.033357089878081225               
5       32             0.03335708987808117                
8       24             0.03335708987808117                
8       27             0.03335708987808117                
8       33             0.03335708987808117                
2       27             0.03335708987808117                
2       34             0.03335708987808117                
20      22             0.03335708987808117                
14      17             0.03335708987808117                
14      16             0.03335708987808117                
8       30             0.033357089878081114               
8       31             0.033357089878081114               
5       33             0.033357089878081114               
2       37             0.033357089878081114               
2       38             0.033357089878081114               
8       38             0.03335708987808106                
5       26             0.03335708987808106                
5       30             0.03335708987808106                
8       26             0.03335708987808106                
5       34             0.03335708987808106                
7       24             0.033357089878081                  
7       32             0.033357089878081                  
7       33             0.033357089878081                  
5       37             0.033357089878081                  
8       37             0.033357089878081                  
8       40             0.033357089878081                  
5       24             0.033357089878081                  
5       27             0.033357089878081                  
8       34             0.033357089878081                  
1       4              0.033357089878081                  
7       31             0.03335708987808095                
5       38             0.03335708987808095                
5       40             0.03335708987808095                
5       31             0.03335708987808095                
9       24             0.03335708987808095                
9       32             0.03335708987808095                
7       38             0.03335708987808089                
7       26             0.03335708987808089                
7       30             0.03335708987808089                
6       24             0.03335708987808089                
6       32             0.03335708987808089                
6       33             0.03335708987808089                
7       27             0.03335708987808089                
7       34             0.03335708987808089                
9       33             0.03335708987808089                
14      18             0.03335708987808089                
7       37             0.03335708987808084                
7       40             0.03335708987808084                
6       30             0.03335708987808084                
6       31             0.03335708987808084                
9       31             0.03335708987808084                
6       40             0.03335708987808078                
6       27             0.03335708987808078                
6       34             0.03335708987808078                
4       6              0.03335708987808078                
9       26             0.03335708987808078                
9       40             0.03335708987808078                
17      22             0.03335708987808078                
16      31             0.03335708987808078                
16      24             0.03335708987808078                
6       38             0.033357089878080726               
6       26             0.033357089878080726               
31      32             0.033357089878080726               
24      32             0.033357089878080726               
32      33             0.033357089878080726               
9       37             0.033357089878080726               
9       38             0.033357089878080726               
9       27             0.033357089878080726               
9       34             0.033357089878080726               
16      27             0.033357089878080726               
16      32             0.033357089878080726               
16      33             0.033357089878080726               
6       37             0.03335708987808067                
30      31             0.03335708987808067                
24      31             0.03335708987808067                
27      30             0.03335708987808067                
30      32             0.03335708987808067                
31      33             0.03335708987808067                
24      27             0.03335708987808067                
9       30             0.03335708987808067                
16      26             0.03335708987808067                
16      34             0.03335708987808067                
7       21             0.033357089878080615               
6       21             0.033357089878080615               
32      40             0.033357089878080615               
10      26             0.033357089878080615               
24      26             0.033357089878080615               
24      30             0.033357089878080615               
26      33             0.033357089878080615               
27      31             0.033357089878080615               
10      24             0.033357089878080615               
10      27             0.033357089878080615               
10      32             0.033357089878080615               
10      33             0.033357089878080615               
24      33             0.033357089878080615               
27      33             0.033357089878080615               
32      34             0.033357089878080615               
33      34             0.033357089878080615               
16      37             0.033357089878080615               
16      38             0.033357089878080615               
16      40             0.033357089878080615               
16      30             0.033357089878080615               
26      31             0.03335708987808056                
32      37             0.03335708987808056                
33      40             0.03335708987808056                
34      40             0.03335708987808056                
10      31             0.03335708987808056                
26      32             0.03335708987808056                
26      34             0.03335708987808056                
30      33             0.03335708987808056                
31      34             0.03335708987808056                
27      32             0.03335708987808056                
17      21             0.03335708987808056                
2       4              0.03335708987808056                
7       22             0.033357089878080504               
5       21             0.033357089878080504               
8       21             0.033357089878080504               
8       22             0.033357089878080504               
30      38             0.033357089878080504               
31      38             0.033357089878080504               
10      37             0.033357089878080504               
10      40             0.033357089878080504               
24      37             0.033357089878080504               
24      38             0.033357089878080504               
24      40             0.033357089878080504               
26      30             0.033357089878080504               
27      37             0.033357089878080504               
32      38             0.033357089878080504               
33      38             0.033357089878080504               
34      37             0.033357089878080504               
34      38             0.033357089878080504               
26      27             0.033357089878080504               
30      34             0.033357089878080504               
10      34             0.033357089878080504               
24      34             0.033357089878080504               
27      34             0.033357089878080504               
6       22             0.03335708987808045                
5       22             0.03335708987808045                
30      37             0.03335708987808045                
30      40             0.03335708987808045                
31      37             0.03335708987808045                
31      40             0.03335708987808045                
10      38             0.03335708987808045                
27      38             0.03335708987808045                
33      37             0.03335708987808045                
10      30             0.03335708987808045                
26      37             0.03335708987808039                
26      40             0.03335708987808039                
4       16             0.03335708987808039                
1       20             0.03335708987808039                
26      38             0.03335708987808034                
27      40             0.03335708987808034                
2       14             0.03335708987808028                
3       20             0.03335708987808028                
22      31             0.033357089878080226               
22      24             0.033357089878080226               
4       17             0.033357089878080226               
4       20             0.033357089878080226               
21      26             0.03335708987808017                
21      31             0.03335708987808017                
21      24             0.03335708987808017                
21      32             0.03335708987808017                
21      33             0.03335708987808017                
22      32             0.03335708987808017                
22      33             0.03335708987808017                
4       14             0.03335708987808017                
22      38             0.033357089878080115               
22      26             0.033357089878080115               
22      30             0.033357089878080115               
22      27             0.033357089878080115               
22      34             0.033357089878080115               
5       14             0.033357089878080115               
8       14             0.033357089878080115               
21      30             0.03335708987808006                
22      37             0.03335708987808006                
21      27             0.03335708987808006                
2       16             0.03335708987808006                
3       17             0.03335708987808006                
22      40             0.033357089878080004               
4       18             0.033357089878080004               
8       16             0.033357089878080004               
1       17             0.033357089878080004               
3       18             0.033357089878080004               
1       16             0.033357089878080004               
2       20             0.033357089878080004               
21      37             0.03335708987807995                
21      38             0.03335708987807995                
21      34             0.03335708987807995                
1       18             0.03335708987807995                
2       17             0.03335708987807995                
3       16             0.03335708987807995                
21      40             0.03335708987807989                
6       16             0.03335708987807989                
8       20             0.03335708987807989                
1       14             0.03335708987807989                
3       14             0.03335708987807989                
7       16             0.03335708987807984                
7       14             0.03335708987807984                
7       20             0.03335708987807984                
5       16             0.03335708987807978                
6       20             0.03335708987807978                
5       20             0.03335708987807978                
4       5              0.033357089878079726               
9       14             0.033357089878079726               
9       20             0.033357089878079726               
7       17             0.03335708987807967                
5       17             0.03335708987807967                
8       17             0.03335708987807967                
2       18             0.03335708987807967                
9       17             0.03335708987807967                
9       16             0.03335708987807967                
4       21             0.033357089878079615               
6       14             0.033357089878079615               
8       18             0.03335708987807956                
4       22             0.033357089878079504               
10      17             0.033357089878079504               
6       17             0.033357089878079504               
18      21             0.03335708987807945                
7       18             0.03335708987807945                
5       18             0.03335708987807945                
18      22             0.03335708987807939                
6       18             0.03335708987807939                
10      20             0.03335708987807939                
9       18             0.03335708987807934                
10      16             0.03335708987807923                
10      14             0.03335708987807923                
10      18             0.033357089878079005               
21      22             0.03335708987807823                
19      20             -0.07419101857332872               
16      19             -0.07419101857332885               
17      19             -0.0741910185733293                
11      22             -0.07419101857332935               
11      21             -0.07419101857332944               
18      19             -0.07419101857332958               
13      22             -0.07419101857332966               
13      21             -0.07419101857332974               
12      22             -0.07419101857332977               
19      21             -0.07419101857332977               
19      22             -0.0741910185733298                
12      21             -0.07419101857332983               
15      21             -0.07419101857332985               
15      22             -0.07419101857332985               
37      39             -0.07419101857333008               
36      37             -0.0741910185733301                
36      40             -0.0741910185733301                
38      39             -0.0741910185733301                
36      38             -0.07419101857333016               
39      40             -0.07419101857333016               
35      37             -0.07419101857333052               
35      38             -0.07419101857333057               
35      40             -0.0741910185733306                
9       11             -0.07419101857333071               
27      28             -0.07419101857333074               
27      29             -0.07419101857333074               
27      35             -0.07419101857333077               
27      36             -0.07419101857333077               
24      29             -0.07419101857333077               
24      35             -0.07419101857333082               
27      39             -0.07419101857333082               
26      28             -0.07419101857333082               
26      29             -0.07419101857333082               
24      28             -0.07419101857333082               
26      35             -0.07419101857333085               
30      35             -0.07419101857333085               
31      35             -0.07419101857333085               
24      36             -0.07419101857333085               
32      35             -0.07419101857333085               
32      36             -0.07419101857333085               
34      35             -0.07419101857333085               
24      25             -0.07419101857333088               
24      39             -0.07419101857333088               
33      35             -0.07419101857333088               
26      36             -0.07419101857333091               
26      39             -0.07419101857333091               
30      36             -0.07419101857333091               
33      36             -0.07419101857333091               
34      36             -0.07419101857333091               
23      24             -0.07419101857333091               
9       12             -0.07419101857333091               
30      39             -0.07419101857333094               
31      36             -0.07419101857333094               
32      39             -0.07419101857333094               
33      39             -0.07419101857333094               
34      39             -0.07419101857333094               
28      33             -0.07419101857333094               
29      33             -0.07419101857333094               
31      39             -0.07419101857333096               
28      30             -0.07419101857333096               
28      32             -0.07419101857333096               
28      34             -0.07419101857333096               
29      32             -0.07419101857333096               
29      34             -0.07419101857333096               
25      26             -0.07419101857333099               
23      33             -0.07419101857333099               
25      27             -0.07419101857333099               
25      32             -0.07419101857333099               
25      33             -0.07419101857333099               
25      34             -0.07419101857333099               
10      12             -0.07419101857333099               
23      26             -0.07419101857333102               
23      27             -0.07419101857333102               
23      32             -0.07419101857333102               
28      31             -0.07419101857333102               
29      30             -0.07419101857333102               
29      31             -0.07419101857333102               
10      11             -0.07419101857333102               
25      30             -0.07419101857333105               
29      37             -0.07419101857333105               
23      34             -0.07419101857333105               
23      30             -0.07419101857333107               
23      31             -0.07419101857333107               
25      31             -0.07419101857333107               
28      37             -0.07419101857333107               
28      38             -0.07419101857333107               
29      38             -0.07419101857333107               
25      37             -0.0741910185733311                
28      40             -0.0741910185733311                
23      37             -0.07419101857333113               
23      38             -0.07419101857333113               
25      38             -0.07419101857333113               
29      40             -0.07419101857333113               
13      14             -0.07419101857333113               
23      40             -0.07419101857333116               
25      40             -0.07419101857333116               
3       12             -0.07419101857333119               
13      20             -0.07419101857333119               
21      29             -0.07419101857333121               
16      28             -0.07419101857333121               
21      28             -0.07419101857333124               
16      29             -0.07419101857333124               
21      35             -0.07419101857333127               
11      20             -0.07419101857333127               
21      23             -0.0741910185733313                
22      35             -0.0741910185733313                
22      28             -0.0741910185733313                
22      29             -0.0741910185733313                
3       11             -0.0741910185733313                
21      36             -0.07419101857333132               
21      39             -0.07419101857333132               
22      36             -0.07419101857333132               
22      25             -0.07419101857333132               
21      25             -0.07419101857333135               
16      23             -0.07419101857333135               
16      35             -0.07419101857333135               
14      29             -0.07419101857333135               
13      16             -0.07419101857333135               
22      39             -0.07419101857333138               
22      23             -0.07419101857333138               
16      39             -0.07419101857333138               
12      20             -0.07419101857333138               
16      36             -0.07419101857333141               
16      25             -0.07419101857333141               
14      28             -0.07419101857333141               
14      19             -0.07419101857333141               
14      35             -0.07419101857333144               
11      24             -0.07419101857333146               
4       19             -0.07419101857333146               
3       19             -0.07419101857333146               
14      23             -0.07419101857333146               
14      25             -0.07419101857333146               
11      14             -0.07419101857333146               
15      32             -0.07419101857333149               
11      32             -0.07419101857333149               
11      33             -0.07419101857333149               
9       19             -0.07419101857333149               
1       19             -0.07419101857333149               
14      36             -0.07419101857333149               
12      16             -0.07419101857333149               
15      24             -0.07419101857333152               
15      33             -0.07419101857333152               
11      26             -0.07419101857333152               
11      31             -0.07419101857333152               
11      27             -0.07419101857333152               
11      34             -0.07419101857333152               
5       19             -0.07419101857333152               
13      17             -0.07419101857333152               
14      39             -0.07419101857333152               
11      16             -0.07419101857333152               
12      14             -0.07419101857333152               
15      27             -0.07419101857333155               
15      34             -0.07419101857333155               
12      24             -0.07419101857333155               
12      33             -0.07419101857333155               
11      30             -0.07419101857333155               
1       13             -0.07419101857333155               
3       13             -0.07419101857333155               
15      26             -0.07419101857333157               
15      30             -0.07419101857333157               
12      27             -0.07419101857333157               
12      32             -0.07419101857333157               
11      37             -0.07419101857333157               
15      38             -0.0741910185733316                
15      40             -0.0741910185733316                
15      31             -0.0741910185733316                
12      34             -0.0741910185733316                
6       12             -0.0741910185733316                
11      38             -0.0741910185733316                
10      19             -0.0741910185733316                
12      30             -0.07419101857333163               
12      31             -0.07419101857333163               
4       13             -0.07419101857333163               
11      40             -0.07419101857333163               
6       19             -0.07419101857333163               
8       19             -0.07419101857333163               
15      37             -0.07419101857333166               
12      26             -0.07419101857333166               
7       11             -0.07419101857333166               
6       11             -0.07419101857333166               
5       13             -0.07419101857333166               
2       19             -0.07419101857333166               
13      18             -0.07419101857333166               
12      37             -0.07419101857333169               
12      38             -0.07419101857333169               
12      40             -0.07419101857333169               
7       12             -0.07419101857333169               
7       19             -0.07419101857333169               
9       13             -0.07419101857333169               
11      17             -0.07419101857333169               
4       15             -0.07419101857333171               
5       28             -0.07419101857333171               
13      24             -0.07419101857333171               
13      32             -0.07419101857333171               
4       11             -0.07419101857333171               
12      17             -0.07419101857333171               
6       15             -0.07419101857333174               
10      13             -0.07419101857333174               
13      34             -0.07419101857333174               
11      18             -0.07419101857333174               
15      20             -0.07419101857333174               
4       28             -0.07419101857333177               
4       29             -0.07419101857333177               
13      26             -0.07419101857333177               
5       29             -0.07419101857333177               
5       15             -0.07419101857333177               
6       13             -0.07419101857333177               
5       12             -0.07419101857333177               
8       12             -0.07419101857333177               
5       11             -0.07419101857333177               
2       13             -0.07419101857333177               
12      18             -0.07419101857333177               
5       35             -0.0741910185733318                
13      37             -0.0741910185733318                
13      30             -0.0741910185733318                
8       28             -0.0741910185733318                
13      27             -0.0741910185733318                
13      33             -0.0741910185733318                
9       28             -0.0741910185733318                
9       29             -0.0741910185733318                
8       13             -0.0741910185733318                
8       11             -0.0741910185733318                
5       25             -0.07419101857333182               
13      38             -0.07419101857333182               
13      40             -0.07419101857333182               
13      31             -0.07419101857333182               
8       29             -0.07419101857333182               
3       28             -0.07419101857333182               
3       29             -0.07419101857333182               
4       25             -0.07419101857333185               
4       35             -0.07419101857333185               
4       39             -0.07419101857333185               
6       28             -0.07419101857333185               
5       36             -0.07419101857333185               
5       23             -0.07419101857333185               
4       12             -0.07419101857333185               
8       15             -0.07419101857333185               
9       23             -0.07419101857333185               
9       35             -0.07419101857333185               
1       28             -0.07419101857333185               
1       29             -0.07419101857333185               
3       23             -0.07419101857333185               
3       25             -0.07419101857333185               
3       35             -0.07419101857333185               
3       15             -0.07419101857333185               
20      25             -0.07419101857333185               
20      28             -0.07419101857333185               
20      29             -0.07419101857333185               
14      15             -0.07419101857333185               
4       23             -0.07419101857333188               
4       36             -0.07419101857333188               
7       28             -0.07419101857333188               
6       29             -0.07419101857333188               
5       39             -0.07419101857333188               
8       25             -0.07419101857333188               
7       13             -0.07419101857333188               
9       39             -0.07419101857333188               
9       25             -0.07419101857333188               
20      35             -0.07419101857333188               
7       29             -0.07419101857333191               
8       23             -0.07419101857333191               
8       35             -0.07419101857333191               
9       36             -0.07419101857333191               
1       23             -0.07419101857333191               
1       25             -0.07419101857333191               
1       35             -0.07419101857333191               
2       29             -0.07419101857333191               
3       36             -0.07419101857333191               
18      28             -0.07419101857333191               
18      29             -0.07419101857333191               
15      16             -0.07419101857333191               
6       35             -0.07419101857333193               
10      28             -0.07419101857333193               
10      29             -0.07419101857333193               
8       39             -0.07419101857333193               
1       39             -0.07419101857333193               
2       28             -0.07419101857333193               
9       15             -0.07419101857333193               
2       15             -0.07419101857333193               
3       39             -0.07419101857333193               
18      35             -0.07419101857333193               
1       12             -0.07419101857333193               
20      23             -0.07419101857333193               
7       25             -0.07419101857333196               
7       35             -0.07419101857333196               
6       25             -0.07419101857333196               
7       15             -0.07419101857333196               
8       36             -0.07419101857333196               
1       36             -0.07419101857333196               
2       35             -0.07419101857333196               
18      23             -0.07419101857333196               
20      36             -0.07419101857333196               
6       36             -0.07419101857333199               
6       39             -0.07419101857333199               
7       23             -0.07419101857333199               
7       39             -0.07419101857333199               
2       23             -0.07419101857333199               
2       25             -0.07419101857333199               
18      39             -0.07419101857333199               
18      25             -0.07419101857333199               
2       12             -0.07419101857333199               
2       11             -0.07419101857333199               
15      17             -0.07419101857333199               
20      39             -0.07419101857333199               
7       36             -0.07419101857333202               
10      23             -0.07419101857333202               
10      25             -0.07419101857333202               
10      35             -0.07419101857333202               
10      36             -0.07419101857333202               
10      39             -0.07419101857333202               
6       23             -0.07419101857333202               
10      15             -0.07419101857333202               
2       39             -0.07419101857333202               
18      36             -0.07419101857333202               
2       36             -0.07419101857333205               
1       15             -0.07419101857333205               
15      18             -0.07419101857333207               
1       11             -0.07419101857333207               
17      23             -0.07419101857333224               
17      28             -0.07419101857333224               
17      29             -0.07419101857333224               
17      25             -0.0741910185733323                
17      35             -0.07419101857333232               
17      39             -0.07419101857333238               
17      36             -0.0741910185733324                
19      24             -0.07419101857333246               
19      27             -0.07419101857333246               
19      33             -0.07419101857333246               
19      31             -0.07419101857333249               
19      32             -0.07419101857333249               
19      34             -0.07419101857333249               
19      37             -0.07419101857333252               
19      26             -0.07419101857333255               
19      38             -0.07419101857333257               
19      30             -0.07419101857333257               
19      40             -0.0741910185733326                
