#======================================================================
# PARAMETERS USED FOR THIS COMPUTATION: 
#      Sequence type: RNA
#      Total number of sequences in alignment data: 16
#      Length of sequences in alignment data: 43
#      Effective number of sequences: 15.0
#      Value of sequence identity: 0.8
#      Value of relative pseudocount: 0.5
# The First and Second columns represent sites and the
# Third column is MFDCA Frobenius norm, average product corrected (APC) DCA score
#======================================================================
29      41             2.0410623749078844                 
10      15             1.3732038934034922                 
16      18             1.0439138136431987                 
13      22             1.0080924595648475                 
6       7              0.807261153975006                  
4       10             0.7970469482271076                 
11      21             0.7522379030744547                 
11      20             0.7408043287034214                 
3       9              0.7341774871636115                 
5       6              0.7327100133912172                 
9       21             0.7234134494343102                 
10      16             0.7146925876231802                 
2       18             0.6976803550806276                 
21      22             0.6935403733677906                 
14      18             0.6759402335197443                 
3       5              0.665334901984114                  
12      18             0.6394626647260775                 
2       13             0.6334735780099788                 
19      20             0.6266434909626881                 
4       6              0.6206478012046418                 
7       8              0.5892231872868098                 
11      26             0.5663004283787652                 
2       8              0.5604975405040672                 
9       16             0.5521173114048282                 
6       13             0.5505413139323098                 
16      17             0.5449268236339501                 
15      19             0.5447531948167553                 
15      18             0.5327885457903966                 
5       9              0.5307594101508449                 
14      22             0.5207735152851098                 
1       20             0.5110693901855485                 
14      16             0.5108327277722722                 
13      14             0.5102596508262001                 
1       19             0.4990747043876317                 
3       15             0.495986169761762                  
5       22             0.4871348359943659                 
1       18             0.4821242700910845                 
4       8              0.47735686255042153                
3       19             0.47694232092536315                
8       12             0.47678112933430095                
9       15             0.4767590196426409                 
19      22             0.4730215277511546                 
1       14             0.46655520090089375                
14      26             0.4544463868284917                 
11      15             0.4538613606815677                 
7       13             0.45333594444570924                
11      19             0.451014561461752                  
9       22             0.44968612854975165                
20      26             0.44503110944944446                
3       20             0.4417958294509787                 
1       26             0.43711051530459766                
18      22             0.4276929119726771                 
12      21             0.41950427395395595                
10      19             0.41725580102069026                
1       10             0.41661714070708655                
9       20             0.416165238849325                  
9       10             0.40940395965858956                
4       7              0.4083753107737127                 
8       16             0.3986453742747763                 
10      11             0.39591787169165016                
8       21             0.3956306453580086                 
8       18             0.3932457973673841                 
16      21             0.39293813762887464                
15      20             0.3925215091928651                 
6       17             0.3731103073541959                 
1       4              0.3717351612872817                 
1       15             0.3709606757173416                 
11      13             0.3664705105061833                 
19      21             0.3596069926421338                 
1       7              0.3522802907974405                 
10      17             0.3498606202840926                 
11      22             0.3377603637262552                 
17      21             0.33548137886177043                
1       2              0.3335211985906483                 
14      19             0.328009737637889                  
12      14             0.3276759984123855                 
2       14             0.32456386111417956                
19      26             0.3182790467732174                 
4       13             0.3177183030131364                 
8       22             0.3145185499605876                 
4       14             0.3136006094902726                 
6       22             0.3109126801691048                 
18      21             0.30967810770970927                
13      18             0.30796115127900214                
14      21             0.3008331272620137                 
2       16             0.2936093942234099                 
12      16             0.2913767380419936                 
10      14             0.291252679629709                  
2       3              0.28102061515902454                
14      41             0.27711275493403487                
14      29             0.27711275493403476                
16      22             0.26656788725324976                
12      22             0.2650539572264564                 
2       22             0.2576313215371814                 
6       14             0.2539266388484288                 
4       11             0.25190366514048124                
1       11             0.25135832548358716                
3       21             0.2509496147881568                 
20      21             0.24566406976005517                
5       11             0.24448963343993113                
9       11             0.24356764365395445                
13      20             0.23530781403700107                
17      18             0.23427246355745113                
4       12             0.23098445395093425                
7       18             0.22655822137467652                
5       19             0.21858375902049432                
15      21             0.21849720793880256                
6       20             0.21644451156504518                
2       12             0.20609424291502287                
24      31             0.20407692290173501                
24      42             0.20407692290173501                
23      25             0.204076922901735                  
24      36             0.20407692290173496                
24      39             0.20407692290173496                
24      40             0.20407692290173496                
23      42             0.20407692290173496                
24      43             0.20407692290173496                
24      25             0.20407692290173493                
25      35             0.2040769229017349                 
23      27             0.2040769229017349                 
23      30             0.2040769229017349                 
23      33             0.2040769229017349                 
23      35             0.2040769229017349                 
24      30             0.2040769229017349                 
24      33             0.2040769229017349                 
24      34             0.2040769229017349                 
24      35             0.2040769229017349                 
24      37             0.2040769229017349                 
24      38             0.2040769229017349                 
23      36             0.20407692290173485                
23      37             0.20407692290173485                
23      38             0.20407692290173485                
23      39             0.20407692290173485                
23      40             0.20407692290173485                
24      32             0.20407692290173485                
23      43             0.20407692290173485                
27      33             0.2040769229017348                 
25      36             0.2040769229017348                 
25      39             0.2040769229017348                 
27      42             0.2040769229017348                 
30      42             0.2040769229017348                 
23      31             0.2040769229017348                 
23      34             0.2040769229017348                 
24      27             0.2040769229017348                 
28      34             0.20407692290173476                
28      35             0.20407692290173476                
27      35             0.20407692290173474                
27      37             0.20407692290173474                
27      39             0.20407692290173474                
27      40             0.20407692290173474                
30      36             0.20407692290173474                
30      40             0.20407692290173474                
32      40             0.20407692290173474                
25      33             0.20407692290173474                
25      34             0.20407692290173474                
25      37             0.20407692290173474                
25      38             0.20407692290173474                
25      40             0.20407692290173474                
35      43             0.20407692290173474                
25      42             0.20407692290173474                
25      43             0.20407692290173474                
23      32             0.20407692290173474                
28      33             0.2040769229017347                 
28      39             0.2040769229017347                 
28      42             0.2040769229017347                 
27      34             0.20407692290173468                
27      36             0.20407692290173468                
27      38             0.20407692290173468                
30      33             0.20407692290173468                
30      35             0.20407692290173468                
30      37             0.20407692290173468                
30      39             0.20407692290173468                
31      39             0.20407692290173468                
31      40             0.20407692290173468                
32      39             0.20407692290173468                
35      37             0.20407692290173468                
35      39             0.20407692290173468                
25      30             0.20407692290173468                
25      31             0.20407692290173468                
27      43             0.20407692290173468                
31      42             0.20407692290173468                
35      42             0.20407692290173468                
28      31             0.20407692290173465                
28      36             0.20407692290173465                
28      37             0.20407692290173465                
28      38             0.20407692290173465                
28      40             0.20407692290173465                
28      43             0.20407692290173465                
23      28             0.20407692290173465                
24      28             0.20407692290173465                
30      38             0.20407692290173463                
31      32             0.20407692290173463                
31      37             0.20407692290173463                
32      35             0.20407692290173463                
32      36             0.20407692290173463                
32      38             0.20407692290173463                
34      37             0.20407692290173463                
34      38             0.20407692290173463                
34      39             0.20407692290173463                
35      38             0.20407692290173463                
35      40             0.20407692290173463                
36      38             0.20407692290173463                
36      40             0.20407692290173463                
25      27             0.20407692290173463                
25      32             0.20407692290173463                
30      43             0.20407692290173463                
31      43             0.20407692290173463                
32      42             0.20407692290173463                
33      42             0.20407692290173463                
34      43             0.20407692290173463                
28      30             0.2040769229017346                 
27      30             0.20407692290173457                
27      31             0.20407692290173457                
27      32             0.20407692290173457                
30      34             0.20407692290173457                
31      33             0.20407692290173457                
31      36             0.20407692290173457                
31      38             0.20407692290173457                
32      33             0.20407692290173457                
32      34             0.20407692290173457                
32      37             0.20407692290173457                
33      34             0.20407692290173457                
33      37             0.20407692290173457                
34      35             0.20407692290173457                
34      40             0.20407692290173457                
35      36             0.20407692290173457                
36      37             0.20407692290173457                
36      39             0.20407692290173457                
37      38             0.20407692290173457                
37      39             0.20407692290173457                
32      43             0.20407692290173457                
33      43             0.20407692290173457                
36      42             0.20407692290173457                
36      43             0.20407692290173457                
37      43             0.20407692290173457                
30      31             0.20407692290173451                
33      35             0.20407692290173451                
33      36             0.20407692290173451                
33      39             0.20407692290173451                
34      36             0.20407692290173451                
37      40             0.20407692290173451                
34      42             0.20407692290173451                
37      42             0.20407692290173451                
23      24             0.20407692290173451                
28      32             0.2040769229017345                 
31      34             0.20407692290173446                
31      35             0.20407692290173446                
33      38             0.20407692290173446                
33      40             0.20407692290173446                
30      32             0.2040769229017344                 
25      28             0.20407692290173438                
27      28             0.20407692290173432                
39      42             0.20407692290173352                
39      43             0.20407692290173352                
40      42             0.20407692290173352                
38      42             0.20407692290173346                
42      43             0.20407692290173346                
38      39             0.2040769229017334                 
39      40             0.2040769229017334                 
38      43             0.2040769229017334                 
40      43             0.2040769229017334                 
38      40             0.2040769229017333                 
12      13             0.19850443135088158                
17      29             0.19635006979374608                
17      41             0.19635006979374603                
15      17             0.19449983665768966                
1       21             0.190489783727687                  
10      13             0.18908303378637803                
1       13             0.18571315599547933                
3       14             0.1834512491639978                 
20      22             0.18115711192331696                
15      26             0.180555328785594                  
5       13             0.17872390095709245                
14      20             0.1627960964455759                 
1       12             0.16138961504308202                
22      26             0.1560050152639304                 
1       6              0.1549148579985975                 
10      21             0.1510695166841337                 
6       10             0.1470581754121858                 
9       19             0.14485779081714867                
6       8              0.13519406075801688                
4       18             0.13274640513612446                
10      20             0.12849472456196365                
4       19             0.12808061111731306                
7       16             0.12658351885445174                
1       41             0.12501036769126295                
1       29             0.12501036769126295                
7       15             0.1232378018607152                 
6       21             0.11721073747778832                
4       5              0.116171060554209                  
2       9              0.11424893822799631                
6       15             0.11200361794979308                
15      16             0.10867351031928474                
6       16             0.1076834228249195                 
11      18             0.10428359106900809                
11      14             0.10272373035399474                
13      15             0.0973771167958104                 
14      15             0.09733171517266292                
5       26             0.09230907777229003                
2       11             0.08778584212629881                
13      41             0.08684539013675097                
13      29             0.08684539013675097                
12      41             0.08465972107399311                
12      29             0.08465972107399289                
5       21             0.08318555900858482                
2       15             0.08054674511463988                
10      22             0.08032311289046457                
11      12             0.07893068134614267                
2       7              0.07595463599246954                
7       9              0.07184866099041232                
10      18             0.07037767998201794                
26      38             0.06879228919778924                
26      35             0.06879228919778918                
26      42             0.06879228919778915                
26      43             0.06879228919778915                
26      30             0.06879228919778912                
26      31             0.06879228919778912                
26      36             0.06879228919778912                
26      37             0.06879228919778912                
26      39             0.06879228919778912                
26      40             0.06879228919778912                
26      32             0.06879228919778907                
26      33             0.06879228919778907                
26      34             0.06879228919778901                
23      26             0.06879228919778896                
26      27             0.06879228919778885                
24      26             0.06879228919778885                
26      28             0.06879228919778876                
25      26             0.06879228919778849                
12      15             0.06558588586179681                
9       18             0.06385980248409984                
6       19             0.0575944535820232                 
5       12             0.055050378580217774               
5       41             0.05278352469924469                
5       29             0.05278352469924469                
10      26             0.04553828983243047                
1       9              0.03802416595076741                
15      22             0.028774933102492906               
17      23             0.02472891043885808                
17      24             0.024728910438857804               
17      42             0.02472891043885672                
17      25             0.024728910438856694               
17      43             0.024728910438856666               
17      31             0.02472891043885664                
17      35             0.02472891043885664                
17      37             0.02472891043885664                
17      38             0.02472891043885664                
17      39             0.02472891043885664                
17      40             0.02472891043885664                
17      34             0.024728910438856583               
17      30             0.024728910438856527               
17      32             0.024728910438856527               
17      33             0.024728910438856527               
17      36             0.024728910438856527               
17      28             0.0247289104388565                 
17      27             0.02472891043885636                
17      22             0.02442024950345989                
13      16             0.022522605869147228               
8       15             0.019245546890926613               
4       15             0.018012197774209593               
7       12             0.010610363260166955               
3       10             0.00556766140761944                
3       13             -0.00042400809068388057            
10      12             -0.0027854075829991665             
6       18             -0.004008595858342012              
4       9              -0.004962744725882762              
4       22             -0.00556437837484991               
38      41             -0.008899200800013052              
40      41             -0.008899200800013107              
39      41             -0.008899200800013163              
29      43             -0.008899200800014107              
29      32             -0.008899200800014162              
29      34             -0.008899200800014162              
29      42             -0.008899200800014162              
29      33             -0.00889920080001419               
41      42             -0.00889920080001419               
29      38             -0.008899200800014218              
41      43             -0.008899200800014218              
29      30             -0.008899200800014245              
29      35             -0.008899200800014245              
29      36             -0.008899200800014273              
29      37             -0.008899200800014273              
29      39             -0.008899200800014273              
29      31             -0.0088992008000143                
29      40             -0.0088992008000143                
23      41             -0.008899200800014495              
23      29             -0.008899200800014495              
24      29             -0.008899200800014606              
24      41             -0.008899200800014717              
36      41             -0.00889920080001494               
25      29             -0.008899200800014967              
37      41             -0.008899200800014995              
25      41             -0.008899200800014995              
31      41             -0.008899200800015022              
33      41             -0.008899200800015022              
34      41             -0.008899200800015022              
35      41             -0.008899200800015022              
30      41             -0.00889920080001505               
27      41             -0.008899200800015106              
32      41             -0.008899200800015161              
27      29             -0.008899200800015161              
28      29             -0.008899200800015328              
28      41             -0.008899200800015411              
2       21             -0.009906673588017223              
15      29             -0.0101064631759612                
15      41             -0.010106463175961533              
11      41             -0.015137620097609328              
11      29             -0.01513762009760955               
7       14             -0.02490089978530008               
8       10             -0.02796589969915153               
5       17             -0.03206347041660845               
9       13             -0.03264551087714018               
8       27             -0.038518363541718836              
8       28             -0.03851836354171889               
8       43             -0.03851836354171892               
8       42             -0.03851836354171895               
8       36             -0.038518363541719                 
8       32             -0.03851836354171903               
8       35             -0.03851836354171903               
8       37             -0.03851836354171903               
8       25             -0.03851836354171903               
8       23             -0.03851836354171903               
8       38             -0.03851836354171906               
8       39             -0.03851836354171906               
8       40             -0.03851836354171906               
8       34             -0.038518363541719086              
8       31             -0.038518363541719114              
8       33             -0.038518363541719114              
8       30             -0.03851836354171914               
8       24             -0.03851836354171914               
7       23             -0.03916021630129546               
7       24             -0.039160216301295514              
7       27             -0.039160216301295625              
7       30             -0.039160216301295625              
7       25             -0.039160216301295625              
7       35             -0.03916021630129571               
7       42             -0.03916021630129571               
7       32             -0.039160216301295736              
7       43             -0.039160216301295736              
7       37             -0.039160216301295764              
7       33             -0.03916021630129579               
7       34             -0.03916021630129579               
7       40             -0.03916021630129579               
7       38             -0.03916021630129582               
7       39             -0.03916021630129582               
7       31             -0.039160216301295875              
7       28             -0.0391602163012959                
7       36             -0.0391602163012959                
16      41             -0.04578428947685276               
16      29             -0.04578428947685276               
1       5              -0.04971641949390082               
6       11             -0.05513874306168198               
7       10             -0.05830241131857694               
1       22             -0.05958701732359806               
8       13             -0.07002058030081237               
3       24             -0.07357059560599988               
3       23             -0.0735705956059999                
3       42             -0.07357059560599996               
3       43             -0.07357059560600002               
3       37             -0.07357059560600004               
3       40             -0.07357059560600004               
3       35             -0.07357059560600007               
3       39             -0.07357059560600007               
3       25             -0.07357059560600007               
3       27             -0.0735705956060001                
3       32             -0.0735705956060001                
3       34             -0.0735705956060001                
3       38             -0.0735705956060001                
3       33             -0.07357059560600013               
3       28             -0.07357059560600016               
3       36             -0.07357059560600016               
3       30             -0.07357059560600018               
3       31             -0.07357059560600018               
9       29             -0.07444189825676584               
9       41             -0.07444189825676606               
2       10             -0.07621144685737724               
5       42             -0.08022892904696824               
5       43             -0.08022892904696827               
5       35             -0.08022892904696832               
5       25             -0.08022892904696832               
5       30             -0.08022892904696838               
5       31             -0.08022892904696838               
5       32             -0.08022892904696838               
5       33             -0.08022892904696838               
5       38             -0.08022892904696838               
5       36             -0.0802289290469684                
5       39             -0.0802289290469684                
5       40             -0.0802289290469684                
5       37             -0.08022892904696843               
5       27             -0.08022892904696846               
5       28             -0.08022892904696849               
5       34             -0.08022892904696849               
5       23             -0.08022892904697079               
5       24             -0.08022892904697088               
3       29             -0.08346951693414828               
3       41             -0.08346951693414834               
7       21             -0.08437755460178586               
2       20             -0.08499318198057815               
3       11             -0.08847323768899751               
1       16             -0.089615129217684                 
2       4              -0.09188334657891528               
2       17             -0.09196090668335655               
9       17             -0.09236009490632113               
2       19             -0.09647050628054088               
16      20             -0.09677974219465879               
3       8              -0.09735093343190981               
3       18             -0.09753563458404224               
12      23             -0.10046307801159324               
12      24             -0.10046307801159343               
12      27             -0.10046307801159515               
12      25             -0.10046307801159515               
12      42             -0.10046307801159515               
12      43             -0.10046307801159515               
12      37             -0.10046307801159521               
12      39             -0.10046307801159524               
12      40             -0.10046307801159524               
12      38             -0.10046307801159526               
12      31             -0.10046307801159529               
12      32             -0.10046307801159532               
12      30             -0.10046307801159535               
12      33             -0.10046307801159535               
12      34             -0.10046307801159535               
12      35             -0.10046307801159535               
12      36             -0.10046307801159535               
12      28             -0.10046307801159565               
5       8              -0.10191082532485646               
3       4              -0.10191110941018411               
7       22             -0.10357704831846648               
5       15             -0.1070967461154696                
8       14             -0.10927411146061017               
6       9              -0.11229431898114461               
4       24             -0.11692306226050148               
4       23             -0.11692306226050159               
4       25             -0.11692306226050214               
4       31             -0.11692306226050225               
4       42             -0.11692306226050225               
4       43             -0.11692306226050225               
4       30             -0.11692306226050231               
4       37             -0.11692306226050231               
4       32             -0.11692306226050234               
4       27             -0.11692306226050236               
4       34             -0.11692306226050239               
4       36             -0.11692306226050239               
4       38             -0.11692306226050239               
4       39             -0.11692306226050239               
4       35             -0.11692306226050242               
4       40             -0.11692306226050242               
4       33             -0.11692306226050247               
4       28             -0.11692306226050261               
14      17             -0.12043147476899607               
20      23             -0.12144507544023114               
20      24             -0.12144507544023131               
20      25             -0.12144507544023167               
20      42             -0.12144507544023173               
20      43             -0.12144507544023173               
20      38             -0.12144507544023178               
20      36             -0.12144507544023181               
20      34             -0.12144507544023184               
20      35             -0.12144507544023184               
20      37             -0.12144507544023184               
20      39             -0.12144507544023184               
20      40             -0.12144507544023184               
20      31             -0.12144507544023189               
20      32             -0.12144507544023189               
20      33             -0.12144507544023192               
20      30             -0.12144507544023195               
20      27             -0.12144507544023206               
20      28             -0.12144507544023225               
2       43             -0.12160965823928879               
2       31             -0.12160965823928885               
2       32             -0.12160965823928885               
2       27             -0.12160965823928888               
2       35             -0.12160965823928888               
2       39             -0.12160965823928888               
2       42             -0.12160965823928888               
2       37             -0.1216096582392889                
2       38             -0.1216096582392889                
2       40             -0.1216096582392889                
2       34             -0.12160965823928893               
2       36             -0.12160965823928893               
2       25             -0.12160965823928893               
2       33             -0.12160965823928896               
2       30             -0.12160965823928899               
2       23             -0.1216096582392891                
2       28             -0.12160965823928915               
2       24             -0.12160965823928924               
11      16             -0.12698122811544177               
8       41             -0.13001700413119632               
8       29             -0.13001700413119638               
9       12             -0.13280273171391332               
26      29             -0.1335765576412405                
26      41             -0.1335765576412406                
5       7              -0.1350197875840357                
7       29             -0.13631986133409096               
7       41             -0.13631986133409124               
13      26             -0.1363679519238531                
12      19             -0.13749619259137436               
20      29             -0.1410940593709864                
20      41             -0.14109405937098646               
19      42             -0.14179152236414472               
19      43             -0.14179152236414472               
19      30             -0.14179152236414483               
19      37             -0.14179152236414483               
19      27             -0.14179152236414486               
19      31             -0.14179152236414486               
19      35             -0.14179152236414486               
19      40             -0.14179152236414486               
19      36             -0.14179152236414488               
19      38             -0.14179152236414488               
19      39             -0.14179152236414488               
19      25             -0.14179152236414488               
19      34             -0.14179152236414494               
19      33             -0.14179152236414497               
19      32             -0.141791522364145                 
19      28             -0.14179152236414502               
19      23             -0.14179152236414655               
19      24             -0.14179152236414685               
3       26             -0.14417597217905964               
3       16             -0.1446538998981135                
13      19             -0.14572395836785557               
12      20             -0.15313676470564608               
2       5              -0.155151796020215                 
4       20             -0.15545935149612933               
3       22             -0.1576945796207997                
6       23             -0.16021419713920027               
6       25             -0.1602141971392003                
6       30             -0.16021419713920032               
6       33             -0.16021419713920032               
6       42             -0.16021419713920032               
6       43             -0.16021419713920032               
6       31             -0.16021419713920035               
6       34             -0.16021419713920035               
6       24             -0.16021419713920035               
6       27             -0.16021419713920038               
6       32             -0.1602141971392004                
6       35             -0.1602141971392004                
6       36             -0.1602141971392004                
6       39             -0.1602141971392004                
6       40             -0.1602141971392004                
6       37             -0.16021419713920043               
6       38             -0.16021419713920043               
6       28             -0.1602141971392006                
3       6              -0.1641001075718484                
17      20             -0.17698599150314803               
8       17             -0.17762905205205987               
3       17             -0.18135941048981924               
17      26             -0.18166354566349577               
5       16             -0.1844471928243801                
19      29             -0.18556635951837475               
19      41             -0.18556635951837486               
2       6              -0.1863909432826769                
9       42             -0.18727421669489416               
9       43             -0.18727421669489416               
9       27             -0.1872742166948942                
9       30             -0.18727421669489422               
9       32             -0.18727421669489425               
9       39             -0.18727421669489425               
9       31             -0.18727421669489427               
9       33             -0.18727421669489427               
9       38             -0.18727421669489427               
9       34             -0.1872742166948943                
9       37             -0.1872742166948943                
9       40             -0.1872742166948943                
9       25             -0.1872742166948943                
9       35             -0.18727421669489436               
9       36             -0.18727421669489436               
9       28             -0.18727421669489447               
9       23             -0.18727421669489666               
9       24             -0.18727421669489674               
21      29             -0.18949958132196743               
21      41             -0.1894995813219677                
3       7              -0.19319022011447678               
16      27             -0.19574346330644135               
16      34             -0.19574346330644135               
16      43             -0.19574346330644135               
16      30             -0.19574346330644138               
16      33             -0.19574346330644138               
16      42             -0.19574346330644138               
16      31             -0.1957434633064414                
16      32             -0.1957434633064414                
16      25             -0.19574346330644143               
16      36             -0.19574346330644146               
16      37             -0.19574346330644146               
16      39             -0.19574346330644146               
16      38             -0.1957434633064415                
16      40             -0.1957434633064415                
16      35             -0.19574346330644152               
16      28             -0.19574346330644166               
16      23             -0.19574346330644632               
16      24             -0.19574346330644646               
9       14             -0.20079820788663272               
11      17             -0.20102872831855478               
5       10             -0.20200042637176485               
10      29             -0.20569330921109624               
10      41             -0.2056933092110964                
1       23             -0.2140460046016706                
1       24             -0.21404600460167061               
1       32             -0.2140460046016715                
1       42             -0.2140460046016715                
1       31             -0.21404600460167156               
1       33             -0.21404600460167156               
1       30             -0.21404600460167159               
1       34             -0.21404600460167159               
1       39             -0.21404600460167159               
1       43             -0.21404600460167159               
1       25             -0.2140460046016716                
1       38             -0.21404600460167164               
1       40             -0.21404600460167164               
1       36             -0.21404600460167167               
1       35             -0.21404600460167172               
1       27             -0.21404600460167175               
1       37             -0.21404600460167178               
1       28             -0.2140460046016719                
11      43             -0.21974613527103207               
11      42             -0.21974613527103212               
11      31             -0.21974613527103218               
11      37             -0.21974613527103218               
11      25             -0.21974613527103218               
11      38             -0.2197461352710322                
11      35             -0.21974613527103223               
11      27             -0.21974613527103226               
11      30             -0.21974613527103226               
11      32             -0.21974613527103226               
11      33             -0.21974613527103226               
11      40             -0.21974613527103226               
11      39             -0.2197461352710323                
11      34             -0.21974613527103232               
11      36             -0.21974613527103232               
11      28             -0.21974613527103237               
11      23             -0.21974613527103237               
11      24             -0.21974613527103237               
21      26             -0.2202745080825677                
4       21             -0.22108830736163188               
13      43             -0.2224226912675107                
13      24             -0.2224226912675107                
13      42             -0.22242269126751074               
13      23             -0.22242269126751077               
13      30             -0.2224226912675108                
13      32             -0.2224226912675108                
13      35             -0.2224226912675108                
13      39             -0.2224226912675108                
13      25             -0.2224226912675108                
13      36             -0.22242269126751082               
13      37             -0.22242269126751082               
13      38             -0.22242269126751082               
13      27             -0.22242269126751085               
13      34             -0.22242269126751085               
13      31             -0.2224226912675109                
13      40             -0.2224226912675109                
13      33             -0.2224226912675109                
13      28             -0.22242269126751102               
17      19             -0.22502502668784702               
4       29             -0.22791142006631449               
4       41             -0.2279114200663146                
16      19             -0.2283000008747088                
18      23             -0.23069590185223643               
18      24             -0.2306959018522365                
18      42             -0.23069590185223754               
18      43             -0.23069590185223757               
18      31             -0.23069590185223762               
18      27             -0.23069590185223765               
18      34             -0.23069590185223765               
18      35             -0.23069590185223765               
18      39             -0.23069590185223765               
18      40             -0.23069590185223765               
18      25             -0.23069590185223765               
18      30             -0.23069590185223768               
18      32             -0.23069590185223768               
18      33             -0.23069590185223768               
18      36             -0.23069590185223768               
18      37             -0.23069590185223768               
18      38             -0.23069590185223768               
18      28             -0.2306959018522379                
2       26             -0.23587183092779412               
21      24             -0.23615972439777777               
21      23             -0.23615972439777783               
21      42             -0.23615972439777852               
21      43             -0.23615972439777855               
21      25             -0.2361597243977786                
21      27             -0.23615972439777863               
21      37             -0.23615972439777866               
21      30             -0.23615972439777866               
21      38             -0.23615972439777866               
21      36             -0.2361597243977787                
21      40             -0.23615972439777871               
21      35             -0.23615972439777871               
21      39             -0.23615972439777871               
21      31             -0.23615972439777871               
21      32             -0.23615972439777871               
21      34             -0.23615972439777871               
21      33             -0.23615972439777874               
21      28             -0.23615972439777877               
18      20             -0.24002869558129336               
7       17             -0.24029734617237247               
4       16             -0.2427954987707579                
8       9              -0.25422951719267367               
6       12             -0.2588195723802564                
2       29             -0.26290337006499287               
2       41             -0.262903370064993                 
22      29             -0.26654841249041833               
22      41             -0.26654841249041844               
3       12             -0.26666154148275256               
10      24             -0.27216059736200504               
10      23             -0.27216059736200515               
10      42             -0.2721605973620059                
10      43             -0.27216059736200593               
10      35             -0.27216059736200604               
10      32             -0.27216059736200604               
10      30             -0.27216059736200604               
10      31             -0.27216059736200604               
10      34             -0.27216059736200604               
10      37             -0.27216059736200604               
10      38             -0.27216059736200604               
10      39             -0.27216059736200604               
10      25             -0.27216059736200604               
10      33             -0.27216059736200604               
10      40             -0.27216059736200604               
10      36             -0.2721605973620061                
10      27             -0.27216059736200615               
10      28             -0.27216059736200626               
1       17             -0.2739015685744046                
12      17             -0.27455938527133805               
6       29             -0.282604256924868                 
6       41             -0.2826042569248683                
14      43             -0.2834129557938956                
14      24             -0.2834129557938956                
14      25             -0.28341295579389564               
14      42             -0.28341295579389564               
14      23             -0.2834129557938957                
14      30             -0.28341295579389575               
14      32             -0.28341295579389575               
14      27             -0.2834129557938958                
14      31             -0.2834129557938958                
14      34             -0.2834129557938958                
14      35             -0.2834129557938958                
14      38             -0.2834129557938958                
14      40             -0.2834129557938958                
14      33             -0.2834129557938958                
14      36             -0.2834129557938958                
14      37             -0.2834129557938958                
14      39             -0.2834129557938958                
14      28             -0.2834129557938961                
22      23             -0.2845449500572503                
22      24             -0.28454495005725033               
22      42             -0.28454495005725056               
22      43             -0.28454495005725056               
22      31             -0.28454495005725067               
22      33             -0.28454495005725067               
22      32             -0.28454495005725067               
22      39             -0.28454495005725067               
22      25             -0.28454495005725067               
22      27             -0.28454495005725067               
22      30             -0.28454495005725067               
22      36             -0.28454495005725067               
22      37             -0.28454495005725067               
22      38             -0.28454495005725067               
22      40             -0.28454495005725067               
22      35             -0.2845449500572507                
22      34             -0.2845449500572507                
22      28             -0.28454495005725094               
6       26             -0.28479621894056295               
7       26             -0.2849275799871541                
8       26             -0.28864303292780935               
18      19             -0.28928121775471394               
4       26             -0.2970872829444708                
13      17             -0.2984491652266407                
18      29             -0.30131157380700424               
18      41             -0.30131157380700446               
7       11             -0.30198671116572817               
5       18             -0.3032266103732337                
15      42             -0.3082725709413033                
15      43             -0.3082725709413033                
15      25             -0.3082725709413034                
15      32             -0.30827257094130345               
15      34             -0.30827257094130345               
15      39             -0.30827257094130345               
15      33             -0.30827257094130345               
15      36             -0.30827257094130345               
15      31             -0.30827257094130345               
15      38             -0.30827257094130345               
15      27             -0.30827257094130345               
15      40             -0.30827257094130345               
15      35             -0.30827257094130345               
15      30             -0.30827257094130345               
15      37             -0.30827257094130345               
15      28             -0.3082725709413037                
15      24             -0.30827257094130384               
15      23             -0.3082725709413039                
1       3              -0.3292307151446042                
9       26             -0.33505384073604927               
5       14             -0.33885258999619544               
4       17             -0.3411867082268894                
7       19             -0.35709187467445747               
8       11             -0.362459599420089                 
12      26             -0.3767790543707522                
5       20             -0.38594840297304506               
8       20             -0.41436843228515285               
8       19             -0.4254538434491459                
7       20             -0.43447843513393347               
1       8              -0.4357847121266109                
16      26             -0.44730843773352325               
18      26             -0.4516444645365894                
13      21             -0.5162060070885088                
