#======================================================================
# PARAMETERS USED FOR THIS COMPUTATION: 
#      Sequence type: RNA
#      Total number of sequences in alignment data: 63
#      Length of sequences in alignment data: 49
#      Effective number of sequences: 10.07918552036199
#      Value of sequence identity: 0.8
#      Value of relative pseudocount: 0.5
# The First and Second columns represent sites and the
# Third column is MFDCA Frobenius norm, average product corrected (APC) DCA score
#======================================================================
35      36             0.8026403167517101                 
1       3              0.7870671395371176                 
1       15             0.7002517955209273                 
9       24             0.6986785650018618                 
20      24             0.691043886569638                  
40      46             0.6808241469319444                 
20      47             0.674086804609195                  
6       9              0.6571140316349904                 
11      42             0.6406257801838465                 
29      39             0.6347795169648915                 
9       20             0.6161190265356622                 
3       15             0.600588797123143                  
24      47             0.5957147842686568                 
2       10             0.5924188909719761                 
5       7              0.5882917401713315                 
32      43             0.5592048672312739                 
15      38             0.5589272281559243                 
35      42             0.5559546676883508                 
13      18             0.5410153947733193                 
9       47             0.5395200526205809                 
16      21             0.5388169998261736                 
19      48             0.5278421395611846                 
36      42             0.5275798941987475                 
30      45             0.5243542009606084                 
12      17             0.51236769167881                   
23      44             0.5052142396016308                 
33      41             0.4718987746541779                 
30      39             0.4687141416274455                 
13      37             0.4666245392974761                 
22      27             0.4619821606145864                 
17      32             0.4579031525756978                 
6       20             0.4518511204955527                 
29      30             0.44590507286680003                
17      19             0.44034440617336096                
28      39             0.42172039412238144                
38      46             0.4177039420317764                 
28      31             0.41346447410072484                
21      46             0.41036382118304493                
28      29             0.4098825961593555                 
39      45             0.40838364482805917                
6       49             0.40389548370404676                
24      43             0.40335241602647853                
6       24             0.39936982846544855                
22      23             0.39677111912910407                
29      45             0.39173359961228876                
1       17             0.3862269901279473                 
21      34             0.38502998038894626                
18      34             0.38004934400331003                
23      27             0.3797582080096233                 
1       38             0.3797407655638353                 
34      35             0.36883695745061834                
6       47             0.3688172712195572                 
4       8              0.3670083038444488                 
25      46             0.3664476062718123                 
18      37             0.36520478100721554                
11      39             0.36500972272611243                
15      24             0.36074960715054344                
34      36             0.3585675209766771                 
17      48             0.3559196794769961                 
22      33             0.35558195679003624                
38      40             0.3545059896418772                 
12      19             0.35449834151624665                
25      40             0.3533014338421917                 
11      29             0.35304553021557533                
32      35             0.3515590975097497                 
31      44             0.3514261167717375                 
43      44             0.3502452383641553                 
5       22             0.34822474071698284                
30      31             0.3471914289921511                 
22      41             0.34675914459407686                
3       17             0.34556637513771876                
10      11             0.34383770239597267                
32      36             0.34135830541623136                
27      33             0.3364911828542088                 
16      34             0.33507876512452534                
39      42             0.33139065077887514                
6       8              0.33081292818145824                
34      46             0.328782279520123                  
15      25             0.32482502487309645                
7       22             0.32458184130341355                
25      28             0.324345764740042                  
27      41             0.32362137543473746                
10      21             0.32275267747902014                
25      39             0.32092559368113577                
24      38             0.31949236413259724                
21      26             0.3190890799158232                 
10      28             0.3178247238393288                 
5       27             0.3177890374540063                 
29      42             0.3154584317060709                 
7       8              0.311810673966207                  
25      29             0.30919322639245017                
18      22             0.30775670417184486                
2       16             0.30353407137755395                
16      46             0.30316806571691024                
11      35             0.30272905515136267                
18      21             0.30208013105608533                
31      45             0.30034202831420453                
42      45             0.29993944018018937                
2       21             0.29740618158992116                
5       20             0.2955515492605909                 
5       8              0.29518234586183545                
23      31             0.29494893456134746                
23      33             0.2938247536722073                 
15      17             0.2927453394524328                 
11      40             0.2926118789196467                 
7       27             0.2918185323889471                 
18      27             0.291816275360781                  
11      36             0.29060313505513036                
30      33             0.2900551491629637                 
14      19             0.2854011942834047                 
1       19             0.28427909371778237                
11      28             0.28307529129456005                
23      41             0.2824177712570302                 
3       38             0.2763577501018584                 
33      44             0.2760174591352626                 
20      22             0.2750720625947105                 
7       20             0.27331992568428637                
20      33             0.2714469922875166                 
17      43             0.26975142838058525                
5       33             0.26767385715366837                
30      41             0.2667081479571458                 
28      30             0.26591009367493423                
5       23             0.2654247052241637                 
2       40             0.26499866432293673                
16      18             0.26446204861403555                
13      35             0.2641567402750509                 
31      33             0.26337080621539677                
41      44             0.2615588356813852                 
4       6              0.26029592046464634                
28      43             0.2595016227710817                 
20      41             0.2591382459960545                 
22      44             0.2583787109889205                 
20      27             0.2583562842531587                 
22      45             0.25500955435823425                
11      45             0.2539922224221614                 
7       30             0.25244177159216896                
12      48             0.2517990557217848                 
14      26             0.25047158650080525                
26      28             0.24874543474748545                
5       41             0.24838176225117892                
12      32             0.24629638147919544                
1       48             0.2450144632749161                 
1       9              0.24471901601904222                
31      41             0.24435810793264845                
7       23             0.24307216294188244                
15      32             0.24210593793747315                
4       14             0.24156116785390402                
27      44             0.23882863725463938                
25      45             0.238350235147873                  
11      34             0.23831510454158572                
7       33             0.23737451472778043                
13      36             0.2354959440619756                 
44      45             0.23478157342423922                
25      47             0.23468347333725137                
11      30             0.2340821120812489                 
27      45             0.23351431399980327                
33      45             0.23215058590682103                
21      43             0.23199931275056052                
23      26             0.23109110879368083                
12      14             0.22920066553039958                
11      25             0.22751902799215845                
3       8              0.22710302254924516                
3       9              0.22674815873691762                
21      44             0.2266413987550821                 
2       28             0.22419713972529048                
31      37             0.21989287438101474                
35      43             0.21902798253105793                
26      44             0.21860052164448518                
41      45             0.21772855164487437                
22      30             0.21709329713809034                
2       38             0.2165452167062985                 
7       41             0.21602716192303856                
5       18             0.21583125973711242                
13      22             0.2147218796118917                 
1       8              0.2141464018291921                 
18      33             0.21279341971325755                
26      43             0.21220144335417934                
47      49             0.20936568228324365                
40      47             0.20923508229478177                
15      47             0.20529116649686807                
18      23             0.20524548021328515                
2       31             0.2035840342657943                 
5       45             0.20277375922729368                
18      41             0.20253080157905406                
36      43             0.20150052641323063                
9       49             0.19984287088542246                
21      28             0.19918351778561583                
43      46             0.1989553965034011                 
5       44             0.19878309430503932                
9       43             0.19687120103763817                
7       18             0.19442433269857295                
8       9              0.19344794248263245                
10      31             0.19303585972741166                
2       4              0.19282217074029245                
24      40             0.19274524116123504                
11      18             0.19196168357911736                
10      42             0.19095145163958704                
19      26             0.18794183555863198                
11      21             0.18787964394404394                
8       14             0.1876362238096748                 
9       15             0.18751605852272984                
20      23             0.18567371330839505                
25      31             0.18498754203164258                
14      48             0.18447879132916822                
27      30             0.18440306042288124                
13      27             0.18426624888030063                
25      38             0.18405878460944847                
25      30             0.18272252886601542                
35      38             0.18026125812467658                
10      16             0.17802184392602183                
43      49             0.17650535082423918                
3       12             0.17640463833710895                
44      46             0.17595198229583864                
3       4              0.17584741880637694                
2       11             0.1752066911343338                 
7       44             0.17509702591884185                
22      31             0.17483180072040466                
38      42             0.17463495076692026                
16      26             0.17438468547262043                
10      39             0.17361018224439073                
4       19             0.17358499791233148                
7       45             0.173408818641262                  
18      46             0.17101179621531848                
30      42             0.17098055213225843                
34      49             0.16951149464375898                
10      43             0.16855531919682654                
28      42             0.16830588405936953                
4       26             0.16740037073431815                
12      15             0.167293143538504                  
1       12             0.16638593982835082                
24      25             0.16551527767417995                
24      28             0.16135310003030912                
21      38             0.16003521061275472                
31      39             0.1596361563663793                 
10      29             0.15612787912183396                
33      37             0.15455877242689198                
32      49             0.1542100272248167                 
25      42             0.15338781948852187                
27      31             0.15211718192278756                
1       24             0.15035846472372089                
46      47             0.15014347793481503                
28      45             0.14962584357216968                
23      45             0.14876553048055352                
32      42             0.1486927238688845                 
36      38             0.14867664465393882                
17      35             0.1463984769313859                 
10      40             0.14590436714168487                
2       37             0.14542456471713794                
8       47             0.14407063876656254                
17      36             0.14362755742162264                
24      49             0.14248395679166248                
4       7              0.1421865438720578                 
48      49             0.141869147388124                  
29      31             0.14168018044777808                
14      27             0.14107556884732142                
34      37             0.1397281409865973                 
10      34             0.13886076536536446                
13      33             0.13533835397373944                
4       5              0.1346531853163611                 
40      42             0.13434350823557295                
11      13             0.1341550990894531                 
11      16             0.13392569496409523                
14      49             0.13359740635471107                
13      17             0.13327264492422364                
1       32             0.1331619869670853                 
4       9              0.13196544963610884                
28      44             0.13021237441660588                
11      12             0.12912546321490254                
37      41             0.12734359280851615                
18      20             0.1270075938204368                 
14      22             0.1263284271858381                 
14      17             0.1261713750805989                 
12      26             0.1259750020677971                 
39      40             0.1259376274428346                 
34      38             0.12563510867966982                
23      30             0.12557810277217674                
10      44             0.12384228856994706                
1       4              0.12381499731722184                
4       38             0.12260087549823778                
11      46             0.12168868028667545                
13      34             0.12091526169778205                
29      49             0.1202013278861942                 
5       31             0.11899853180131087                
8       25             0.11879290942073173                
39      49             0.11805085994637515                
6       7              0.11681306968479366                
5       30             0.11637906935492137                
41      49             0.11580974243605191                
3       19             0.11580146518830647                
13      41             0.11511822568866498                
18      35             0.1140440773286241                 
33      49             0.11343714866490978                
20      49             0.11338814470624109                
3       48             0.11323268114718654                
14      16             0.11263977910829415                
30      44             0.1097684828156863                 
18      36             0.10929580234380598                
29      40             0.1090997096884177                 
23      37             0.10884936132201517                
34      40             0.10873062289535618                
3       24             0.10863619404168684                
8       19             0.1070364024298999                 
3       40             0.10633845812763348                
20      44             0.10623081406037937                
21      23             0.10481345650047247                
5       6              0.10322885935952619                
13      42             0.10286253990250138                
21      40             0.10274399646517052                
10      46             0.10237857952251539                
20      30             0.10146266095941864                
21      35             0.10064142361039247                
16      37             0.10047325088995968                
24      26             0.09926563794577103                
19      49             0.09859221681394173                
21      36             0.0979346035141258                 
9       32             0.09385574308841971                
24      32             0.09343314172231704                
10      47             0.09333279598942334                
10      30             0.09324778952377422                
13      23             0.09323814158096838                
18      44             0.0917369480671994                 
18      31             0.0917303839275363                 
47      48             0.09097609049021288                
15      46             0.0909684638641492                 
6       42             0.0897658673569014                 
4       48             0.08970741063997892                
6       28             0.08921409593627072                
5       13             0.08667709457327166                
4       49             0.08567969479828627                
7       31             0.08542552086948912                
26      48             0.08533331869633076                
17      42             0.08499559381437166                
12      13             0.08428842319758234                
8       15             0.08404048453352214                
2       15             0.08286731983758977                
19      27             0.08106256584081456                
10      35             0.08105222705232557                
3       32             0.07979928959474175                
8       48             0.07799615147834238                
10      25             0.07795896119545465                
38      47             0.07746670513371323                
40      43             0.07670253299708618                
8       26             0.0729724208626095                 
6       43             0.07227795055502251                
19      22             0.07219155691414603                
18      45             0.07094512099266459                
22      37             0.06966219567628773                
30      37             0.06930137680300086                
2       3              0.06773163092004802                
4       12             0.06765877274571125                
21      37             0.0665313034052753                 
35      46             0.06634666761781105                
11      38             0.06591857511934374                
15      42             0.06532516381437281                
37      44             0.06513560984701561                
16      19             0.06486338455454427                
36      46             0.06404920425353156                
14      15             0.06360489172827738                
10      36             0.06260777446030014                
6       14             0.062212839936410635               
13      21             0.061989674241934245               
32      40             0.06183185079719056                
23      28             0.061796926788508066               
18      30             0.06123665541763251                
9       44             0.05929087483983175                
16      36             0.05893734378762361                
16      35             0.058725144445289645               
1       25             0.058274735773137465               
32      38             0.058064730670116194               
2       8              0.05723704321780049                
28      40             0.0572327811430986                 
24      46             0.056830772528532525               
3       7              0.05592575629554297                
2       25             0.0557738514991693                 
23      43             0.05517663495987479                
26      27             0.05472787025719811                
31      43             0.054608349816281654               
14      29             0.05254128616582726                
7       13             0.05242295927566548                
12      22             0.05220966645071129                
36      49             0.051394509770516295               
20      31             0.05099452327685494                
34      42             0.050706284484940856               
1       7              0.050543691408108715               
12      37             0.050280594033802695               
10      45             0.05014651396021008                
20      25             0.05001516555424079                
9       48             0.04837019081943966                
3       37             0.04806723180686007                
35      49             0.047832103283929284               
22      26             0.04735302181355838                
3       6              0.0470223266392259                 
4       16             0.04681958346430287                
26      49             0.04634402508074584                
40      44             0.04581550761008535                
20      45             0.045608718689094                  
12      27             0.045152365527643706               
17      26             0.043754795142323                  
14      39             0.043455334820308                  
17      24             0.041864803683680396               
37      38             0.04146222064676297                
28      49             0.04135843115729343                
37      40             0.04129522164647692                
3       5              0.041217445282231036               
2       32             0.040489438727296934               
10      18             0.039200478715842424               
13      16             0.03906094008183231                
27      37             0.03844446136156898                
40      48             0.03806803339966913                
13      20             0.036689431197084454               
15      20             0.036336152675264244               
12      43             0.03519946002964669                
5       37             0.03501541118427831                
4       27             0.034631152894935235               
24      48             0.034236054801888294               
6       44             0.03416960588804169                
1       5              0.0338293531002144                 
4       22             0.03332085429049053                
10      26             0.03254414269035344                
6       34             0.03048243911322418                
13      19             0.03029528640223489                
25      26             0.02890670424889291                
34      47             0.02809020568169851                
1       6              0.027864009592197758               
6       45             0.027268762036148197               
14      21             0.026398340724469893               
14      23             0.025837642846785414               
14      32             0.024218814629076435               
3       47             0.022937314660832486               
12      49             0.022640271849680593               
1       37             0.022515301604920657               
9       38             0.02194491184982622                
1       47             0.021580221451236614               
7       9              0.021300877474174973               
16      38             0.02069170818831939                
12      24             0.019285152907949576               
10      17             0.01898261504223847                
14      47             0.01897208145576118                
37      45             0.018465993153886695               
17      40             0.017364632594628393               
3       25             0.017200892866539197               
4       15             0.01648468345693277                
1       10             0.01546846976575672                
29      48             0.014011846254043614               
2       12             0.013287951802211928               
2       47             0.013143331510564071               
39      48             0.011655614371057832               
32      48             0.011339977869898987               
34      48             0.011186339848313076               
9       17             0.01095630255009128                
8       49             0.01083157480701094                
26      46             0.010683981874059723               
2       26             0.010531507458289902               
8       43             0.01041912557596486                
14      34             0.010035552441641893               
19      38             0.009694480756499146               
32      41             0.009667005059913858               
11      17             0.009526913264740755               
5       9              0.008722467061049122               
8       46             0.008430814971307599               
32      33             0.007265820794016942               
6       19             0.005995757539767388               
25      36             0.00430137319255125                
17      38             0.003935993128119597               
44      48             0.003392281779223405               
8       16             0.002832525061295943               
43      48             0.002107968609437072               
8       22             0.0019965732490044297              
25      35             0.001452406024463282               
8       27             0.0013418722976869801              
16      40             0.0013396164129069188              
15      19             0.0011961941024528633              
4       40             0.0005324484746903613              
12      16             0.00021266003046999105             
29      32             0.00015204115598538293             
24      45             0.000129391824990166               
10      19             -0.00019574250019321893            
19      29             -0.0011262471725942413             
32      39             -0.002523467885490571              
1       2              -0.003200511776338788              
4       17             -0.004338999729160131              
2       39             -0.00435316209037051               
3       14             -0.004410576225223006              
38      43             -0.004764985322401216              
2       6              -0.0063492145050739746             
13      31             -0.006396240851871182              
9       12             -0.0069492204988371165             
19      39             -0.007356073906398253              
7       37             -0.008717225954247121              
2       34             -0.008858559773032793              
30      40             -0.008966281688472133              
46      48             -0.009123526460620368              
13      44             -0.010923733641160838              
12      35             -0.011321654698010164              
5       14             -0.011835179179072841              
41      48             -0.012287950419637872              
32      34             -0.013219306491109084              
20      37             -0.013224413434545779              
4       29             -0.013844674213875946              
27      48             -0.014713236487650438              
14      41             -0.014779413957044546              
7       14             -0.015095967012912354              
33      48             -0.015463378574680053              
15      49             -0.015997811393105632              
4       39             -0.016088431615709026              
3       16             -0.01623707708227995               
22      48             -0.01726388764285397               
35      37             -0.017547811016715542              
12      36             -0.017605911916833                 
13      46             -0.018359982422985754              
10      38             -0.018677918811225824              
11      37             -0.01903988808284679               
11      31             -0.01990497251173501               
29      47             -0.020929117408154396              
19      34             -0.020962833941877423              
14      33             -0.021089095913641803              
28      46             -0.021191752680877196              
42      46             -0.021415531041752534              
21      31             -0.022131864794046552              
9       45             -0.022277575291284046              
15      36             -0.022885072158007724              
18      38             -0.02298475382941395               
45      48             -0.02347454253109893               
14      28             -0.023557702620655763              
39      47             -0.023984193802280507              
3       49             -0.024018127731057437              
30      46             -0.024385680254188746              
2       29             -0.024446471989741037              
2       41             -0.02500318276429958               
15      35             -0.025327881256523077              
10      13             -0.025444861750023473              
16      48             -0.025501894904329636              
6       48             -0.026513747936348947              
21      42             -0.027131076974601098              
15      26             -0.027514161697447026              
19      23             -0.02758011644425995               
46      49             -0.027769253019925888              
19      32             -0.028036605235766177              
4       34             -0.028464685613822344              
13      45             -0.028580986230724414              
20      40             -0.028755829213447437              
19      40             -0.0314548845506909                
16      28             -0.03187404802321764               
19      21             -0.03225890320060848               
4       32             -0.032317577052555946              
17      27             -0.03297899937259724               
13      30             -0.0329919398754574                
19      47             -0.033230692302777226              
6       39             -0.03327911554640828               
14      25             -0.033959893496364135              
4       47             -0.03445210422604564               
8       12             -0.034620578902286536              
3       26             -0.0347733903056863                
6       29             -0.03496178170896935               
8       37             -0.0355979237381997                
9       40             -0.03627065700022647               
17      22             -0.03660017648377828               
15      16             -0.03710903935917942               
32      47             -0.03750680299778486               
12      28             -0.03794621570908391               
4       23             -0.03824864100693029               
1       49             -0.038366969962531194              
8       20             -0.03904507064141388               
9       14             -0.03963782182625114               
7       43             -0.040102335020427426              
11      15             -0.0404680298726513                
10      20             -0.04056322643339516               
16      29             -0.041651908899338674              
21      24             -0.04205891923367572               
4       24             -0.0422028266730452                
2       33             -0.04235530908993995               
18      40             -0.04261579035474472               
16      32             -0.042756380550265954              
4       21             -0.04321428987858561               
6       41             -0.04364819347866988               
13      48             -0.043694546395286915              
26      32             -0.04376188205977816               
16      39             -0.043860254827244094              
6       33             -0.04401032419911266               
29      34             -0.04431411124721185               
14      18             -0.04467158838426172               
12      23             -0.0449239307436371                
1       14             -0.04540184933750241               
16      23             -0.04548748747976139               
41      47             -0.04557728031358438               
17      37             -0.045845254330081686              
34      41             -0.04595995017384896               
36      37             -0.04617596072095359               
31      34             -0.04645195398097557               
29      41             -0.04659761384744898               
15      37             -0.046667877544105896              
2       14             -0.046856420390841425              
25      43             -0.04711985691661874               
16      17             -0.04712252744696044               
19      41             -0.04728434230801162               
1       16             -0.0476461911037897                
34      39             -0.04833912693799941               
2       18             -0.04888970050410213               
33      47             -0.04915145812290661               
5       43             -0.04957899998486387               
39      41             -0.049689010269845874              
15      48             -0.05008955517737057               
33      34             -0.05034201106175751               
8       36             -0.05034687462595827               
17      49             -0.05064298697039621               
29      33             -0.05067562753193225               
27      49             -0.05073583300919321               
6       26             -0.0508778017680179                
6       32             -0.051101070490339046              
24      44             -0.051220691844510724              
36      48             -0.051801623909596056              
11      14             -0.05211027066359003               
19      33             -0.05223868757977554               
14      36             -0.052324195566616216              
10      24             -0.052344679385075754              
4       41             -0.0524070135977068                
8       35             -0.05329188356802797               
3       10             -0.05331732502473885               
8       32             -0.05369937012172096               
33      39             -0.053989000430082285              
26      31             -0.05413236936220933               
23      24             -0.054179575846522554              
7       47             -0.05418474918426408               
1       40             -0.05457668599375143               
11      44             -0.05474043075002755               
18      42             -0.05495513425305715               
16      49             -0.05501470013109669               
37      46             -0.05511547631004654               
28      37             -0.05553418723070597               
4       33             -0.055540002662800264              
22      49             -0.05591860853748623               
4       10             -0.0562400042931383                
2       42             -0.056981446627737076              
16      30             -0.057274525847501534              
35      48             -0.05740512113636323               
12      47             -0.057535510550522445              
16      27             -0.05756025218279437               
12      39             -0.0579580132817272                
13      32             -0.058032356030660426              
12      29             -0.058236757811730544              
37      39             -0.058442232117186854              
3       28             -0.05904021916910385               
6       46             -0.05910154431284148               
8       29             -0.05962050920619616               
2       17             -0.05968924120708324               
7       36             -0.060246379985954                 
26      37             -0.060379305345356044              
8       39             -0.0606275551194729                
10      12             -0.06147651373550689               
13      14             -0.06206553947823834               
10      37             -0.06263045199611905               
9       25             -0.06276970656408781               
1       42             -0.06293942846273992               
3       34             -0.06317333558590082               
26      47             -0.06337279164779006               
29      37             -0.06394942627608818               
31      36             -0.06431520903567534               
14      24             -0.06582465889282157               
5       36             -0.06592296755079424               
19      36             -0.06599380331713575               
14      35             -0.06653651333995192               
6       15             -0.06681523813225582               
13      29             -0.06734064216526531               
2       48             -0.06741936981439495               
16      22             -0.06751657410861722               
2       9              -0.06800863698668108               
8       34             -0.0681288687636589                
8       17             -0.06845291169773188               
10      48             -0.06912210956587822               
45      49             -0.06931196130909428               
10      23             -0.06934718823320302               
32      46             -0.06975664831533274               
5       47             -0.07043505167686837               
13      26             -0.07088507601189831               
11      32             -0.07229679368413283               
36      40             -0.07229820736234605               
19      35             -0.07263169003411776               
2       46             -0.07311675260185108               
35      40             -0.07462178277601256               
21      30             -0.07509435653315599               
29      36             -0.07541047435956344               
5       19             -0.07631817751724523               
26      41             -0.07707064640680417               
17      47             -0.07748171411368168               
7       15             -0.07768005339569761               
29      46             -0.07790386846035208               
7       19             -0.07798421533989203               
12      41             -0.07868284938243114               
8       31             -0.07887298552126876               
9       26             -0.0795376465985711                
13      39             -0.08024361688292414               
26      33             -0.08045053064291624               
8       41             -0.08063064509406126               
12      33             -0.08099704922142589               
44      47             -0.08135309611377267               
16      43             -0.08141063483322258               
7       35             -0.08160734690288804               
4       37             -0.08165921080185318               
26      29             -0.08171121789959748               
16      45             -0.08182227371673456               
19      28             -0.08204361222769394               
36      39             -0.08221289402125048               
31      42             -0.08264969819621032               
7       25             -0.08276724437734029               
2       20             -0.0827780022378764                
29      35             -0.08303018559933273               
8       33             -0.08310349804056955               
38      48             -0.08318765500461278               
1       34             -0.08332436763867612               
26      36             -0.08340236158165124               
42      49             -0.0835488435747927                
1       46             -0.08365897971685282               
3       21             -0.08381564921274631               
31      35             -0.08416666949748841               
4       36             -0.08485612799113187               
5       35             -0.08508354381427818               
26      39             -0.0852907051700788                
14      37             -0.08615550338874137               
26      35             -0.08622711296627833               
20      48             -0.08636663449756071               
32      37             -0.08654924774221834               
37      48             -0.08676134280348291               
9       35             -0.08676582500604885               
30      49             -0.08694998254093753               
1       35             -0.08739804207930468               
8       23             -0.08761883671770185               
44      49             -0.08835489656456186               
39      46             -0.08893283210056857               
16      44             -0.08910686490648517               
35      39             -0.08917744367682867               
4       35             -0.08970078671704734               
4       28             -0.08993726700817475               
8       21             -0.09063990302212441               
16      42             -0.09086504614479002               
2       19             -0.09089436982688348               
1       26             -0.09110222521643913               
42      48             -0.09123384875947044               
5       15             -0.09165652536136304               
6       36             -0.0918924455217088                
7       48             -0.09296308947657192               
18      19             -0.09350482856423326               
6       35             -0.0938061148345499                
8       13             -0.09405550482284916               
24      42             -0.09437908638925857               
40      45             -0.09532821912760842               
7       26             -0.09617669196827483               
2       49             -0.09642524933879906               
20      42             -0.09647414873355892               
13      28             -0.09668584046111578               
17      46             -0.09701803883624988               
15      27             -0.09720454583771965               
1       36             -0.09735670500933757               
17      34             -0.0976083551486743                
5       26             -0.0981042996483851                
12      42             -0.09980778599981296               
27      38             -0.10016883239796531               
5       48             -0.10073231487453013               
14      38             -0.10104483311302068               
31      40             -0.1018293970128199                
26      34             -0.1022784212043362                
12      46             -0.10248331068372979               
23      48             -0.10253735339845504               
3       13             -0.1025547233613297                
9       36             -0.10272030448532465               
43      45             -0.10354234764170978               
5       46             -0.10404620023692951               
6       16             -0.10418607978358604               
15      34             -0.10426281182443908               
2       30             -0.10513098438777846               
1       28             -0.10518903875783114               
21      29             -0.10559109444517134               
2       7              -0.10575904186673152               
37      49             -0.10605002606071737               
12      34             -0.10625454917728663               
2       43             -0.1065125747269714                
26      40             -0.10651523623217185               
28      36             -0.10681834860413897               
21      39             -0.1068281641799898                
7       49             -0.10709566627611819               
15      22             -0.1071615323876974                
12      40             -0.10720346356794566               
19      37             -0.10745072338708175               
36      41             -0.10846442288030872               
6       22             -0.10857184280341811               
7       32             -0.1099959905213014                
5       49             -0.11018812077252052               
5       25             -0.1103477068077689                
6       27             -0.11098744690148299               
8       24             -0.11120287115502506               
2       27             -0.11219183913525227               
33      36             -0.112219404202404                 
9       19             -0.11288320560692011               
35      41             -0.1128902848439754                
4       13             -0.11474149047508567               
9       42             -0.11495484740094919               
5       32             -0.11522620336408396               
3       31             -0.11530042951092723               
27      32             -0.11548322857067059               
13      25             -0.11550613097963552               
28      35             -0.11582364417127639               
14      45             -0.116528029123419                 
8       18             -0.11707622929785322               
27      29             -0.11727156836915303               
33      35             -0.11732647561826276               
4       46             -0.11753172511175347               
6       17             -0.11762152687032643               
42      43             -0.11782055632893584               
15      43             -0.11804158393728498               
33      43             -0.11961498732287393               
36      47             -0.11969583863049324               
22      32             -0.12036452456953733               
25      49             -0.12061694999944936               
20      38             -0.12076806383147065               
7       12             -0.12116151419704078               
41      43             -0.12161026553288037               
29      43             -0.1216657544228773                
22      29             -0.1217729229791599                
38      49             -0.122011513179483                 
29      44             -0.12225861026604656               
10      41             -0.1224470493393024                
27      39             -0.12263505499751418               
14      30             -0.12294972379553074               
9       28             -0.12318507138497797               
12      38             -0.1243219705630722                
17      23             -0.12495288576144262               
6       25             -0.12553342827361513               
2       5              -0.1258987965980192                
39      43             -0.12673663297779636               
4       18             -0.1271928639458837                
35      47             -0.12734457847494451               
18      43             -0.1275620793653906                
14      20             -0.12758386941662303               
39      44             -0.12772410919216864               
27      40             -0.12785264572507193               
3       20             -0.1282776562735689                
16      41             -0.12832769356600882               
22      39             -0.12851842691209556               
38      39             -0.12856147804867446               
3       46             -0.12858289435316772               
27      47             -0.12880925030456278               
4       20             -0.12893504985631102               
19      25             -0.12906609815737927               
42      47             -0.12916886591336896               
5       12             -0.12936657615374036               
23      49             -0.12953679078885583               
22      38             -0.12991562019650588               
25      32             -0.1301483756731175                
1       21             -0.13068395535476868               
5       16             -0.1308034320608934                
3       41             -0.13080597904586372               
16      33             -0.131816992915455                 
21      32             -0.13192170420935084               
21      45             -0.13219114791305092               
17      29             -0.13306453531082021               
29      38             -0.13393258703904887               
7       16             -0.13396840097038396               
1       13             -0.13404831459841926               
14      43             -0.13446680732380728               
2       22             -0.1354536208837868                
1       20             -0.135622046089861                 
37      42             -0.13564903925457727               
19      24             -0.1359852491253621                
22      47             -0.13677403142190958               
9       37             -0.13690851477556418               
12      21             -0.13739299855576667               
17      39             -0.13747600443864658               
3       29             -0.13814690610995592               
8       42             -0.13863305588659927               
23      40             -0.13930448847213694               
14      44             -0.14048025205149497               
23      34             -0.14054302888259343               
23      36             -0.1405601055427763                
2       44             -0.1408704380455632                
11      43             -0.14089826867195954               
27      34             -0.1409652069368126                
14      42             -0.1414361998546695                
6       12             -0.14149067641218616               
12      31             -0.141550064937913                 
3       27             -0.1418188061165628                
23      29             -0.14186785736580296               
21      48             -0.14188232076956483               
3       35             -0.14346433946731074               
3       33             -0.14423923990779766               
10      33             -0.1444515318098462                
9       16             -0.14496295820296495               
1       31             -0.14511434020543312               
23      47             -0.1454468168977016                
8       30             -0.146043308409953                 
23      39             -0.14647408034759485               
22      34             -0.14697975562037544               
43      47             -0.1471350714442457                
23      35             -0.14790392084342383               
16      47             -0.14833596264764806               
8       45             -0.1487159106696989                
45      47             -0.14932476246091042               
3       39             -0.14951203198503396               
15      28             -0.1496527968223137                
6       37             -0.1503698674640313                
31      38             -0.1509779814963244                
13      43             -0.1512345205571461                
3       22             -0.15159730705212493               
25      34             -0.15186530214571603               
19      43             -0.1521393069599274                
13      49             -0.15217328747161385               
26      42             -0.15218860064886097               
1       43             -0.1522088755244606                
7       29             -0.1524210458575927                
18      32             -0.1526077092969223                
9       46             -0.15276758570545895               
17      41             -0.15334887284012347               
9       27             -0.15386894400813197               
9       23             -0.15424182314236987               
38      41             -0.15494534073590954               
3       36             -0.15510353061649182               
19      42             -0.15518893572246506               
30      32             -0.15521179151353204               
2       45             -0.1554547922863958                
1       41             -0.15674368148020873               
17      33             -0.1575924462240124                
3       42             -0.1581249108879031                
23      46             -0.15892377826546278               
9       22             -0.15909836850751188               
15      21             -0.1594213348050721                
12      18             -0.1594481930680807                
14      46             -0.1595923392694857                
9       39             -0.15965028844335277               
5       29             -0.1605010721483389                
31      49             -0.16091002653049125               
31      46             -0.16110583544486673               
22      40             -0.16120409334023456               
18      26             -0.16125240062208773               
4       25             -0.16136079905889217               
27      36             -0.16150682897311086               
11      19             -0.1616164730096446                
9       29             -0.1620804528522429                
8       44             -0.16223387609416184               
21      49             -0.16262498461218605               
3       23             -0.1631028578643456                
4       43             -0.1631169466181758                
12      20             -0.16355350685937894               
5       34             -0.16409763183874707               
7       39             -0.16460699759614442               
23      42             -0.1650861461763083                
2       24             -0.16513238965897664               
7       34             -0.16524345941097415               
26      30             -0.16560853820313742               
21      27             -0.16587439818813854               
9       10             -0.16617229412256457               
37      43             -0.1668523821297746                
17      21             -0.1671532667054199                
24      36             -0.16768529896358103               
6       13             -0.1677215926085852                
1       33             -0.1681107345381347                
9       41             -0.16848969484925116               
5       39             -0.16876277626512073               
9       33             -0.1687814426919747                
24      35             -0.16898944852267672               
7       17             -0.16982869335584536               
34      43             -0.17002921236076501               
4       44             -0.17020428174227645               
30      48             -0.17056401863136106               
40      41             -0.17071592581721223               
31      48             -0.17076779928813907               
25      41             -0.17077979063805612               
30      36             -0.17115340687057085               
19      30             -0.17173444756606884               
20      43             -0.17174410048805816               
21      22             -0.17183466724229116               
3       30             -0.17204481009176578               
19      20             -0.172402179792306                 
5       17             -0.17261453167629406               
15      29             -0.17271854514162416               
27      35             -0.17275130926158683               
33      38             -0.17288939136965895               
34      45             -0.17319610965097207               
6       23             -0.1733292704025361                
4       30             -0.1734437714767667                
13      15             -0.1734876656012861                
22      36             -0.1738844283227274                
25      33             -0.17474048845840773               
25      37             -0.1748279143704629                
23      25             -0.1748978203518232                
34      44             -0.1752497223470336                
16      24             -0.17574480717679314               
6       31             -0.17661147552623946               
28      34             -0.1774195959509128                
36      45             -0.1780435945647248                
30      34             -0.17831902044487152               
13      38             -0.17877131912771466               
9       34             -0.17933282839624398               
24      27             -0.17944391231683893               
14      31             -0.17980674261585614               
15      39             -0.18004212567600344               
7       28             -0.18056228656746376               
13      47             -0.18083773161694722               
7       42             -0.18136379572867986               
6       38             -0.1818925325376932                
16      25             -0.18223874175186258               
25      48             -0.1824807181279485                
3       43             -0.1827174122046743                
5       38             -0.1829526841445811                
20      26             -0.18313413036096876               
19      45             -0.18341190169767627               
7       38             -0.1834920220470773                
12      30             -0.18359234863744361               
28      38             -0.18371982837192047               
22      35             -0.18403958548501073               
36      44             -0.18410031309666985               
12      25             -0.18413385220220327               
8       28             -0.18442266686133446               
14      40             -0.18445321362685005               
19      31             -0.18460693567025016               
15      41             -0.1849258884940508                
4       31             -0.18492594605230367               
21      25             -0.1850086912919231                
1       29             -0.18535238033844756               
18      48             -0.1858069818529996                
12      44             -0.18600026603041017               
26      38             -0.18612077032066665               
23      32             -0.1861937397704206                
22      24             -0.1864529980696478                
4       11             -0.18647023410990515               
12      45             -0.18671843473779526               
41      46             -0.18676845736622746               
5       28             -0.18703186055556167               
30      43             -0.1873075615762726                
1       27             -0.18787763840624172               
30      35             -0.18859578424040094               
19      44             -0.18872443935896976               
15      33             -0.18955510429267614               
1       22             -0.1904869573772269                
4       45             -0.190987097052657                 
33      40             -0.19121911238525177               
4       42             -0.19161924097046776               
35      45             -0.1924148074034957                
11      41             -0.19275353839989084               
30      38             -0.19282100560164173               
5       42             -0.19288398395644046               
1       39             -0.19392541902114616               
28      48             -0.19583586983523324               
35      44             -0.19619982427973565               
11      33             -0.19626686485522468               
3       18             -0.19629416827924404               
2       23             -0.19668029742307547               
17      20             -0.19748406043063127               
6       30             -0.19762263851478432               
27      28             -0.1977004564060964                
17      18             -0.19772672776795452               
7       46             -0.19907395769308078               
8       38             -0.19919626888554404               
33      46             -0.19984294631093696               
28      32             -0.20013847517931735               
9       13             -0.20081921504063457               
22      28             -0.20140394814076248               
15      23             -0.20150429702116623               
8       11             -0.20151116575786113               
19      46             -0.20178878183618174               
15      40             -0.20182754382213924               
26      45             -0.20338616315287242               
1       11             -0.20458905746922057               
21      41             -0.20459308151783656               
6       21             -0.20460599726153128               
40      49             -0.20480948909116925               
18      49             -0.20685253907594264               
5       21             -0.20764977010131833               
9       21             -0.20768232274874154               
21      33             -0.20787542971430903               
1       23             -0.20839719954393773               
11      26             -0.20840820455332698               
1       30             -0.20853509373486942               
7       21             -0.20869465551703406               
11      23             -0.21005910227339636               
13      24             -0.21007317442930512               
10      15             -0.21011041862615126               
18      29             -0.21139814599963747               
28      41             -0.2120509855286674                
20      28             -0.21231230982083682               
32      44             -0.21285585714936517               
30      47             -0.21339696736830963               
20      34             -0.21352281645301713               
21      47             -0.21375104646268803               
25      27             -0.21453377062680576               
24      37             -0.21459994562749587               
11      27             -0.2161328850601713                
18      39             -0.21627762968985959               
24      31             -0.2164241659938838                
15      31             -0.21718192800424094               
8       40             -0.2172146540820817                
22      25             -0.21756827143393256               
28      33             -0.21785246061996041               
17      28             -0.2182191786865448                
11      22             -0.2185390750960322                
27      46             -0.2191335340042913                
24      41             -0.21945429649959508               
20      32             -0.22011674782742535               
6       18             -0.22075661394831367               
31      47             -0.2211656941555701                
10      49             -0.22120205173092103               
9       31             -0.22134627618208097               
24      29             -0.22172682194658222               
11      48             -0.2219086042924486                
11      49             -0.22195597343457923               
24      33             -0.2220762967305598                
31      32             -0.22380974828239114               
24      39             -0.225538216138695                 
9       11             -0.22797113219791507               
24      34             -0.22836342499500187               
17      25             -0.229027820445421                 
41      42             -0.2294114197694486                
25      44             -0.22981212897510833               
7       24             -0.2309595096161305                
1       18             -0.23107642530413683               
37      47             -0.233091773109153                 
13      40             -0.233969722117499                 
7       40             -0.23397238420280228               
38      45             -0.23562148637938496               
22      46             -0.23710474846239007               
7       11             -0.23750486965812323               
38      44             -0.23789502925424083               
10      27             -0.2390468901125473                
8       10             -0.2397502064326658                
3       44             -0.23978869396287078               
20      29             -0.24000628344240946               
33      42             -0.24064519320063749               
2       35             -0.24298136413430033               
5       24             -0.24335246150225587               
6       11             -0.24339302588907014               
11      47             -0.24410186181880877               
20      39             -0.24465612706869058               
32      45             -0.24468170936000566               
3       11             -0.24557745652204888               
5       11             -0.24576839408460766               
2       36             -0.24585998034369144               
27      43             -0.24667251913405586               
28      47             -0.251714977868428                 
42      44             -0.25300098083545025               
5       40             -0.2530415837679898                
15      18             -0.25306171489725837               
15      45             -0.25374518552404957               
20      46             -0.254055446780862                 
10      32             -0.25473305693200604               
16      20             -0.255551516324045                 
18      28             -0.257047622508768                 
22      43             -0.25712915596898833               
11      24             -0.25757733156112217               
2       13             -0.2579445235811121                
27      42             -0.2580919396248761                
17      31             -0.2648192816060113                
16      31             -0.2655588702914722                
17      30             -0.26684613132161084               
22      42             -0.26954964112196844               
17      45             -0.2702421846415221                
7       10             -0.27116466320674004               
18      47             -0.27362871997116456               
17      44             -0.27383719136063694               
24      30             -0.2756120293666465                
18      24             -0.2760424143704334                
10      22             -0.27609914410810793               
1       44             -0.2778094323381285                
9       30             -0.2791982142338624                
6       40             -0.28162819244012477               
9       18             -0.28453042636264464               
20      36             -0.28462517654765607               
15      30             -0.29150862225919455               
15      44             -0.2930464213444737                
20      35             -0.2967909970150647                
45      46             -0.29871158147884175               
23      38             -0.2993946964112496                
5       10             -0.30144339613088134               
6       10             -0.31458789815743027               
20      21             -0.3168128257011642                
18      25             -0.3181241703129767                
10      14             -0.3196768040734463                
3       45             -0.327886203920853                 
1       45             -0.336958012957652                 
11      20             -0.367500870889511                 
