#======================================================================
# PARAMETERS USED FOR THIS COMPUTATION: 
#      Sequence type: RNA
#      Total number of sequences in alignment data: 13
#      Length of sequences in alignment data: 41
#      Effective number of sequences: 1.3205128205128205
#      Value of sequence identity: 0.8
#      Value of relative pseudocount: 0.5
# The First and Second columns represent sites and the
# Third column is MFDCA Frobenius norm, average product corrected (APC) DCA score
#======================================================================
15      30             2.473607861624059                  
11      12             1.3575664159214607                 
11      14             1.2991427825325532                 
7       11             1.2369786314860947                 
14      15             1.0468401403510272                 
14      30             1.0468401403510268                 
12      13             0.9415091254137843                 
10      34             0.9183173782548295                 
10      31             0.9183173782548294                 
31      34             0.9183173782548264                 
7       12             0.836131414199639                  
12      14             0.8220398540147116                 
9       25             0.7778778336799711                 
9       12             0.7571559252097138                 
11      13             0.7385852653801046                 
11      30             0.7181088475615932                 
11      15             0.7181088475615931                 
15      34             0.6777851933118608                 
15      31             0.6777851933118605                 
30      34             0.6777851933118605                 
30      31             0.6777851933118604                 
10      30             0.6777851933118602                 
10      15             0.6777851933118598                 
11      25             0.647304463999485                  
12      15             0.635709689501688                  
12      30             0.6357096895016879                 
11      31             0.547029352199584                  
11      34             0.5470293521995839                 
10      11             0.5470293521995823                 
9       34             0.5456201311057335                 
9       31             0.5456201311057334                 
9       10             0.5456201311057318                 
13      14             0.5388890163036926                 
15      25             0.4185119438328874                 
25      30             0.4185119438328872                 
9       15             0.4075162977239255                 
9       30             0.4075162977239255                 
9       13             0.3922193596766018                 
12      25             0.3300047502417681                 
14      31             0.30657839567008294                
14      34             0.3065783956700829                 
10      14             0.30657839567008244                
9       11             0.3002423202064892                 
14      25             0.23631043829793608                
13      15             0.17852450977613787                
13      30             0.1785245097761372                 
7       25             0.13943792572272257                
12      31             0.10385894433379828                
12      34             0.10385894433379822                
10      12             0.10385894433379739                
13      25             0.0985037301127678                 
9       14             0.08740380111650875                
16      23             0.07092768283849976                
6       23             0.07092768283849968                
8       23             0.07092768283849965                
16      24             0.0709276828384996                 
20      22             0.0709276828384996                 
6       24             0.07092768283849957                
8       24             0.07092768283849954                
16      22             0.0709276828384994                 
20      21             0.07092768283849937                
16      21             0.07092768283849935                
3       23             0.07092768283849932                
17      24             0.07092768283849929                
21      22             0.07092768283849929                
3       24             0.07092768283849926                
16      20             0.07092768283849923                
17      23             0.07092768283849912                
2       3              0.07092768283849907                
16      19             0.07092768283849904                
19      23             0.07092768283849901                
19      24             0.07092768283849901                
16      18             0.07092768283849898                
18      22             0.07092768283849896                
3       5              0.07092768283849887                
17      20             0.07092768283849885                
19      22             0.07092768283849885                
16      17             0.07092768283849882                
3       4              0.07092768283849879                
17      22             0.07092768283849879                
18      21             0.07092768283849876                
18      20             0.07092768283849873                
19      20             0.07092768283849862                
19      21             0.0709276828384986                 
5       33             0.07092768283849854                
17      21             0.07092768283849854                
5       32             0.07092768283849851                
18      24             0.07092768283849851                
5       29             0.07092768283849846                
18      23             0.07092768283849846                
20      23             0.07092768283849846                
18      19             0.07092768283849846                
17      19             0.07092768283849846                
5       36             0.07092768283849843                
5       26             0.0709276828384984                 
17      18             0.0709276828384984                 
5       38             0.07092768283849837                
5       28             0.07092768283849835                
20      24             0.07092768283849835                
5       41             0.07092768283849832                
5       40             0.07092768283849832                
5       27             0.07092768283849829                
5       35             0.07092768283849826                
5       39             0.07092768283849826                
2       27             0.07092768283849826                
4       33             0.07092768283849823                
4       28             0.07092768283849821                
4       29             0.07092768283849821                
5       37             0.07092768283849821                
4       26             0.07092768283849821                
2       28             0.07092768283849821                
2       29             0.07092768283849821                
2       32             0.07092768283849821                
2       26             0.07092768283849821                
2       33             0.07092768283849818                
2       36             0.07092768283849818                
4       32             0.07092768283849815                
4       27             0.07092768283849815                
2       35             0.07092768283849815                
2       37             0.07092768283849815                
2       38             0.07092768283849815                
2       39             0.07092768283849815                
4       38             0.07092768283849812                
2       41             0.0709276828384981                 
2       40             0.0709276828384981                 
4       41             0.07092768283849807                
4       35             0.07092768283849807                
4       36             0.07092768283849807                
1       29             0.07092768283849807                
4       37             0.07092768283849801                
4       39             0.07092768283849801                
1       32             0.07092768283849801                
1       35             0.07092768283849799                
4       40             0.07092768283849796                
1       28             0.07092768283849796                
1       27             0.07092768283849796                
1       37             0.07092768283849793                
1       33             0.07092768283849793                
1       36             0.07092768283849793                
1       26             0.0709276828384979                 
2       4              0.07092768283849787                
1       41             0.07092768283849787                
1       38             0.07092768283849787                
1       39             0.07092768283849782                
8       26             0.07092768283849779                
1       40             0.07092768283849776                
6       28             0.07092768283849776                
6       29             0.07092768283849776                
6       26             0.07092768283849776                
8       33             0.07092768283849776                
6       33             0.07092768283849774                
8       28             0.07092768283849774                
22      24             0.07092768283849774                
1       2              0.07092768283849771                
6       27             0.07092768283849771                
6       37             0.07092768283849768                
6       38             0.07092768283849768                
6       36             0.07092768283849768                
8       38             0.07092768283849765                
6       41             0.07092768283849762                
6       35             0.07092768283849762                
8       29             0.07092768283849762                
8       32             0.07092768283849762                
22      23             0.07092768283849762                
8       41             0.0709276828384976                 
8       35             0.0709276828384976                 
8       36             0.0709276828384976                 
6       39             0.07092768283849757                
6       40             0.07092768283849757                
8       27             0.07092768283849757                
6       32             0.07092768283849754                
8       37             0.07092768283849754                
8       39             0.07092768283849754                
8       40             0.07092768283849754                
5       23             0.07092768283849749                
3       6              0.07092768283849749                
6       8              0.07092768283849746                
5       24             0.07092768283849743                
3       27             0.0709276828384974                 
3       28             0.07092768283849735                
4       23             0.07092768283849732                
3       33             0.07092768283849732                
3       29             0.07092768283849729                
3       32             0.07092768283849729                
21      28             0.07092768283849729                
3       41             0.07092768283849726                
3       35             0.07092768283849726                
3       36             0.07092768283849726                
3       26             0.07092768283849724                
21      29             0.07092768283849724                
4       24             0.07092768283849721                
3       37             0.07092768283849721                
3       38             0.07092768283849721                
3       39             0.07092768283849721                
3       40             0.07092768283849721                
3       8              0.07092768283849721                
21      41             0.07092768283849721                
21      37             0.07092768283849721                
21      33             0.07092768283849721                
21      36             0.07092768283849721                
21      32             0.07092768283849718                
21      26             0.07092768283849718                
21      27             0.07092768283849718                
21      35             0.07092768283849715                
21      38             0.07092768283849715                
21      39             0.07092768283849715                
19      28             0.07092768283849712                
21      40             0.0709276828384971                 
19      29             0.07092768283849707                
19      26             0.07092768283849701                
19      27             0.07092768283849701                
19      35             0.07092768283849699                
19      33             0.07092768283849699                
19      36             0.07092768283849699                
18      27             0.07092768283849696                
19      32             0.07092768283849696                
19      41             0.07092768283849693                
19      37             0.07092768283849693                
19      39             0.07092768283849693                
2       23             0.0709276828384969                 
2       24             0.0709276828384969                 
18      28             0.0709276828384969                 
19      38             0.07092768283849687                
19      40             0.07092768283849687                
18      29             0.07092768283849685                
18      32             0.07092768283849685                
18      26             0.07092768283849685                
18      36             0.07092768283849682                
17      28             0.07092768283849679                
17      29             0.07092768283849679                
17      32             0.07092768283849679                
17      26             0.07092768283849679                
1       23             0.07092768283849676                
18      41             0.07092768283849676                
18      35             0.07092768283849676                
18      40             0.07092768283849676                
17      39             0.07092768283849676                
17      33             0.07092768283849676                
17      27             0.07092768283849674                
18      37             0.07092768283849671                
18      39             0.07092768283849671                
17      35             0.07092768283849671                
17      38             0.07092768283849671                
18      33             0.07092768283849671                
17      36             0.07092768283849671                
17      41             0.07092768283849665                
18      38             0.07092768283849665                
1       24             0.0709276828384966                 
17      37             0.0709276828384966                 
20      38             0.0709276828384966                 
20      32             0.0709276828384966                 
17      40             0.07092768283849654                
20      28             0.07092768283849654                
20      33             0.07092768283849651                
20      41             0.07092768283849649                
20      35             0.07092768283849649                
20      37             0.07092768283849643                
20      39             0.07092768283849643                
20      29             0.07092768283849643                
20      26             0.07092768283849643                
20      27             0.07092768283849643                
16      32             0.0709276828384964                 
16      26             0.0709276828384964                 
20      36             0.0709276828384964                 
20      40             0.07092768283849638                
16      28             0.07092768283849635                
16      27             0.07092768283849635                
16      35             0.07092768283849632                
16      38             0.07092768283849632                
16      39             0.07092768283849632                
16      33             0.07092768283849632                
16      36             0.07092768283849632                
22      28             0.07092768283849632                
1       4              0.07092768283849629                
16      29             0.07092768283849629                
16      41             0.07092768283849626                
16      37             0.07092768283849626                
22      29             0.07092768283849626                
22      26             0.07092768283849626                
1       5              0.07092768283849621                
16      40             0.07092768283849621                
22      27             0.07092768283849621                
22      35             0.07092768283849618                
22      38             0.07092768283849618                
22      39             0.07092768283849618                
22      36             0.07092768283849618                
22      41             0.07092768283849613                
22      37             0.07092768283849613                
22      40             0.07092768283849613                
22      33             0.07092768283849613                
22      32             0.0709276828384961                 
2       6              0.07092768283849607                
1       3              0.07092768283849604                
1       6              0.07092768283849593                
39      41             0.07092768283849579                
38      39             0.07092768283849576                
37      39             0.07092768283849571                
37      41             0.07092768283849568                
40      41             0.07092768283849568                
37      38             0.07092768283849565                
39      40             0.07092768283849565                
38      41             0.07092768283849563                
5       6              0.07092768283849554                
5       8              0.07092768283849554                
37      40             0.07092768283849554                
38      40             0.07092768283849554                
21      23             0.07092768283849549                
21      24             0.07092768283849549                
26      27             0.07092768283849549                
1       16             0.07092768283849546                
26      36             0.07092768283849546                
36      39             0.07092768283849543                
28      29             0.07092768283849543                
28      32             0.07092768283849543                
26      32             0.07092768283849543                
26      35             0.0709276828384954                 
26      38             0.0709276828384954                 
26      39             0.0709276828384954                 
27      35             0.0709276828384954                 
26      33             0.0709276828384954                 
36      41             0.07092768283849538                
36      37             0.07092768283849538                
36      38             0.07092768283849538                
36      40             0.07092768283849538                
26      28             0.07092768283849538                
27      28             0.07092768283849538                
27      29             0.07092768283849538                
27      32             0.07092768283849538                
28      35             0.07092768283849535                
28      37             0.07092768283849535                
28      38             0.07092768283849535                
28      39             0.07092768283849535                
26      37             0.07092768283849535                
28      36             0.07092768283849535                
29      36             0.07092768283849535                
27      33             0.07092768283849535                
27      36             0.07092768283849535                
26      29             0.07092768283849532                
28      41             0.07092768283849529                
26      41             0.07092768283849529                
28      40             0.07092768283849529                
29      35             0.07092768283849529                
29      37             0.07092768283849529                
32      39             0.07092768283849529                
27      37             0.07092768283849529                
27      38             0.07092768283849529                
27      39             0.07092768283849529                
28      33             0.07092768283849529                
4       6              0.07092768283849527                
5       17             0.07092768283849527                
33      39             0.07092768283849527                
29      32             0.07092768283849527                
27      41             0.07092768283849524                
29      38             0.07092768283849524                
29      39             0.07092768283849524                
32      35             0.07092768283849524                
32      37             0.07092768283849524                
32      38             0.07092768283849524                
26      40             0.07092768283849524                
27      40             0.07092768283849524                
29      33             0.07092768283849524                
32      36             0.07092768283849524                
2       20             0.07092768283849524                
33      35             0.07092768283849521                
33      37             0.07092768283849521                
33      38             0.07092768283849521                
33      36             0.07092768283849521                
2       8              0.07092768283849518                
29      41             0.07092768283849518                
32      41             0.07092768283849518                
32      40             0.07092768283849518                
32      33             0.07092768283849518                
5       18             0.07092768283849515                
33      41             0.07092768283849515                
35      39             0.07092768283849515                
33      40             0.07092768283849515                
35      36             0.07092768283849515                
23      29             0.07092768283849513                
23      32             0.07092768283849513                
24      32             0.07092768283849513                
23      26             0.07092768283849513                
29      40             0.07092768283849513                
5       20             0.07092768283849513                
35      37             0.0709276828384951                 
35      38             0.0709276828384951                 
23      28             0.07092768283849507                
23      27             0.07092768283849507                
35      41             0.07092768283849507                
5       22             0.07092768283849507                
23      35             0.07092768283849504                
23      38             0.07092768283849504                
23      39             0.07092768283849504                
24      35             0.07092768283849504                
35      40             0.07092768283849504                
2       22             0.07092768283849504                
23      37             0.07092768283849499                
23      40             0.07092768283849499                
24      38             0.07092768283849499                
23      36             0.07092768283849499                
24      33             0.07092768283849499                
5       19             0.07092768283849499                
4       8              0.07092768283849496                
24      28             0.07092768283849496                
24      27             0.07092768283849496                
5       21             0.07092768283849496                
23      41             0.07092768283849493                
24      39             0.07092768283849493                
23      33             0.07092768283849493                
24      29             0.0709276828384949                 
24      26             0.0709276828384949                 
4       18             0.07092768283849488                
24      36             0.07092768283849488                
4       22             0.07092768283849488                
1       22             0.07092768283849485                
24      41             0.07092768283849482                
24      37             0.07092768283849482                
24      40             0.07092768283849482                
2       21             0.07092768283849482                
8       17             0.07092768283849477                
3       16             0.07092768283849474                
2       19             0.07092768283849474                
4       17             0.07092768283849471                
8       22             0.07092768283849468                
4       5              0.07092768283849465                
1       8              0.07092768283849465                
4       19             0.07092768283849465                
4       21             0.07092768283849463                
1       21             0.07092768283849463                
2       18             0.07092768283849463                
1       20             0.07092768283849463                
2       17             0.07092768283849457                
8       20             0.07092768283849457                
1       18             0.07092768283849454                
4       20             0.07092768283849454                
1       17             0.07092768283849449                
6       17             0.07092768283849446                
8       18             0.07092768283849443                
8       21             0.07092768283849443                
6       22             0.07092768283849443                
6       18             0.0709276828384944                 
6       20             0.07092768283849438                
5       16             0.07092768283849435                
3       20             0.07092768283849435                
1       19             0.07092768283849432                
6       21             0.07092768283849432                
6       19             0.0709276828384943                 
8       19             0.07092768283849427                
2       16             0.07092768283849421                
3       21             0.07092768283849418                
3       22             0.07092768283849413                
2       5              0.07092768283849407                
8       16             0.07092768283849393                
3       19             0.07092768283849388                
3       18             0.07092768283849366                
6       16             0.07092768283849366                
4       16             0.07092768283849363                
3       17             0.0709276828384936                 
23      24             0.07092768283849335                
7       14             -0.018736915476513738              
7       28             -0.027440620895597928              
7       26             -0.027440620895597956              
7       39             -0.02744062089559804               
7       36             -0.02744062089559804               
7       29             -0.02744062089559804               
7       27             -0.02744062089559804               
7       37             -0.027440620895598095              
7       38             -0.027440620895598095              
7       32             -0.027440620895598095              
7       33             -0.027440620895598122              
7       41             -0.027440620895598178              
7       35             -0.027440620895598178              
7       40             -0.027440620895598178              
3       7              -0.02744062089559901               
1       7              -0.0274406208955994                
6       7              -0.0274406208955999                
7       24             -0.027440620895600037              
7       23             -0.027440620895600065              
7       22             -0.027440620895600093              
7       20             -0.027440620895600204              
7       17             -0.02744062089560037               
7       16             -0.0274406208956004                
7       19             -0.02744062089560048               
7       21             -0.02744062089560048               
7       18             -0.027440620895600676              
2       7              -0.02744062089560073               
4       7              -0.027440620895601064              
7       8              -0.027440620895602202              
5       7              -0.02744062089560248               
13      34             -0.0298004650805912                
13      31             -0.029800465080591254              
10      13             -0.02980046508059192               
8       25             -0.0801551766563211                
22      25             -0.08015517665632158               
6       25             -0.08015517665632169               
18      25             -0.08015517665632182               
16      25             -0.08015517665632224               
4       25             -0.08015517665632235               
1       25             -0.08015517665632241               
21      25             -0.08015517665632246               
3       25             -0.08015517665632249               
17      25             -0.0801551766563226                
5       25             -0.08015517665632266               
20      25             -0.08015517665632269               
2       25             -0.08015517665632332               
19      25             -0.08015517665632374               
25      26             -0.08015517665632454               
25      27             -0.08015517665632457               
25      28             -0.0801551766563246                
25      33             -0.08015517665632466               
25      36             -0.08015517665632466               
25      29             -0.08015517665632468               
25      32             -0.08015517665632468               
25      39             -0.08015517665632477               
25      37             -0.0801551766563248                
25      38             -0.0801551766563248                
25      41             -0.08015517665632482               
25      35             -0.08015517665632482               
25      40             -0.08015517665632482               
23      25             -0.08015517665632557               
24      25             -0.08015517665632557               
13      23             -0.09662127543390378               
13      24             -0.09662127543390378               
13      26             -0.09662127543390434               
13      33             -0.09662127543390436               
13      29             -0.09662127543390439               
13      27             -0.09662127543390439               
13      28             -0.09662127543390442               
13      32             -0.09662127543390442               
13      36             -0.09662127543390442               
13      35             -0.09662127543390447               
13      38             -0.0966212754339045                
13      39             -0.0966212754339045                
13      37             -0.09662127543390453               
13      40             -0.09662127543390453               
13      41             -0.09662127543390456               
8       13             -0.09662127543390459               
3       13             -0.09662127543390475               
6       13             -0.09662127543390531               
1       13             -0.09662127543390539               
2       13             -0.0966212754339057                
4       13             -0.0966212754339058                
13      22             -0.0966212754339058                
13      20             -0.09662127543390595               
13      21             -0.09662127543390608               
13      17             -0.09662127543390622               
13      16             -0.09662127543390622               
13      19             -0.09662127543390625               
13      18             -0.09662127543390633               
5       13             -0.09662127543390639               
10      24             -0.1412856968402339                
10      23             -0.14128569684023398               
31      33             -0.1412856968402342                
10      28             -0.14128569684023423               
10      27             -0.14128569684023423               
34      36             -0.14128569684023426               
10      26             -0.14128569684023426               
31      35             -0.1412856968402343                
31      36             -0.1412856968402343                
31      32             -0.1412856968402343                
10      29             -0.14128569684023431               
10      32             -0.14128569684023431               
34      38             -0.14128569684023431               
22      31             -0.14128569684023431               
22      34             -0.14128569684023431               
3       10             -0.14128569684023434               
34      35             -0.14128569684023434               
34      37             -0.14128569684023434               
34      39             -0.14128569684023434               
34      40             -0.14128569684023434               
10      36             -0.14128569684023437               
31      37             -0.14128569684023437               
31      38             -0.14128569684023437               
31      39             -0.14128569684023437               
31      40             -0.14128569684023437               
10      33             -0.1412856968402344                
10      35             -0.14128569684023443               
28      34             -0.14128569684023443               
1       10             -0.14128569684023445               
31      41             -0.14128569684023445               
10      37             -0.14128569684023445               
10      39             -0.14128569684023445               
10      40             -0.14128569684023445               
34      41             -0.14128569684023445               
27      34             -0.14128569684023445               
10      38             -0.14128569684023448               
28      31             -0.14128569684023448               
26      34             -0.14128569684023448               
29      31             -0.1412856968402345                
26      31             -0.1412856968402345                
27      31             -0.1412856968402345                
29      34             -0.1412856968402345                
32      34             -0.1412856968402345                
10      41             -0.14128569684023454               
33      34             -0.14128569684023456               
20      31             -0.14128569684023465               
20      34             -0.14128569684023465               
18      34             -0.14128569684023498               
8       10             -0.141285696840235                 
18      31             -0.141285696840235                 
19      34             -0.141285696840235                 
23      34             -0.14128569684023504               
19      31             -0.14128569684023504               
21      34             -0.14128569684023504               
24      31             -0.1412856968402351                
24      34             -0.1412856968402351                
23      31             -0.14128569684023512               
21      31             -0.14128569684023512               
16      34             -0.14128569684023518               
16      31             -0.1412856968402352                
2       10             -0.14128569684023523               
8       34             -0.14128569684023523               
8       31             -0.14128569684023531               
10      22             -0.14128569684023543               
1       31             -0.14128569684023554               
1       34             -0.14128569684023554               
10      20             -0.14128569684023562               
3       34             -0.14128569684023567               
17      34             -0.14128569684023567               
17      31             -0.1412856968402357                
3       31             -0.14128569684023573               
2       34             -0.14128569684023573               
2       31             -0.14128569684023579               
10      17             -0.1412856968402358                
10      19             -0.1412856968402359                
10      21             -0.1412856968402359                
6       10             -0.14128569684023592               
5       10             -0.14128569684023598               
10      18             -0.14128569684023604               
10      16             -0.14128569684023606               
6       34             -0.14128569684023615               
5       34             -0.1412856968402362                
6       31             -0.14128569684023623               
4       31             -0.14128569684023626               
4       34             -0.14128569684023626               
5       31             -0.14128569684023629               
4       10             -0.1412856968402363                
7       13             -0.1525992943408447                
9       26             -0.1529600510635234                
9       23             -0.15296005106352342               
9       24             -0.15296005106352345               
9       27             -0.15296005106352345               
9       33             -0.1529600510635235                
9       28             -0.15296005106352353               
9       29             -0.15296005106352353               
9       36             -0.15296005106352353               
9       32             -0.15296005106352356               
9       35             -0.15296005106352362               
9       38             -0.15296005106352364               
9       39             -0.15296005106352364               
9       37             -0.15296005106352367               
9       40             -0.15296005106352367               
9       41             -0.1529600510635237                
6       9              -0.15296005106352406               
4       9              -0.15296005106352412               
8       9              -0.15296005106352412               
2       9              -0.15296005106352434               
1       9              -0.15296005106352437               
9       22             -0.15296005106352473               
9       20             -0.15296005106352492               
3       9              -0.15296005106352506               
5       9              -0.15296005106352514               
9       21             -0.15296005106352514               
9       19             -0.1529600510635252                
9       17             -0.15296005106352525               
9       16             -0.15296005106352528               
9       18             -0.15296005106352534               
7       15             -0.1641547080482731                
7       30             -0.16415470804827323               
14      26             -0.20251964635953543               
14      27             -0.20251964635953543               
14      28             -0.20251964635953545               
14      29             -0.20251964635953548               
14      32             -0.20251964635953548               
14      33             -0.20251964635953554               
14      36             -0.20251964635953557               
14      35             -0.2025196463595356                
14      39             -0.2025196463595356                
14      37             -0.20251964635953562               
14      38             -0.20251964635953562               
14      40             -0.20251964635953562               
14      41             -0.20251964635953568               
14      23             -0.20251964635953576               
8       14             -0.20251964635953576               
14      24             -0.20251964635953582               
3       14             -0.20251964635953587               
2       14             -0.20251964635953587               
6       14             -0.202519646359536                 
14      22             -0.202519646359536                 
1       14             -0.20251964635953618               
14      20             -0.20251964635953618               
14      21             -0.20251964635953631               
4       14             -0.20251964635953643               
14      17             -0.2025196463595365                
14      19             -0.20251964635953654               
14      18             -0.20251964635953656               
14      16             -0.2025196463595366                
5       14             -0.20251964635953668               
7       9              -0.21487599170079755               
25      34             -0.22281982284434693               
25      31             -0.22281982284434698               
10      25             -0.22281982284434765               
12      26             -0.22383174271772283               
12      27             -0.22383174271772288               
12      28             -0.22383174271772296               
12      32             -0.22383174271772296               
12      29             -0.223831742717723                 
12      33             -0.22383174271772305               
12      36             -0.22383174271772305               
12      35             -0.22383174271772308               
12      37             -0.2238317427177231                
12      39             -0.2238317427177231                
12      38             -0.2238317427177231                
12      40             -0.2238317427177231                
12      41             -0.22383174271772321               
8       12             -0.22383174271772335               
12      22             -0.22383174271772346               
12      23             -0.2238317427177235                
6       12             -0.2238317427177235                
12      24             -0.22383174271772355               
12      20             -0.22383174271772366               
5       12             -0.22383174271772371               
12      21             -0.22383174271772383               
4       12             -0.22383174271772394               
12      17             -0.22383174271772394               
3       12             -0.223831742717724                 
12      19             -0.223831742717724                 
1       12             -0.2238317427177241                
12      18             -0.2238317427177241                
12      16             -0.22383174271772413               
2       12             -0.22383174271772444               
7       10             -0.23366600800510098               
7       34             -0.2336660080051012                
7       31             -0.23366600800510126               
22      30             -0.26025987088810454               
20      30             -0.26025987088810476               
21      30             -0.26025987088810487               
19      30             -0.2602598708881049                
18      30             -0.26025987088810515               
16      30             -0.26025987088810515               
8       30             -0.26025987088810554               
15      26             -0.26025987088810554               
15      27             -0.26025987088810554               
15      22             -0.2602598708881056                
15      29             -0.26025987088810565               
15      32             -0.26025987088810565               
15      28             -0.26025987088810565               
17      30             -0.26025987088810565               
15      33             -0.2602598708881057                
15      36             -0.2602598708881057                
15      38             -0.26025987088810576               
15      39             -0.26025987088810576               
15      37             -0.26025987088810576               
15      35             -0.26025987088810576               
15      40             -0.26025987088810576               
15      20             -0.26025987088810576               
6       30             -0.2602598708881058                
15      41             -0.26025987088810587               
8       15             -0.2602598708881059                
15      21             -0.260259870888106                 
5       30             -0.26025987088810604               
15      17             -0.26025987088810604               
4       30             -0.2602598708881061                
1       30             -0.2602598708881061                
3       30             -0.2602598708881061                
15      23             -0.2602598708881061                
15      24             -0.2602598708881061                
2       30             -0.2602598708881061                
6       15             -0.2602598708881061                
15      19             -0.2602598708881061                
15      16             -0.2602598708881061                
15      18             -0.2602598708881062                
1       15             -0.26025987088810637               
5       15             -0.26025987088810637               
2       15             -0.26025987088810637               
3       15             -0.2602598708881064                
30      33             -0.2602598708881064                
30      36             -0.2602598708881064                
30      32             -0.2602598708881064                
4       15             -0.2602598708881065                
30      39             -0.26025987088810654               
30      37             -0.26025987088810654               
30      38             -0.26025987088810654               
30      40             -0.26025987088810654               
30      35             -0.26025987088810654               
30      41             -0.26025987088810665               
27      30             -0.26025987088810687               
26      30             -0.2602598708881069                
28      30             -0.260259870888107                 
29      30             -0.26025987088810704               
23      30             -0.26025987088810754               
24      30             -0.2602598708881076                
11      26             -0.2892975941412559                
11      27             -0.2892975941412559                
8       11             -0.289297594141256                 
11      28             -0.289297594141256                 
11      29             -0.289297594141256                 
6       11             -0.28929759414125605               
11      36             -0.28929759414125605               
11      32             -0.28929759414125605               
11      38             -0.2892975941412561                
11      33             -0.2892975941412561                
11      35             -0.2892975941412561                
11      39             -0.2892975941412561                
11      37             -0.28929759414125616               
11      40             -0.28929759414125616               
11      41             -0.2892975941412562                
11      22             -0.2892975941412563                
11      20             -0.28929759414125644               
11      23             -0.2892975941412565                
11      24             -0.28929759414125655               
11      16             -0.28929759414125655               
11      21             -0.28929759414125666               
1       11             -0.2892975941412567                
3       11             -0.2892975941412568                
5       11             -0.2892975941412569                
11      19             -0.2892975941412569                
11      17             -0.2892975941412569                
2       11             -0.28929759414125694               
11      18             -0.289297594141257                 
4       11             -0.2892975941412572                
