#======================================================================
# PARAMETERS USED FOR THIS COMPUTATION: 
#      Sequence type: RNA
#      Total number of sequences in alignment data: 10
#      Length of sequences in alignment data: 52
#      Effective number of sequences: 3.7666666666666666
#      Value of sequence identity: 0.8
#      Value of relative pseudocount: 0.5
# The First and Second columns represent sites and the
# Third column is MFDCA Frobenius norm, average product corrected (APC) DCA score
#======================================================================
26      33             1.9074974533180584                 
21      40             1.8010212141895001                 
27      32             1.2410563415512041                 
33      35             1.1356862035740463                 
26      35             1.1356862035740454                 
20      26             0.9191680668752313                 
20      33             0.9191680668752302                 
5       11             0.9082461988583339                 
5       48             0.9082461988583332                 
11      48             0.9082461988583327                 
18      43             0.9007998076117378                 
20      52             0.8968112901751586                 
3       18             0.887715922007265                  
3       43             0.8877159220072637                 
20      35             0.8257792837633045                 
40      41             0.7414023853965204                 
5       18             0.7036703247185618                 
5       43             0.7036703247185601                 
43      48             0.7036703247185601                 
11      18             0.7036703247185601                 
18      48             0.7036703247185593                 
11      43             0.703670324718559                  
50      52             0.6905883776858367                 
17      37             0.6846430585705556                 
4       17             0.6846430585705552                 
4       44             0.6846430585705545                 
4       37             0.6846430585705543                 
17      44             0.6846430585705541                 
37      44             0.6846430585705536                 
33      52             0.6585523441881903                 
26      52             0.6585523441881896                 
31      50             0.6440339544801631                 
31      48             0.56977795932701                   
5       31             0.569777959327009                  
11      31             0.5697779593270077                 
21      41             0.5538415532658899                 
30      44             0.5425459751598214                 
30      37             0.542545975159821                  
17      30             0.5425459751598207                 
4       30             0.5425459751598193                 
3       5              0.5083698635208971                 
3       11             0.5083698635208959                 
3       48             0.5083698635208944                 
18      31             0.5017948803916885                 
31      43             0.5017948803916883                 
3       31             0.4795202244039949                 
17      18             0.46439344203916516                
4       43             0.46439344203916416                
17      43             0.46439344203916394                
18      44             0.4643934420391639                 
37      43             0.46439344203916344                
4       18             0.46439344203916294                
18      37             0.4643934420391626                 
43      44             0.4643934420391624                 
31      40             0.41794387471615124                
30      41             0.4174095434960416                 
27      31             0.4112149742709322                 
31      32             0.41121497427093207                
29      40             0.39869503508718074                
35      50             0.3859277292281358                 
21      31             0.3835785519141871                 
29      31             0.3784243117596344                 
18      30             0.368414702541788                  
30      43             0.368414702541786                  
41      44             0.34676946477831233                
4       41             0.3467694647783102                 
37      41             0.3467694647783094                 
17      41             0.3467694647783089                 
3       41             0.3144942604141725                 
29      50             0.3132945467659374                 
26      50             0.3121261828384636                 
33      50             0.3121261828384633                 
10      38             0.30293330857505635                
14      38             0.3029333085750559                 
10      47             0.30293330857505535                
10      45             0.3029333085750553                 
10      46             0.3029333085750553                 
6       47             0.302933308575055                  
14      47             0.302933308575055                  
6       46             0.30293330857505496                
14      45             0.30293330857505496                
14      46             0.30293330857505496                
6       45             0.30293330857505485                
6       38             0.3029333085750548                 
7       47             0.30293330857505474                
8       47             0.30293330857505474                
7       45             0.3029333085750547                 
7       46             0.3029333085750547                 
8       46             0.30293330857505457                
8       38             0.3029333085750545                 
8       45             0.30293330857505446                
7       38             0.3029333085750542                 
10      23             0.30293330857505407                
10      25             0.30293330857505385                
14      23             0.30293330857505385                
14      25             0.30293330857505374                
23      38             0.3029333085750535                 
6       14             0.30293330857505346                
7       14             0.3029333085750534                 
23      25             0.30293330857505335                
6       25             0.3029333085750533                 
6       23             0.3029333085750533                 
7       25             0.30293330857505324                
8       25             0.30293330857505324                
7       23             0.30293330857505313                
8       23             0.30293330857505313                
7       8              0.302933308575053                  
6       10             0.302933308575053                  
25      38             0.30293330857505296                
8       14             0.30293330857505296                
8       10             0.30293330857505285                
6       8              0.3029333085750524                 
23      47             0.3029333085750524                 
25      46             0.30293330857505235                
23      46             0.30293330857505235                
25      47             0.3029333085750523                 
25      45             0.30293330857505224                
23      45             0.30293330857505213                
6       7              0.30293330857505174                
7       10             0.3029333085750513                 
10      14             0.30293330857505124                
38      45             0.30293330857504974                
46      47             0.30293330857504974                
38      47             0.3029333085750497                 
45      46             0.3029333085750497                 
38      46             0.30293330857504963                
45      47             0.30293330857504963                
29      32             0.28879926634386005                
27      29             0.2887992663438596                 
18      41             0.27524744514395727                
41      43             0.27524744514395516                
28      30             0.2669918096830508                 
21      29             0.26154639299769805                
20      28             0.24269225249539922                
26      28             0.23716748016104244                
28      33             0.2371674801610409                 
21      27             0.2329117412165902                 
21      32             0.23291174121658986                
3       50             0.23147039147984255                
3       4              0.22740028964659065                
3       44             0.22740028964659043                
3       37             0.22740028964658987                
3       17             0.22740028964658965                
35      52             0.22502360686992096                
23      35             0.2097728262357581                 
25      35             0.20977282623575644                
35      46             0.2097728262357561                 
35      47             0.2097728262357561                 
35      45             0.20977282623575577                
35      38             0.20977282623575522                
14      35             0.20977282623575394                
8       35             0.20977282623575372                
10      35             0.2097728262357536                 
7       35             0.20977282623575277                
6       35             0.2097728262357525                 
27      50             0.19116171795095627                
32      50             0.19116171795095616                
26      41             0.18840648637358148                
33      41             0.18840648637358082                
28      29             0.18743940780509855                
28      52             0.16795222143659067                
32      41             0.15943400590821988                
27      41             0.15943400590821977                
41      50             0.15515776301950845                
42      51             0.1486259148802422                 
49      51             0.14862591488024215                
42      49             0.1486259148802421                 
36      49             0.14862591488024207                
34      51             0.14862591488024204                
36      51             0.14862591488024204                
39      51             0.14862591488024204                
39      49             0.14862591488024204                
34      49             0.14862591488024202                
36      42             0.14862591488024127                
39      42             0.1486259148802412                 
34      42             0.14862591488024116                
34      36             0.1486259148802388                 
34      39             0.14862591488023874                
36      39             0.14862591488023874                
24      36             0.14862591488023805                
24      39             0.14862591488023805                
24      34             0.1486259148802376                 
9       15             0.14862591488023755                
9       16             0.14862591488023744                
2       12             0.14862591488023705                
1       2              0.148625914880237                  
19      24             0.14862591488023696                
15      16             0.14862591488023685                
19      22             0.14862591488023685                
13      22             0.14862591488023683                
22      24             0.14862591488023683                
16      24             0.14862591488023663                
16      22             0.14862591488023658                
2       13             0.14862591488023655                
13      19             0.1486259148802365                 
22      36             0.14862591488023644                
15      24             0.1486259148802364                 
13      24             0.14862591488023638                
22      39             0.14862591488023633                
12      13             0.14862591488023633                
15      22             0.1486259148802363                 
9       36             0.1486259148802362                 
15      19             0.1486259148802362                 
16      19             0.1486259148802362                 
22      34             0.14862591488023616                
9       39             0.14862591488023613                
9       34             0.14862591488023602                
15      39             0.148625914880236                  
15      36             0.14862591488023597                
9       13             0.14862591488023588                
9       12             0.14862591488023583                
15      34             0.1486259148802358                 
16      49             0.1486259148802358                 
1       12             0.14862591488023577                
16      51             0.1486259148802357                 
2       22             0.14862591488023566                
16      42             0.14862591488023558                
2       24             0.14862591488023544                
2       19             0.14862591488023544                
12      16             0.1486259148802352                 
12      22             0.1486259148802352                 
12      19             0.14862591488023516                
12      24             0.14862591488023513                
2       9              0.1486259148802351                 
12      15             0.14862591488023502                
2       16             0.14862591488023494                
1       16             0.1486259148802349                 
9       19             0.14862591488023488                
15      42             0.14862591488023486                
16      36             0.14862591488023486                
2       15             0.14862591488023483                
9       22             0.14862591488023483                
16      34             0.1486259148802348                 
16      39             0.14862591488023472                
1       13             0.14862591488023472                
13      16             0.1486259148802346                 
9       24             0.14862591488023455                
13      49             0.1486259148802345                 
13      15             0.14862591488023444                
1       15             0.14862591488023436                
13      42             0.14862591488023433                
13      51             0.14862591488023433                
15      51             0.14862591488023424                
15      49             0.14862591488023424                
12      36             0.14862591488023416                
19      34             0.14862591488023416                
1       24             0.1486259148802341                 
1       22             0.1486259148802341                 
12      39             0.14862591488023405                
19      36             0.14862591488023405                
19      39             0.14862591488023405                
1       19             0.14862591488023405                
12      34             0.148625914880234                  
1       9              0.148625914880234                  
2       34             0.14862591488023397                
2       36             0.14862591488023397                
2       39             0.1486259148802338                 
2       49             0.14862591488023374                
2       51             0.14862591488023366                
13      36             0.14862591488023355                
2       42             0.1486259148802335                 
1       36             0.1486259148802335                 
13      39             0.14862591488023347                
1       34             0.14862591488023338                
1       39             0.14862591488023338                
13      34             0.14862591488023333                
9       42             0.14862591488023333                
19      51             0.1486259148802333                 
19      49             0.14862591488023322                
12      42             0.1486259148802331                 
12      51             0.14862591488023305                
19      42             0.14862591488023302                
24      42             0.14862591488023294                
12      49             0.14862591488023294                
9       49             0.1486259148802329                 
22      42             0.14862591488023283                
9       51             0.14862591488023277                
1       51             0.14862591488023227                
22      51             0.14862591488023227                
1       49             0.14862591488023227                
22      49             0.14862591488023227                
1       42             0.14862591488023216                
24      49             0.14862591488023177                
24      51             0.14862591488023172                
28      32             0.13910192573642205                
27      28             0.13910192573642044                
20      21             0.11855268629364074                
21      23             0.1106137353902027                 
7       21             0.1106137353902023                 
21      25             0.1106137353902023                 
21      38             0.11061373539020225                
6       21             0.11061373539020214                
8       21             0.11061373539020203                
14      21             0.11061373539020147                
21      46             0.1106137353902012                 
21      47             0.1106137353902012                 
10      21             0.11061373539020114                
21      45             0.11061373539020108                
32      48             0.10434790950404921                
27      48             0.10434790950404899                
11      27             0.10434790950404865                
11      32             0.10434790950404799                
5       32             0.10434790950404715                
5       27             0.10434790950404682                
26      40             0.10184879680508202                
33      40             0.10184879680508069                
18      50             0.10035912928235086                
43      50             0.10035912928234941                
20      41             0.0993244804171377                 
3       30             0.09824147323363608                
20      40             0.0829576571557874                 
29      30             0.08277664635586146                
11      30             0.08239433115768541                
5       30             0.08239433115768513                
30      48             0.08239433115768041                
20      29             0.06324411866320506                
44      50             0.05692495891789051                
37      50             0.056924958917890345               
17      50             0.0569249589178894                 
4       50             0.05692495891788929                
20      30             0.052160109959915935               
3       28             0.05137540180553907                
28      49             0.04594645006536943                
28      42             0.045946450065369404               
28      51             0.045946450065369404               
24      28             0.04594645006536682                
9       28             0.04594645006536596                
28      39             0.045946450065365935               
28      36             0.04594645006536588                
28      34             0.045946450065365824               
12      28             0.04594645006536535                
22      28             0.045946450065365185               
15      28             0.04594645006536516                
13      28             0.04594645006536463                
16      28             0.04594645006536424                
2       28             0.04594645006536366                
1       28             0.04594645006536316                
19      28             0.04594645006536213                
29      52             0.04037825027044123                
21      35             0.03448909434853714                
28      50             0.02830579923229737                
32      47             0.02825327162738589                
32      45             0.02825327162738578                
32      46             0.028253271627385723               
6       32             0.028253271627385612               
27      47             0.0282532716273855                 
27      46             0.02825327162738539                
6       27             0.02825327162738539                
27      45             0.028253271627385335               
8       27             0.028253271627385168               
25      32             0.028253271627385168               
8       32             0.028253271627385113               
10      32             0.028253271627385113               
32      38             0.028253271627385057               
14      27             0.02825327162738489                
14      32             0.02825327162738489                
27      38             0.02825327162738478                
23      32             0.02825327162738478                
7       32             0.028253271627384613               
10      27             0.028253271627384613               
23      27             0.028253271627384613               
7       27             0.028253271627384502               
25      27             0.028253271627384502               
30      31             0.011027877365203498               
27      30             0.004910728463076108               
30      32             0.00491072846307572                
49      52             0.0026522370046274946              
51      52             0.0026522370046274113              
36      52             0.0026522370046273835              
39      52             0.002652237004627356               
34      52             0.0026522370046272725              
42      52             0.0026522370046271615              
1       52             0.0026522370046206667              
2       52             0.0026522370046195842              
9       52             0.002652237004616309               
19      52             0.0026522370046161425              
22      52             0.0026522370046159205              
12      52             0.0026522370046156984              
13      52             0.002652237004615532               
24      52             0.002652237004615532               
15      52             0.0026522370046154486              
16      52             0.0026522370046150323              
30      52             0.0025371625725059688              
4       29             -0.0004241636759484413             
17      29             -0.0004241636759500511             
29      37             -0.0004241636759519385             
29      44             -0.0004241636759519385             
30      50             -0.0012873263787877565             
6       40             -0.002071132307689516              
8       40             -0.002071132307689738              
14      40             -0.002071132307690182              
40      47             -0.0020711323076903487             
40      45             -0.0020711323076904598             
40      46             -0.0020711323076904598             
7       40             -0.0020711323076905708             
10      40             -0.002071132307690682              
25      40             -0.002071132307692014              
38      40             -0.002071132307692125              
23      40             -0.0020711323076924026             
5       37             -0.00970820428193686               
11      37             -0.009708204281937194              
4       5              -0.009708204281937749              
17      48             -0.009708204281937916              
44      48             -0.009708204281938304              
5       44             -0.009708204281938304              
37      48             -0.009708204281938415              
5       17             -0.00970820428193847               
11      44             -0.009708204281938637              
11      17             -0.009708204281938804              
4       48             -0.00970820428193897               
4       11             -0.009708204281939026              
21      33             -0.017681955049184073              
21      26             -0.017681955049184128              
1       17             -0.021084275292953508              
2       4              -0.021084275292953536              
39      44             -0.021084275292953925              
34      44             -0.021084275292954008              
42      44             -0.021084275292954036              
15      37             -0.021084275292954036              
36      44             -0.021084275292954063              
4       13             -0.021084275292954258              
19      37             -0.02108427529295434               
4       12             -0.021084275292954396              
4       22             -0.021084275292954452              
22      37             -0.021084275292954535              
1       4              -0.021084275292954535              
4       19             -0.021084275292954646              
12      37             -0.021084275292954674              
12      17             -0.02108427529295473               
4       24             -0.021084275292954757              
2       17             -0.021084275292954896              
9       37             -0.021084275292954924              
16      37             -0.02108427529295495               
9       17             -0.021084275292955174              
1       44             -0.021084275292955174              
13      37             -0.0210842752929552                
13      17             -0.02108427529295545               
24      37             -0.02108427529295545               
17      22             -0.021084275292955645              
17      19             -0.02108427529295573               
34      37             -0.021084275292955812              
17      24             -0.021084275292955923              
36      37             -0.02108427529295595               
16      17             -0.02108427529295595               
1       37             -0.021084275292956006              
15      17             -0.021084275292956284              
12      44             -0.021084275292956478              
2       44             -0.02108427529295656               
2       37             -0.021084275292956783              
4       16             -0.021084275292956783              
4       15             -0.02108427529295684               
19      44             -0.02108427529295684               
9       44             -0.021084275292956867              
44      49             -0.021084275292957005              
4       9              -0.02108427529295709               
44      51             -0.021084275292957116              
37      42             -0.021084275292957144              
37      39             -0.021084275292957144              
13      44             -0.021084275292957144              
37      51             -0.021084275292957227              
4       51             -0.021084275292957227              
17      39             -0.021084275292957227              
37      49             -0.021084275292957255              
4       49             -0.021084275292957255              
16      44             -0.021084275292957255              
17      34             -0.02108427529295734               
17      36             -0.02108427529295745               
4       42             -0.02108427529295756               
15      44             -0.0210842752929577                
22      44             -0.021084275292957755              
24      44             -0.021084275292957977              
4       39             -0.021084275292958005              
4       34             -0.021084275292958143              
4       36             -0.021084275292958227              
17      42             -0.021084275292958643              
17      49             -0.021084275292958643              
17      51             -0.021084275292958837              
3       21             -0.022503558245367372              
25      29             -0.026022958305313176              
23      29             -0.02602295830531362               
29      38             -0.026022958305313815              
6       29             -0.026022958305313953              
29      47             -0.026022958305314203              
29      46             -0.02602295830531426               
29      45             -0.026022958305314314              
7       29             -0.026022958305314425              
8       29             -0.026022958305314425              
10      29             -0.026022958305315036              
14      29             -0.026022958305315674              
29      33             -0.027261597593455644              
26      29             -0.02726159759345581               
1       6              -0.03156858909595514               
19      47             -0.03156858909595536               
24      38             -0.03156858909595539               
19      46             -0.031568589095955474              
19      45             -0.03156858909595553               
1       7              -0.03156858909595553               
1       8              -0.031568589095955585              
7       13             -0.03156858909595561               
7       12             -0.03156858909595561               
13      23             -0.031568589095955724              
9       14             -0.031568589095955724              
9       10             -0.03156858909595578               
19      38             -0.03156858909595581               
13      46             -0.031568589095955835              
13      47             -0.031568589095955835              
9       38             -0.031568589095955835              
7       22             -0.03156858909595586               
13      45             -0.03156858909595589               
22      38             -0.03156858909595589               
9       23             -0.03156858909595592               
1       23             -0.03156858909595592               
2       7              -0.031568589095955946              
1       46             -0.031568589095955946              
1       47             -0.031568589095955946              
16      47             -0.03156858909595597               
1       45             -0.03156858909595597               
1       25             -0.031568589095956                 
16      45             -0.03156858909595603               
16      46             -0.03156858909595603               
13      25             -0.03156858909595603               
8       12             -0.03156858909595603               
12      23             -0.03156858909595603               
7       19             -0.03156858909595606               
9       46             -0.03156858909595606               
9       47             -0.03156858909595606               
12      25             -0.03156858909595606               
9       25             -0.03156858909595606               
1       10             -0.03156858909595606               
22      25             -0.03156858909595606               
22      23             -0.03156858909595606               
9       45             -0.031568589095956084              
7       24             -0.03156858909595611               
12      45             -0.03156858909595611               
12      46             -0.03156858909595611               
12      47             -0.03156858909595611               
1       14             -0.03156858909595611               
2       8              -0.03156858909595614               
10      12             -0.03156858909595614               
19      23             -0.03156858909595614               
14      22             -0.03156858909595614               
13      38             -0.03156858909595617               
15      38             -0.03156858909595617               
14      19             -0.03156858909595617               
19      25             -0.03156858909595617               
10      13             -0.031568589095956195              
12      38             -0.031568589095956195              
10      15             -0.03156858909595625               
22      47             -0.03156858909595625               
16      38             -0.031568589095956306              
14      24             -0.031568589095956334              
22      46             -0.031568589095956334              
8       13             -0.03156858909595636               
2       6              -0.03156858909595636               
22      45             -0.03156858909595636               
8       15             -0.03156858909595639               
16      23             -0.03156858909595639               
12      14             -0.03156858909595642               
1       38             -0.03156858909595642               
23      24             -0.03156858909595642               
15      47             -0.03156858909595647               
16      25             -0.03156858909595647               
13      14             -0.0315685890959565                
24      25             -0.0315685890959565                
2       23             -0.0315685890959565                
15      45             -0.031568589095956556              
15      46             -0.031568589095956556              
2       45             -0.031568589095956556              
2       46             -0.031568589095956556              
10      16             -0.031568589095956556              
2       47             -0.031568589095956556              
6       12             -0.031568589095956556              
2       25             -0.031568589095956556              
6       13             -0.031568589095956584              
10      22             -0.031568589095956584              
24      47             -0.03156858909595661               
15      25             -0.03156858909595661               
15      23             -0.03156858909595661               
8       22             -0.03156858909595661               
24      45             -0.03156858909595664               
2       14             -0.03156858909595664               
24      46             -0.03156858909595667               
8       16             -0.031568589095956695              
10      24             -0.031568589095956695              
2       10             -0.031568589095956806              
2       38             -0.031568589095956834              
8       19             -0.031568589095956834              
10      19             -0.031568589095956834              
8       24             -0.03156858909595686               
6       22             -0.03156858909595686               
6       19             -0.03156858909595692               
6       16             -0.031568589095956945              
6       15             -0.03156858909595703               
6       24             -0.03156858909595703               
8       9              -0.03156858909595717               
10      39             -0.03156858909595736               
23      49             -0.03156858909595739               
14      15             -0.03156858909595739               
7       16             -0.03156858909595742               
7       51             -0.031568589095957444              
7       49             -0.031568589095957444              
10      34             -0.031568589095957444              
10      36             -0.031568589095957444              
8       39             -0.031568589095957444              
8       34             -0.0315685890959575                
8       36             -0.0315685890959575                
23      51             -0.0315685890959575                
7       9              -0.0315685890959575                
7       15             -0.03156858909595753               
6       9              -0.03156858909595753               
14      49             -0.03156858909595758               
14      51             -0.03156858909595761               
14      16             -0.03156858909595761               
25      49             -0.03156858909595764               
7       42             -0.031568589095957694              
25      51             -0.03156858909595772               
23      42             -0.03156858909595783               
39      45             -0.03156858909595786               
42      47             -0.03156858909595789               
34      47             -0.03156858909595789               
36      47             -0.03156858909595789               
39      46             -0.03156858909595789               
39      47             -0.03156858909595789               
6       39             -0.031568589095957916              
42      45             -0.031568589095957944              
42      46             -0.031568589095957944              
34      45             -0.031568589095957944              
34      46             -0.031568589095957944              
36      46             -0.031568589095957944              
14      42             -0.031568589095957944              
36      45             -0.03156858909595797               
25      42             -0.03156858909595797               
6       34             -0.031568589095958                 
6       36             -0.03156858909595803               
45      49             -0.031568589095958194              
47      49             -0.031568589095958194              
46      49             -0.03156858909595822               
10      49             -0.03156858909595822               
7       34             -0.03156858909595825               
10      51             -0.03156858909595825               
38      42             -0.03156858909595828               
38      49             -0.03156858909595828               
45      51             -0.03156858909595828               
47      51             -0.03156858909595828               
46      51             -0.031568589095958305              
8       51             -0.031568589095958305              
7       39             -0.03156858909595833               
8       49             -0.03156858909595833               
38      51             -0.03156858909595836               
10      42             -0.03156858909595836               
6       49             -0.03156858909595836               
14      34             -0.03156858909595836               
14      39             -0.03156858909595836               
7       36             -0.03156858909595839               
8       42             -0.03156858909595839               
25      34             -0.03156858909595839               
6       51             -0.031568589095958416              
14      36             -0.031568589095958416              
25      39             -0.03156858909595847               
6       42             -0.0315685890959585                
23      34             -0.0315685890959585                
25      36             -0.03156858909595853               
23      36             -0.031568589095958555              
23      39             -0.031568589095958555              
34      38             -0.031568589095958666              
36      38             -0.03156858909595872               
38      39             -0.03156858909595894               
32      35             -0.03332428281015426               
27      35             -0.03332428281015476               
19      50             -0.035941743227920486              
22      50             -0.03594174322792146               
12      50             -0.03594174322792182               
15      50             -0.035941743227921846              
16      50             -0.03594174322792201               
9       50             -0.0359417432279224                
24      50             -0.03594174322792265               
13      50             -0.03594174322792282               
1       50             -0.035941743227923595              
50      51             -0.03594174322792365               
2       50             -0.03594174322792407               
39      50             -0.035941743227924705              
49      50             -0.03594174322792476               
42      50             -0.035941743227924816              
36      50             -0.03594174322792487               
34      50             -0.0359417432279249                
21      50             -0.03912831297633257               
20      36             -0.0406338737184003                
20      39             -0.040633873718400354              
12      20             -0.04063387371840066               
9       20             -0.040633873718400715              
20      34             -0.04063387371840074               
16      20             -0.04063387371840152               
19      20             -0.04063387371840155               
2       20             -0.040633873718401575              
15      20             -0.040633873718401825              
20      22             -0.04063387371840202               
13      20             -0.04063387371840216               
20      24             -0.040633873718402186              
1       20             -0.04063387371840227               
20      42             -0.040633873718404045              
20      49             -0.040633873718404906              
20      51             -0.04063387371840496               
3       40             -0.04172696854570568               
27      43             -0.046047627380461864              
32      43             -0.04604762738046214               
18      27             -0.046047627380463196              
18      32             -0.04604762738046331               
26      47             -0.04790818174743472               
26      45             -0.04790818174743483               
26      46             -0.04790818174743483               
8       33             -0.04790818174743483               
6       33             -0.047908181747435497              
7       33             -0.04790818174743561               
25      33             -0.04790818174743561               
10      26             -0.04790818174743566               
23      33             -0.04790818174743572               
14      33             -0.04790818174743583               
25      26             -0.04790818174743583               
23      26             -0.047908181747435996              
7       26             -0.04790818174743611               
10      33             -0.04790818174743611               
6       26             -0.047908181747436385              
14      26             -0.04790818174743655               
33      47             -0.047908181747436884              
33      46             -0.047908181747436995              
8       26             -0.047908181747436995              
33      45             -0.04790818174743705               
33      38             -0.04790818174743794               
26      38             -0.04790818174743838               
25      52             -0.04828811049385329               
23      52             -0.0482881104938534                
45      52             -0.04828811049385373               
47      52             -0.04828811049385373               
38      52             -0.048288110493853786              
46      52             -0.048288110493853786              
8       52             -0.048288110493854286              
10      52             -0.048288110493854675              
7       52             -0.0482881104938549                
6       52             -0.04828811049385512               
14      52             -0.048288110493855174              
11      13             -0.05259932317570562               
11      12             -0.05259932317570562               
1       5              -0.05259932317570595               
1       11             -0.05259932317570595               
5       15             -0.052599323175706064              
5       13             -0.05259932317570615               
1       48             -0.05259932317570615               
5       16             -0.052599323175706314              
12      48             -0.05259932317570634               
19      48             -0.05259932317570634               
11      16             -0.05259932317570637               
5       9              -0.0525993231757064                
5       12             -0.052599323175706425              
11      15             -0.05259932317570645               
2       11             -0.05259932317570645               
22      48             -0.05259932317570648               
5       22             -0.05259932317570659               
9       11             -0.05259932317570665               
5       36             -0.052599323175706786              
5       24             -0.052599323175706814              
5       34             -0.05259932317570684               
5       39             -0.05259932317570684               
15      48             -0.05259932317570684               
5       19             -0.05259932317570684               
9       48             -0.052599323175706925              
2       48             -0.05259932317570695               
13      48             -0.05259932317570698               
16      48             -0.05259932317570709               
24      48             -0.05259932317570723               
2       5              -0.05259932317570723               
11      22             -0.05259932317570723               
11      39             -0.05259932317570731               
11      36             -0.05259932317570734               
11      34             -0.052599323175707396              
11      19             -0.052599323175707396              
11      24             -0.05259932317570745               
48      49             -0.052599323175707674              
48      51             -0.0525993231757077                
5       49             -0.05259932317570798               
5       51             -0.052599323175708035              
42      48             -0.05259932317570812               
5       42             -0.052599323175708146              
39      48             -0.052599323175708146              
36      48             -0.0525993231757082                
34      48             -0.05259932317570823               
11      51             -0.0525993231757087                
11      49             -0.0525993231757087                
11      42             -0.052599323175708784              
28      43             -0.06048203955392606               
18      28             -0.06048203955392642               
26      30             -0.06131348143480547               
30      33             -0.06131348143480597               
28      31             -0.06601508400726155               
29      42             -0.06687023400816328               
29      49             -0.06687023400816328               
29      51             -0.06687023400816336               
24      29             -0.06687023400816525               
19      29             -0.06687023400816547               
22      29             -0.0668702340081655                
29      39             -0.06687023400816555               
29      36             -0.06687023400816558               
16      29             -0.06687023400816558               
29      34             -0.06687023400816564               
15      29             -0.06687023400816577               
9       29             -0.06687023400816586               
12      29             -0.06687023400816619               
13      29             -0.06687023400816647               
2       29             -0.06687023400816672               
1       29             -0.06687023400816683               
41      52             -0.06970134495252467               
1       3              -0.07052822479372847               
3       9              -0.07052822479372872               
3       15             -0.07052822479372892               
3       16             -0.070528224793729                 
3       12             -0.0705282247937293                
2       3              -0.07052822479372961               
3       13             -0.07052822479373003               
3       36             -0.07052822479373005               
3       39             -0.07052822479373011               
3       34             -0.07052822479373017               
3       22             -0.07052822479373025               
3       19             -0.07052822479373044               
3       24             -0.07052822479373053               
3       49             -0.07052822479373194               
3       42             -0.070528224793732                 
3       51             -0.070528224793732                 
27      40             -0.07245884724881274               
32      40             -0.0724588472488128                
18      29             -0.07829944009691497               
29      43             -0.07829944009691586               
29      35             -0.07986916725709067               
27      44             -0.08053422600111232               
32      44             -0.08053422600111287               
27      37             -0.08053422600111299               
32      37             -0.08053422600111337               
17      32             -0.08053422600111382               
4       27             -0.08053422600111404               
4       32             -0.08053422600111415               
17      27             -0.08053422600111476               
31      52             -0.08139228657651054               
28      35             -0.08354421303583934               
40      42             -0.0859831989340682                
40      49             -0.08598319893406828               
40      51             -0.08598319893406833               
12      40             -0.08598319893406917               
16      40             -0.08598319893406947               
24      40             -0.08598319893406958               
15      40             -0.08598319893406964               
39      40             -0.08598319893406967               
1       40             -0.08598319893406967               
22      40             -0.0859831989340697                
34      40             -0.08598319893406975               
36      40             -0.08598319893406975               
13      40             -0.08598319893406978               
19      40             -0.08598319893406983               
2       40             -0.08598319893406994               
9       40             -0.08598319893407011               
40      50             -0.08705108957640795               
17      31             -0.08822991401912122               
31      44             -0.08822991401912211               
4       31             -0.08822991401912211               
31      37             -0.088229914019123                 
21      52             -0.09107592045889207               
2       41             -0.09147821348196417               
1       41             -0.09147821348196444               
12      41             -0.09147821348196516               
19      41             -0.09147821348196569               
9       41             -0.09147821348196614               
13      41             -0.09147821348196647               
22      41             -0.09147821348196675               
15      41             -0.09147821348196708               
24      41             -0.09147821348196711               
41      49             -0.09147821348196722               
41      51             -0.09147821348196733               
16      41             -0.09147821348196733               
41      42             -0.09147821348196766               
39      41             -0.09147821348196897               
34      41             -0.09147821348196908               
36      41             -0.09147821348196908               
25      28             -0.09284087592371854               
8       28             -0.09284087592371897               
14      28             -0.09284087592371906               
10      28             -0.0928408759237191                
6       28             -0.0928408759237193                
23      28             -0.09284087592371933               
7       28             -0.09284087592371956               
28      38             -0.09284087592371965               
28      47             -0.09284087592372084               
28      46             -0.0928408759237209                
28      45             -0.09284087592372091               
30      49             -0.09767722536152502               
30      51             -0.0976772253615251                
30      42             -0.09767722536152515               
22      30             -0.0976772253615259                
24      30             -0.097677225361526                 
30      39             -0.09767722536152608               
30      34             -0.09767722536152613               
30      36             -0.09767722536152613               
19      30             -0.09767722536152662               
9       30             -0.09767722536152668               
2       30             -0.09767722536152695               
15      30             -0.09767722536152698               
12      30             -0.09767722536152704               
16      30             -0.09767722536152723               
1       30             -0.09767722536152726               
13      30             -0.09767722536152773               
6       20             -0.09948573071832434               
20      23             -0.09948573071832467               
20      25             -0.0994857307183249                
10      20             -0.09948573071832495               
14      20             -0.09948573071832495               
7       20             -0.09948573071832498               
8       20             -0.09948573071832506               
20      45             -0.09948573071832542               
20      47             -0.09948573071832542               
20      46             -0.09948573071832545               
20      38             -0.09948573071832592               
4       28             -0.10078756962929308               
28      44             -0.1007875696292933                
28      37             -0.10078756962929333               
17      28             -0.10078756962929353               
30      40             -0.10495343553919984               
28      40             -0.1063425366278064                
28      48             -0.10707968432423756               
5       28             -0.10707968432423784               
11      28             -0.10707968432423884               
20      31             -0.10994995503410471               
32      33             -0.11127897884111654               
27      33             -0.1112789788411167                
26      32             -0.11127897884111732               
26      27             -0.1112789788411177                
18      21             -0.11192706663123658               
21      43             -0.11192706663123803               
1       32             -0.11323617915474263               
1       27             -0.11323617915474268               
2       27             -0.11323617915474293               
2       32             -0.11323617915474296               
12      27             -0.11323617915474316               
12      32             -0.1132361791547433                
19      27             -0.11323617915474338               
19      32             -0.1132361791547434                
9       32             -0.11323617915474354               
9       27             -0.11323617915474363               
13      27             -0.1132361791547441                
15      32             -0.1132361791547441                
13      32             -0.11323617915474413               
15      27             -0.11323617915474418               
24      32             -0.11323617915474452               
16      32             -0.11323617915474454               
16      27             -0.11323617915474457               
24      27             -0.11323617915474457               
22      32             -0.11323617915474463               
22      27             -0.11323617915474471               
27      42             -0.11323617915474515               
27      49             -0.11323617915474518               
27      51             -0.11323617915474521               
32      42             -0.11323617915474521               
32      49             -0.11323617915474521               
32      51             -0.11323617915474529               
27      39             -0.11323617915474796               
27      36             -0.11323617915474804               
32      39             -0.11323617915474804               
27      34             -0.1132361791547481                
32      36             -0.11323617915474815               
32      34             -0.11323617915474818               
3       29             -0.11465908097065078               
40      52             -0.1207597718339275                
40      43             -0.12094337000726008               
18      40             -0.12094337000726019               
1       31             -0.12219126794955773               
2       31             -0.12219126794955831               
12      31             -0.12219126794955838               
9       31             -0.12219126794955845               
22      31             -0.12219126794955854               
19      31             -0.12219126794955859               
13      31             -0.1221912679495589                
15      31             -0.12219126794955897               
24      31             -0.122191267949559                 
31      49             -0.12219126794955902               
31      51             -0.12219126794955915               
31      42             -0.12219126794955926               
16      31             -0.12219126794955938               
31      39             -0.12219126794956063               
31      36             -0.1221912679495607                
31      34             -0.12219126794956074               
11      21             -0.12316879699605748               
5       21             -0.12316879699605804               
21      48             -0.12316879699605976               
47      48             -0.12721135361094688               
45      48             -0.12721135361094693               
46      48             -0.12721135361094696               
38      48             -0.12721135361094701               
10      11             -0.1272113536109491                
8       11             -0.12721135361094982               
6       11             -0.12721135361094993               
5       6              -0.12721135361095004               
7       11             -0.12721135361095007               
11      14             -0.1272113536109502                
5       8              -0.12721135361095046               
11      25             -0.1272113536109507                
11      23             -0.1272113536109507                
5       23             -0.12721135361095084               
5       7              -0.12721135361095087               
14      48             -0.12721135361095096               
5       25             -0.12721135361095096               
5       14             -0.12721135361095104               
11      38             -0.12721135361095115               
6       48             -0.12721135361095132               
8       48             -0.1272113536109514                
11      47             -0.12721135361095146               
7       48             -0.1272113536109515                
5       10             -0.12721135361095157               
11      46             -0.1272113536109516                
11      45             -0.12721135361095162               
5       47             -0.12721135361095173               
5       45             -0.12721135361095182               
5       46             -0.12721135361095184               
23      48             -0.12721135361095187               
10      48             -0.12721135361095234               
5       38             -0.1272113536109526                
25      48             -0.1272113536109528                
35      40             -0.12786748839826884               
20      50             -0.13162678488641544               
29      48             -0.1366597237550376                
11      29             -0.13665972375503807               
5       29             -0.13665972375503826               
35      49             -0.13795448683392303               
35      51             -0.1379544868339231                
35      42             -0.1379544868339232                
24      35             -0.13795448683392392               
34      35             -0.13795448683392403               
35      39             -0.1379544868339242                
35      36             -0.13795448683392428               
22      35             -0.13795448683392442               
19      35             -0.13795448683392444               
12      35             -0.1379544868339245                
15      35             -0.13795448683392458               
9       35             -0.13795448683392464               
16      35             -0.1379544868339247                
2       35             -0.13795448683392486               
13      35             -0.13795448683392508               
1       35             -0.13795448683392547               
3       20             -0.13823357208387013               
20      32             -0.14072179672605295               
20      27             -0.14072179672605312               
4       33             -0.14335801188773062               
33      44             -0.14335801188773062               
17      33             -0.14335801188773079               
4       26             -0.1433580118877315                
26      37             -0.14335801188773167               
26      44             -0.14335801188773184               
17      26             -0.143358011887732                 
33      37             -0.14335801188773267               
24      33             -0.14357514404371752               
22      26             -0.1435751440437177                
1       33             -0.14357514404371774               
33      42             -0.14357514404371782               
33      49             -0.14357514404371793               
33      51             -0.14357514404371796               
19      26             -0.14357514404371807               
1       26             -0.14357514404371816               
26      39             -0.14357514404371818               
26      36             -0.1435751440437183                
16      26             -0.14357514404371832               
24      26             -0.14357514404371835               
26      34             -0.1435751440437184                
15      26             -0.1435751440437184                
22      33             -0.1435751440437185                
2       33             -0.14357514404371854               
9       33             -0.14357514404371854               
26      42             -0.1435751440437186                
9       26             -0.14357514404371866               
26      51             -0.1435751440437188                
26      49             -0.1435751440437188                
15      33             -0.14357514404371904               
2       26             -0.14357514404371907               
33      39             -0.1435751440437191                
13      26             -0.1435751440437191                
12      26             -0.1435751440437191                
33      36             -0.14357514404371913               
12      33             -0.14357514404371916               
33      34             -0.14357514404371927               
16      33             -0.14357514404371935               
13      33             -0.14357514404371952               
19      33             -0.14357514404372                  
23      41             -0.14488789031487015               
25      41             -0.14488789031487043               
41      47             -0.1448878903148711                
41      45             -0.1448878903148712                
41      46             -0.1448878903148712                
38      41             -0.14488789031487215               
10      41             -0.14488789031487215               
8       41             -0.1448878903148722                
6       41             -0.14488789031487226               
14      41             -0.14488789031487243               
7       41             -0.1448878903148726                
21      39             -0.14861495821376164               
21      36             -0.14861495821376172               
21      34             -0.14861495821376186               
1       21             -0.14861495821376228               
12      21             -0.1486149582137623                
21      22             -0.14861495821376233               
2       21             -0.14861495821376236               
21      24             -0.14861495821376253               
19      21             -0.1486149582137626                
13      21             -0.14861495821376278               
16      21             -0.1486149582137628                
15      21             -0.14861495821376294               
9       21             -0.14861495821376294               
21      42             -0.14861495821376405               
21      49             -0.14861495821376425               
21      51             -0.14861495821376433               
26      31             -0.15099342197922871               
31      33             -0.15099342197922877               
29      41             -0.1525372808286347                
11      40             -0.15341022762163137               
40      48             -0.15341022762163165               
5       40             -0.15341022762163184               
27      52             -0.15618537556945677               
32      52             -0.15618537556945689               
31      41             -0.1584574968334499                
1       18             -0.16677905864599224               
43      49             -0.1667790586459923                
43      51             -0.16677905864599235               
9       18             -0.16677905864599238               
12      18             -0.1667790586459924                
2       18             -0.1667790586459924                
13      18             -0.16677905864599257               
16      18             -0.16677905864599263               
39      43             -0.16677905864599274               
15      18             -0.16677905864599274               
36      43             -0.16677905864599285               
34      43             -0.16677905864599285               
42      43             -0.16677905864599293               
18      22             -0.16677905864599293               
18      19             -0.16677905864599304               
18      24             -0.16677905864599324               
1       43             -0.16677905864599335               
19      43             -0.1667790586459934                
2       43             -0.16677905864599343               
9       43             -0.16677905864599343               
12      43             -0.1667790586459935                
22      43             -0.16677905864599368               
16      43             -0.1667790586459938                
13      43             -0.16677905864599385               
15      43             -0.16677905864599396               
18      39             -0.16677905864599413               
18      34             -0.16677905864599415               
24      43             -0.1667790586459942                
18      36             -0.16677905864599424               
18      49             -0.16677905864599524               
18      51             -0.1667790586459953                
18      42             -0.16677905864599546               
25      30             -0.170064237629411                 
23      30             -0.17006423762941128               
8       30             -0.1700642376294115                
30      47             -0.17006423762941156               
30      46             -0.1700642376294116                
30      45             -0.17006423762941167               
7       30             -0.17006423762941175               
14      30             -0.17006423762941178               
6       30             -0.17006423762941197               
30      38             -0.170064237629412                 
10      30             -0.17006423762941217               
28      41             -0.17246004687520522               
40      44             -0.18229040659831935               
37      40             -0.18229040659831997               
4       40             -0.1822904065983206                
17      40             -0.18229040659832163               
4       6              -0.18298195244306184               
8       17             -0.18298195244306187               
14      17             -0.18298195244306187               
6       17             -0.18298195244306192               
10      17             -0.18298195244306198               
17      23             -0.182981952443062                 
17      47             -0.18298195244306206               
17      45             -0.18298195244306212               
17      46             -0.18298195244306212               
4       8              -0.18298195244306217               
17      25             -0.18298195244306223               
4       23             -0.18298195244306223               
7       17             -0.18298195244306226               
4       14             -0.18298195244306234               
4       25             -0.18298195244306234               
23      44             -0.18298195244306237               
25      44             -0.1829819524430624                
4       7              -0.18298195244306242               
25      37             -0.18298195244306245               
4       47             -0.18298195244306262               
4       46             -0.18298195244306265               
4       45             -0.18298195244306267               
8       44             -0.18298195244306273               
4       10             -0.18298195244306273               
6       44             -0.1829819524430628                
10      44             -0.18298195244306287               
14      44             -0.18298195244306287               
37      38             -0.18298195244306292               
8       37             -0.18298195244306292               
6       37             -0.18298195244306295               
10      37             -0.182981952443063                 
17      38             -0.18298195244306312               
14      37             -0.18298195244306312               
7       44             -0.18298195244306314               
44      47             -0.18298195244306317               
23      37             -0.1829819524430632                
44      45             -0.18298195244306326               
44      46             -0.18298195244306326               
37      47             -0.18298195244306342               
37      45             -0.1829819524430635                
37      46             -0.1829819524430635                
7       37             -0.18298195244306353               
38      44             -0.1829819524430636                
4       38             -0.18298195244306364               
44      52             -0.18409827396300416               
37      52             -0.1840982739630044                
17      52             -0.18409827396300754               
4       52             -0.18409827396300765               
3       33             -0.19234870026461887               
3       26             -0.1923487002646201                
21      28             -0.19365563079715042               
17      20             -0.19386717202459477               
4       20             -0.19386717202459516               
20      37             -0.19386717202459605               
20      44             -0.1938671720245964                
11      20             -0.19626109283958995               
20      48             -0.19626109283959026               
5       20             -0.19626109283959042               
21      30             -0.19681690940724159               
48      52             -0.20173221172981126               
11      52             -0.2017322117298123                
5       52             -0.2017322117298125                
6       50             -0.20626132115577228               
25      50             -0.2062613211557724                
8       50             -0.20626132115577242               
47      50             -0.20626132115577245               
14      50             -0.20626132115577245               
23      50             -0.20626132115577248               
45      50             -0.2062613211557725                
46      50             -0.2062613211557725                
10      50             -0.20626132115577256               
38      50             -0.20626132115577267               
7       50             -0.2062613211557729                
3       52             -0.21378170707959063               
18      33             -0.2140688845799762                
18      26             -0.21406888457997725               
26      43             -0.2140688845799783                
33      43             -0.21406888457997897               
18      20             -0.21580250982243954               
20      43             -0.21580250982244067               
3       6              -0.2202264618690509                
3       8              -0.22022646186905123               
3       10             -0.2202264618690516                
3       23             -0.22022646186905165               
3       25             -0.22022646186905181               
3       14             -0.22022646186905187               
3       7              -0.22022646186905193               
3       47             -0.22022646186905276               
3       46             -0.22022646186905281               
3       45             -0.22022646186905287               
3       38             -0.2202264618690531                
30      35             -0.22422598508498703               
31      38             -0.22538076468085655               
31      47             -0.22538076468085705               
31      45             -0.2253807646808571                
31      46             -0.22538076468085716               
23      31             -0.22538076468085905               
14      31             -0.2253807646808591                
6       31             -0.2253807646808591                
7       31             -0.22538076468085955               
10      31             -0.2253807646808596                
8       31             -0.22538076468085969               
25      31             -0.22538076468085988               
38      43             -0.22879511930254404               
43      46             -0.22879511930254454               
43      47             -0.22879511930254454               
43      45             -0.22879511930254456               
18      23             -0.22879511930254587               
14      18             -0.22879511930254595               
18      25             -0.22879511930254612               
7       18             -0.22879511930254626               
6       18             -0.2287951193025463                
10      18             -0.2287951193025463                
23      43             -0.22879511930254634               
8       18             -0.2287951193025464                
25      43             -0.22879511930254706               
14      43             -0.22879511930254756               
18      38             -0.22879511930254756               
18      47             -0.22879511930254764               
18      46             -0.22879511930254767               
18      45             -0.2287951193025477                
6       43             -0.22879511930254814               
10      43             -0.22879511930254845               
8       43             -0.22879511930254848               
7       43             -0.22879511930254864               
11      50             -0.2294531265937651                
5       50             -0.22945312659376527               
48      50             -0.22945312659376624               
35      41             -0.23181222527333578               
35      48             -0.24920486766984337               
11      35             -0.2492048676698437                
5       35             -0.24920486766984504               
35      44             -0.2591520634786327                
35      37             -0.25915206347863373               
4       35             -0.2591520634786343                
17      35             -0.2591520634786344                
3       35             -0.2714508197939617                
3       32             -0.28313765748610037               
3       27             -0.2831376574861004                
21      44             -0.2855799788644514                
21      37             -0.28557997886445186               
4       21             -0.28557997886445186               
17      21             -0.28557997886445197               
11      33             -0.2881008212237467                
5       33             -0.2881008212237476                
5       26             -0.2881008212237479                
11      26             -0.288100821223748                 
26      48             -0.28810082122374886               
33      48             -0.28810082122374914               
31      35             -0.29402135662773266               
35      43             -0.2984961860567278                
18      35             -0.29849618605673084               
43      52             -0.3037770033158983                
18      52             -0.3037770033158993                
5       41             -0.30612973426686807               
11      41             -0.3061297342668682                
41      48             -0.3061297342668685                
