#======================================================================
# PARAMETERS USED FOR THIS COMPUTATION: 
#      Sequence type: RNA
#      Total number of sequences in alignment data: 2
#      Length of sequences in alignment data: 45
#      Effective number of sequences: 2.0
#      Value of sequence identity: 0.8
#      Value of relative pseudocount: 0.5
# The First and Second columns represent sites and the
# Third column is MFDCA Frobenius norm, average product corrected (APC) DCA score
#======================================================================
15      42             0.30050780088473705                
2       11             0.300507800884737                  
2       22             0.30050780088473694                
15      44             0.30050780088473694                
6       44             0.30050780088473694                
2       15             0.3005078008847369                 
2       44             0.30050780088473683                
6       15             0.30050780088473683                
6       42             0.30050780088473683                
42      44             0.3005078008847368                 
2       42             0.3005078008847367                 
2       21             0.30050780088473666                
6       22             0.30050780088473666                
6       21             0.3005078008847366                 
6       11             0.3005078008847365                 
11      22             0.3005078008847362                 
2       6              0.30050780088473616                
11      42             0.30050780088473616                
11      15             0.30050780088473605                
1       15             0.30050780088473605                
1       42             0.30050780088473605                
1       44             0.300507800884736                  
11      44             0.30050780088473594                
21      22             0.30050780088473594                
1       22             0.3005078008847359                 
1       21             0.30050780088473583                
11      21             0.3005078008847357                 
1       11             0.3005078008847357                 
15      22             0.3005078008847356                 
22      44             0.3005078008847355                 
22      42             0.3005078008847354                 
15      21             0.3005078008847353                 
1       6              0.30050780088473494                
21      44             0.3005078008847345                 
21      42             0.3005078008847344                 
1       2              0.3005078008847342                 
5       9              0.01751694277228072                
3       12             0.01751694277228033                
3       9              0.01751694277228011                
8       9              0.017516942772280025               
7       13             0.017516942772279914               
3       10             0.01751694277227983                
9       12             0.017516942772279748               
3       5              0.017516942772279664               
7       14             0.017516942772279637               
4       9              0.017516942772279526               
8       12             0.01751694277227947                
8       10             0.017516942772279442               
7       12             0.01751694277227886                
7       10             0.017516942772278832               
18      26             0.017516942772278804               
17      26             0.017516942772278693               
17      25             0.01751694277227861                
4       10             0.01751694277227861                
18      25             0.017516942772278526               
28      36             0.0175169427722785                 
28      43             0.0175169427722785                 
4       12             0.01751694277227847                
9       10             0.017516942772278443               
28      34             0.017516942772278415               
28      37             0.017516942772278415               
27      39             0.017516942772278415               
28      30             0.017516942772278415               
29      43             0.017516942772278415               
24      25             0.017516942772278388               
27      36             0.017516942772278388               
27      38             0.017516942772278388               
28      35             0.017516942772278388               
28      38             0.017516942772278388               
28      39             0.017516942772278388               
29      35             0.017516942772278388               
29      39             0.017516942772278388               
27      34             0.01751694277227836                
28      32             0.01751694277227836                
29      32             0.01751694277227836                
27      40             0.01751694277227836                
27      43             0.01751694277227836                
28      40             0.01751694277227836                
28      41             0.01751694277227836                
29      30             0.01751694277227836                
29      38             0.01751694277227836                
29      45             0.01751694277227836                
28      31             0.017516942772278332               
28      33             0.017516942772278332               
29      31             0.017516942772278332               
29      33             0.017516942772278332               
27      35             0.017516942772278332               
28      45             0.017516942772278332               
29      40             0.017516942772278332               
27      32             0.017516942772278304               
27      33             0.017516942772278304               
27      37             0.017516942772278304               
29      37             0.017516942772278304               
27      45             0.017516942772278304               
10      13             0.017516942772278277               
24      26             0.017516942772278277               
27      41             0.017516942772278277               
29      36             0.017516942772278277               
29      41             0.01751694277227825                
9       13             0.01751694277227822                
29      34             0.01751694277227822                
27      30             0.01751694277227822                
27      31             0.017516942772278193               
19      20             0.017516942772278193               
19      24             0.017516942772278193               
19      23             0.017516942772278166               
10      14             0.017516942772278138               
12      13             0.017516942772278138               
7       8              0.01751694277227811                
17      24             0.017516942772278                  
17      19             0.017516942772277916               
17      23             0.017516942772277916               
5       10             0.017516942772277888               
5       12             0.017516942772277888               
18      24             0.017516942772277888               
7       9              0.01751694277227786                
20      24             0.01751694277227786                
17      20             0.017516942772277805               
18      23             0.017516942772277805               
28      29             0.017516942772277777               
17      18             0.017516942772277777               
23      24             0.017516942772277777               
20      23             0.01751694277227772                
27      29             0.017516942772277694               
27      28             0.017516942772277666               
18      20             0.01751694277227764                
8       14             0.017516942772277583               
12      14             0.017516942772277555               
8       13             0.0175169427722775                 
9       14             0.017516942772277472               
18      19             0.017516942772277416               
36      39             0.017516942772277333               
35      39             0.017516942772277305               
36      45             0.017516942772277305               
7       26             0.017516942772277277               
33      38             0.017516942772277277               
33      40             0.017516942772277277               
30      43             0.017516942772277277               
35      36             0.017516942772277277               
35      38             0.017516942772277277               
35      40             0.017516942772277277               
35      43             0.017516942772277277               
36      40             0.017516942772277277               
38      39             0.017516942772277277               
7       25             0.01751694277227725                
33      39             0.01751694277227725                
33      41             0.01751694277227725                
33      45             0.01751694277227725                
30      35             0.01751694277227725                
30      36             0.01751694277227725                
30      40             0.01751694277227725                
35      41             0.01751694277227725                
35      45             0.01751694277227725                
36      43             0.01751694277227725                
38      40             0.01751694277227725                
43      45             0.01751694277227725                
30      32             0.017516942772277222               
33      35             0.017516942772277222               
33      36             0.017516942772277222               
33      43             0.017516942772277222               
30      38             0.017516942772277222               
36      41             0.017516942772277222               
38      41             0.017516942772277222               
39      41             0.017516942772277222               
39      43             0.017516942772277222               
39      45             0.017516942772277222               
40      41             0.017516942772277222               
40      43             0.017516942772277222               
30      33             0.017516942772277194               
32      35             0.017516942772277194               
32      36             0.017516942772277194               
31      38             0.017516942772277194               
31      39             0.017516942772277194               
31      43             0.017516942772277194               
31      45             0.017516942772277194               
34      39             0.017516942772277194               
37      38             0.017516942772277194               
37      39             0.017516942772277194               
37      41             0.017516942772277194               
30      39             0.017516942772277194               
30      41             0.017516942772277194               
30      45             0.017516942772277194               
36      38             0.017516942772277194               
38      43             0.017516942772277194               
38      45             0.017516942772277194               
31      32             0.017516942772277166               
33      37             0.017516942772277166               
30      34             0.017516942772277166               
35      37             0.017516942772277166               
36      37             0.017516942772277166               
32      38             0.017516942772277166               
32      39             0.017516942772277166               
32      40             0.017516942772277166               
32      45             0.017516942772277166               
31      35             0.017516942772277166               
31      36             0.017516942772277166               
31      40             0.017516942772277166               
31      41             0.017516942772277166               
34      38             0.017516942772277166               
34      40             0.017516942772277166               
34      41             0.017516942772277166               
34      43             0.017516942772277166               
37      43             0.017516942772277166               
37      45             0.017516942772277166               
26      30             0.01751694277227714                
34      45             0.01751694277227714                
37      40             0.01751694277227714                
39      40             0.01751694277227714                
40      45             0.01751694277227714                
41      43             0.01751694277227714                
41      45             0.01751694277227714                
26      35             0.01751694277227711                
26      36             0.01751694277227711                
26      43             0.01751694277227711                
31      37             0.01751694277227711                
30      37             0.01751694277227711                
32      41             0.01751694277227711                
32      43             0.01751694277227711                
25      30             0.017516942772277083               
25      39             0.017516942772277083               
25      40             0.017516942772277083               
26      38             0.017516942772277083               
26      39             0.017516942772277083               
32      33             0.017516942772277083               
31      33             0.017516942772277083               
31      34             0.017516942772277083               
30      31             0.017516942772277083               
34      35             0.017516942772277083               
34      36             0.017516942772277083               
25      32             0.017516942772277055               
26      31             0.017516942772277055               
25      36             0.017516942772277055               
25      38             0.017516942772277055               
25      43             0.017516942772277055               
26      40             0.017516942772277055               
26      45             0.017516942772277055               
32      34             0.017516942772277055               
32      37             0.017516942772277055               
33      34             0.017516942772277055               
34      37             0.017516942772277055               
25      33             0.017516942772277028               
26      33             0.017516942772277028               
26      37             0.017516942772277028               
25      35             0.017516942772277028               
25      45             0.017516942772277028               
20      26             0.017516942772277028               
26      32             0.017516942772277                  
26      34             0.017516942772277                  
16      26             0.017516942772277                  
25      41             0.017516942772277                  
26      41             0.017516942772277                  
4       18             0.017516942772277                  
25      31             0.017516942772276972               
25      34             0.017516942772276972               
25      37             0.017516942772276972               
20      25             0.017516942772276972               
4       17             0.017516942772276972               
23      25             0.017516942772276944               
16      25             0.017516942772276917               
5       8              0.017516942772276917               
16      23             0.017516942772276917               
23      26             0.01751694277227689                
4       24             0.01751694277227689                
4       19             0.017516942772276833               
4       23             0.017516942772276833               
13      14             0.017516942772276806               
16      24             0.017516942772276806               
3       4              0.017516942772276778               
4       20             0.017516942772276695               
13      23             0.017516942772276667               
16      19             0.01751694277227661                
4       5              0.017516942772276584               
13      19             0.017516942772276556               
3       17             0.017516942772276556               
13      24             0.017516942772276556               
26      27             0.017516942772276528               
13      18             0.017516942772276528               
16      17             0.017516942772276528               
5       23             0.0175169427722765                 
3       23             0.0175169427722765                 
16      18             0.0175169427722765                 
25      27             0.017516942772276473               
26      29             0.017516942772276473               
10      16             0.017516942772276473               
3       20             0.017516942772276473               
3       24             0.017516942772276473               
25      28             0.017516942772276445               
3       18             0.017516942772276445               
25      29             0.017516942772276417               
26      28             0.017516942772276417               
13      17             0.017516942772276417               
3       19             0.017516942772276417               
5       24             0.017516942772276417               
5       16             0.01751694277227639                
16      20             0.01751694277227639                
13      20             0.01751694277227636                
5       20             0.01751694277227636                
14      26             0.017516942772276306               
10      12             0.01751694277227625                
3       16             0.01751694277227625                
14      25             0.017516942772276223               
10      24             0.017516942772276195               
5       19             0.017516942772276195               
8       16             0.017516942772276167               
16      36             0.01751694277227614                
16      40             0.01751694277227614                
5       14             0.017516942772276112               
16      39             0.017516942772276112               
10      23             0.017516942772276084               
5       17             0.017516942772276084               
8       24             0.017516942772276084               
7       23             0.017516942772276084               
16      35             0.017516942772276084               
8       18             0.017516942772276056               
5       18             0.017516942772276056               
7       19             0.017516942772276056               
16      45             0.017516942772276056               
8       23             0.01751694277227603                
7       18             0.01751694277227603                
16      33             0.01751694277227603                
16      34             0.01751694277227603                
16      30             0.01751694277227603                
16      38             0.01751694277227603                
16      41             0.01751694277227603                
16      43             0.01751694277227603                
8       17             0.017516942772276                  
9       23             0.017516942772276                  
16      31             0.017516942772276                  
16      37             0.017516942772276                  
3       13             0.017516942772275973               
4       16             0.017516942772275973               
19      25             0.017516942772275945               
19      26             0.017516942772275945               
12      23             0.017516942772275945               
7       24             0.017516942772275945               
16      32             0.017516942772275945               
10      19             0.017516942772275917               
12      24             0.017516942772275917               
14      23             0.017516942772275917               
14      18             0.01751694277227589                
14      24             0.01751694277227589                
12      18             0.017516942772275862               
10      17             0.017516942772275806               
8       20             0.017516942772275806               
5       13             0.01751694277227578                
10      20             0.01751694277227578                
10      18             0.01751694277227578                
12      17             0.01751694277227578                
12      20             0.01751694277227578                
7       17             0.01751694277227578                
7       20             0.01751694277227578                
9       24             0.01751694277227578                
12      19             0.01751694277227575                
13      16             0.01751694277227575                
8       19             0.01751694277227575                
5       7              0.017516942772275723               
12      16             0.017516942772275723               
9       20             0.017516942772275723               
4       30             0.017516942772275695               
4       43             0.017516942772275668               
14      30             0.01751694277227564                
14      39             0.01751694277227564                
4       41             0.01751694277227564                
4       45             0.01751694277227564                
14      32             0.017516942772275612               
14      38             0.017516942772275612               
14      41             0.017516942772275612               
7       16             0.017516942772275612               
23      34             0.017516942772275612               
23      40             0.017516942772275612               
14      37             0.017516942772275584               
14      35             0.017516942772275584               
4       38             0.017516942772275584               
23      35             0.017516942772275584               
23      36             0.017516942772275584               
14      31             0.017516942772275557               
14      33             0.017516942772275557               
14      36             0.017516942772275557               
14      43             0.017516942772275557               
14      45             0.017516942772275557               
13      43             0.017516942772275557               
14      19             0.017516942772275557               
9       19             0.017516942772275557               
9       18             0.017516942772275557               
23      32             0.017516942772275557               
23      30             0.017516942772275557               
23      38             0.017516942772275557               
23      39             0.017516942772275557               
23      41             0.017516942772275557               
13      38             0.01751694277227553                
4       34             0.01751694277227553                
4       39             0.01751694277227553                
4       40             0.01751694277227553                
23      37             0.01751694277227553                
23      45             0.01751694277227553                
13      26             0.0175169427722755                 
14      40             0.0175169427722755                 
13      39             0.0175169427722755                 
13      41             0.0175169427722755                 
14      17             0.0175169427722755                 
9       17             0.0175169427722755                 
23      31             0.0175169427722755                 
23      43             0.0175169427722755                 
12      25             0.017516942772275473               
3       14             0.017516942772275473               
14      34             0.017516942772275473               
13      40             0.017516942772275473               
13      45             0.017516942772275473               
4       37             0.017516942772275473               
3       41             0.017516942772275473               
4       36             0.017516942772275473               
23      33             0.017516942772275473               
13      32             0.017516942772275446               
16      27             0.017516942772275446               
14      20             0.017516942772275446               
3       32             0.017516942772275446               
4       31             0.017516942772275446               
4       33             0.017516942772275446               
3       30             0.017516942772275446               
3       36             0.017516942772275446               
3       45             0.017516942772275446               
4       35             0.017516942772275446               
8       26             0.017516942772275418               
13      33             0.017516942772275418               
13      34             0.017516942772275418               
13      35             0.017516942772275418               
13      36             0.017516942772275418               
16      28             0.017516942772275418               
3       40             0.017516942772275418               
10      26             0.01751694277227539                
13      25             0.01751694277227539                
13      37             0.01751694277227539                
16      29             0.01751694277227539                
3       35             0.01751694277227539                
3       38             0.01751694277227539                
3       39             0.01751694277227539                
3       43             0.01751694277227539                
20      34             0.01751694277227539                
20      35             0.01751694277227539                
10      25             0.017516942772275362               
12      26             0.017516942772275362               
8       25             0.017516942772275362               
3       33             0.017516942772275362               
4       32             0.017516942772275362               
5       39             0.017516942772275362               
20      30             0.017516942772275362               
20      38             0.017516942772275362               
20      41             0.017516942772275362               
20      45             0.017516942772275362               
5       31             0.017516942772275335               
9       16             0.017516942772275335               
13      30             0.017516942772275335               
5       35             0.017516942772275335               
5       38             0.017516942772275335               
5       40             0.017516942772275335               
5       43             0.017516942772275335               
5       45             0.017516942772275335               
20      36             0.017516942772275335               
20      40             0.017516942772275335               
20      43             0.017516942772275335               
3       31             0.017516942772275307               
3       34             0.017516942772275307               
3       37             0.017516942772275307               
5       36             0.017516942772275307               
5       41             0.017516942772275307               
20      39             0.017516942772275307               
13      31             0.01751694277227528                
20      33             0.01751694277227528                
9       26             0.01751694277227525                
5       33             0.01751694277227525                
5       37             0.01751694277227525                
20      31             0.01751694277227525                
20      32             0.01751694277227525                
18      36             0.01751694277227525                
5       32             0.017516942772275224               
5       34             0.017516942772275224               
5       30             0.017516942772275224               
17      36             0.017516942772275224               
18      39             0.017516942772275224               
18      40             0.017516942772275224               
20      37             0.017516942772275196               
18      41             0.017516942772275196               
18      43             0.017516942772275196               
18      30             0.017516942772275168               
18      38             0.017516942772275168               
18      45             0.017516942772275168               
9       25             0.01751694277227514                
18      35             0.01751694277227514                
14      29             0.017516942772275113               
18      34             0.017516942772275113               
18      37             0.017516942772275113               
17      35             0.017516942772275113               
19      30             0.017516942772275113               
19      35             0.017516942772275113               
19      40             0.017516942772275113               
10      32             0.017516942772275085               
10      39             0.017516942772275085               
10      43             0.017516942772275085               
23      29             0.017516942772275085               
17      34             0.017516942772275085               
17      30             0.017516942772275085               
17      38             0.017516942772275085               
17      41             0.017516942772275085               
17      43             0.017516942772275085               
17      45             0.017516942772275085               
14      16             0.017516942772275057               
18      33             0.017516942772275057               
19      39             0.017516942772275057               
19      41             0.017516942772275057               
19      43             0.017516942772275057               
10      31             0.01751694277227503                
10      35             0.01751694277227503                
10      41             0.01751694277227503                
10      45             0.01751694277227503                
18      32             0.01751694277227503                
17      39             0.01751694277227503                
17      40             0.01751694277227503                
19      45             0.01751694277227503                
10      33             0.017516942772275                  
14      28             0.017516942772275                  
10      30             0.017516942772275                  
10      38             0.017516942772275                  
10      40             0.017516942772275                  
4       29             0.017516942772275                  
4       7              0.017516942772275                  
17      32             0.017516942772275                  
19      31             0.017516942772275                  
19      32             0.017516942772275                  
19      34             0.017516942772275                  
19      38             0.017516942772275                  
10      37             0.017516942772274974               
10      36             0.017516942772274974               
13      28             0.017516942772274974               
8       30             0.017516942772274974               
8       43             0.017516942772274974               
23      28             0.017516942772274974               
17      31             0.017516942772274974               
18      31             0.017516942772274974               
14      27             0.017516942772274946               
10      34             0.017516942772274946               
4       28             0.017516942772274946               
8       34             0.017516942772274946               
8       38             0.017516942772274946               
23      27             0.017516942772274946               
17      33             0.017516942772274946               
17      37             0.017516942772274946               
19      36             0.017516942772274946               
4       27             0.017516942772274918               
8       36             0.017516942772274918               
8       39             0.017516942772274918               
8       40             0.017516942772274918               
8       41             0.017516942772274918               
19      33             0.017516942772274918               
13      29             0.01751694277227489                
3       29             0.01751694277227489                
8       33             0.01751694277227489                
8       45             0.01751694277227489                
7       39             0.01751694277227489                
7       43             0.01751694277227489                
19      37             0.01751694277227489                
3       28             0.017516942772274863               
8       32             0.017516942772274863               
8       37             0.017516942772274863               
8       35             0.017516942772274863               
7       33             0.017516942772274863               
7       37             0.017516942772274863               
7       30             0.017516942772274863               
7       38             0.017516942772274863               
7       40             0.017516942772274863               
7       41             0.017516942772274863               
8       31             0.017516942772274835               
7       32             0.017516942772274835               
20      29             0.017516942772274835               
13      27             0.017516942772274807               
5       29             0.017516942772274807               
3       27             0.017516942772274807               
12      30             0.017516942772274807               
12      38             0.017516942772274807               
12      39             0.017516942772274807               
7       31             0.017516942772274807               
7       34             0.017516942772274807               
7       35             0.017516942772274807               
7       36             0.017516942772274807               
7       45             0.017516942772274807               
20      28             0.017516942772274807               
24      30             0.017516942772274807               
24      39             0.017516942772274807               
12      37             0.01751694277227478                
12      35             0.01751694277227478                
12      40             0.01751694277227478                
12      43             0.01751694277227478                
12      45             0.01751694277227478                
9       35             0.01751694277227478                
9       36             0.01751694277227478                
24      35             0.01751694277227478                
24      36             0.01751694277227478                
24      38             0.01751694277227478                
24      40             0.01751694277227478                
3       8              0.01751694277227475                
4       14             0.01751694277227475                
5       28             0.01751694277227475                
4       13             0.01751694277227475                
12      41             0.01751694277227475                
20      27             0.01751694277227475                
24      31             0.01751694277227475                
24      32             0.01751694277227475                
24      33             0.01751694277227475                
24      41             0.01751694277227475                
24      45             0.01751694277227475                
12      31             0.017516942772274724               
12      32             0.017516942772274724               
12      36             0.017516942772274724               
9       31             0.017516942772274724               
9       33             0.017516942772274724               
24      43             0.017516942772274724               
5       27             0.017516942772274696               
9       37             0.017516942772274696               
9       41             0.017516942772274696               
9       43             0.017516942772274696               
9       45             0.017516942772274696               
24      37             0.017516942772274696               
12      33             0.01751694277227467                
9       30             0.01751694277227467                
9       40             0.01751694277227467                
18      29             0.01751694277227467                
9       32             0.01751694277227464                
9       38             0.01751694277227464                
24      34             0.01751694277227464                
12      34             0.017516942772274613               
9       34             0.017516942772274613               
9       39             0.017516942772274613               
18      27             0.017516942772274613               
10      29             0.017516942772274557               
10      27             0.01751694277227453                
10      28             0.01751694277227453                
17      29             0.017516942772274502               
19      28             0.017516942772274502               
18      28             0.017516942772274502               
4       8              0.017516942772274474               
17      27             0.017516942772274474               
19      27             0.017516942772274474               
19      29             0.017516942772274474               
17      28             0.017516942772274446               
8       29             0.01751694277227442                
8       27             0.01751694277227439                
7       27             0.017516942772274363               
8       28             0.017516942772274335               
7       28             0.017516942772274335               
7       29             0.017516942772274335               
24      28             0.01751694277227428                
24      29             0.01751694277227428                
9       27             0.017516942772274252               
24      27             0.017516942772274252               
12      27             0.017516942772274224               
12      29             0.017516942772274224               
9       29             0.017516942772274224               
5       25             0.01751694277227414                
5       26             0.01751694277227414                
9       28             0.01751694277227414                
12      28             0.017516942772274058               
3       7              0.017516942772273836               
3       26             0.017516942772273753               
3       25             0.017516942772273697               
4       26             0.01751694277227353                
4       25             0.017516942772273447               
25      26             0.017516942772273086               
19      42             -0.06739606974968916               
19      44             -0.06739606974968917               
24      44             -0.0673960697496892                
20      42             -0.06739606974968922               
19      22             -0.06739606974968923               
24      42             -0.06739606974968923               
20      44             -0.06739606974968926               
18      42             -0.06739606974968929               
18      44             -0.06739606974968931               
17      42             -0.06739606974968934               
17      44             -0.06739606974968937               
17      22             -0.06739606974968938               
23      42             -0.06739606974968941               
1       9              -0.06739606974968945               
23      44             -0.06739606974968945               
18      22             -0.06739606974968948               
6       8              -0.0673960697496895                
19      21             -0.06739606974968952               
20      22             -0.06739606974968954               
18      21             -0.06739606974968974               
17      21             -0.06739606974968976               
3       6              -0.06739606974968977               
13      42             -0.0673960697496898                
13      44             -0.06739606974968983               
4       42             -0.06739606974968985               
20      21             -0.06739606974968987               
4       44             -0.06739606974968988               
6       14             -0.0673960697496899                
8       42             -0.06739606974968991               
8       44             -0.06739606974968991               
2       4              -0.06739606974968994               
6       13             -0.06739606974969                  
16      42             -0.06739606974969001               
16      44             -0.06739606974969001               
7       42             -0.06739606974969002               
7       44             -0.06739606974969005               
4       11             -0.06739606974969012               
7       11             -0.06739606974969013               
16      22             -0.06739606974969015               
3       11             -0.06739606974969016               
12      44             -0.06739606974969022               
12      42             -0.06739606974969024               
4       6              -0.06739606974969027               
1       10             -0.0673960697496903                
6       7              -0.06739606974969031               
13      22             -0.06739606974969034               
11      12             -0.06739606974969035               
1       12             -0.06739606974969037               
2       3              -0.06739606974969038               
8       11             -0.0673960697496904                
6       10             -0.06739606974969041               
3       42             -0.06739606974969041               
8       22             -0.06739606974969042               
3       44             -0.06739606974969044               
4       22             -0.06739606974969044               
14      42             -0.06739606974969045               
14      44             -0.06739606974969048               
6       9              -0.06739606974969051               
16      21             -0.06739606974969051               
2       7              -0.06739606974969052               
2       9              -0.06739606974969053               
2       12             -0.06739606974969055               
11      13             -0.06739606974969055               
5       42             -0.06739606974969055               
5       44             -0.06739606974969056               
7       22             -0.06739606974969059               
10      42             -0.0673960697496906                
6       12             -0.06739606974969062               
2       13             -0.06739606974969065               
10      44             -0.06739606974969066               
8       15             -0.06739606974969069               
13      21             -0.06739606974969069               
7       15             -0.06739606974969069               
1       4              -0.06739606974969072               
2       8              -0.06739606974969074               
4       21             -0.06739606974969076               
11      14             -0.06739606974969077               
8       21             -0.06739606974969077               
12      22             -0.06739606974969078               
12      15             -0.06739606974969085               
14      15             -0.06739606974969088               
7       21             -0.0673960697496909                
14      22             -0.06739606974969091               
1       5              -0.06739606974969092               
4       15             -0.06739606974969094               
9       42             -0.06739606974969094               
9       44             -0.06739606974969095               
3       22             -0.06739606974969095               
13      15             -0.06739606974969096               
1       23             -0.06739606974969098               
1       24             -0.06739606974969098               
2       14             -0.06739606974969099               
1       7              -0.067396069749691                 
5       22             -0.067396069749691                 
1       19             -0.067396069749691                 
1       18             -0.06739606974969102               
1       8              -0.06739606974969103               
1       20             -0.06739606974969105               
5       11             -0.06739606974969106               
44      45             -0.06739606974969108               
12      21             -0.06739606974969109               
22      24             -0.06739606974969109               
9       11             -0.0673960697496911                
5       6              -0.0673960697496911                
22      23             -0.0673960697496911                
1       14             -0.06739606974969115               
2       10             -0.06739606974969116               
1       17             -0.06739606974969116               
6       16             -0.06739606974969117               
6       24             -0.06739606974969117               
1       16             -0.06739606974969119               
11      18             -0.06739606974969119               
11      23             -0.06739606974969119               
11      24             -0.06739606974969119               
6       23             -0.06739606974969119               
6       19             -0.06739606974969121               
3       21             -0.06739606974969123               
10      22             -0.06739606974969124               
3       15             -0.06739606974969124               
11      19             -0.06739606974969124               
6       18             -0.06739606974969124               
6       25             -0.06739606974969126               
6       26             -0.06739606974969126               
14      21             -0.06739606974969126               
1       13             -0.06739606974969126               
10      15             -0.06739606974969127               
2       23             -0.06739606974969128               
11      17             -0.06739606974969128               
2       24             -0.0673960697496913                
2       18             -0.06739606974969131               
15      24             -0.06739606974969131               
5       21             -0.06739606974969133               
2       19             -0.06739606974969133               
6       20             -0.06739606974969133               
11      20             -0.06739606974969134               
6       17             -0.06739606974969135               
15      18             -0.06739606974969138               
15      23             -0.06739606974969138               
2       20             -0.0673960697496914                
10      11             -0.06739606974969141               
9       22             -0.06739606974969142               
2       17             -0.06739606974969142               
1       43             -0.06739606974969145               
15      16             -0.06739606974969146               
1       35             -0.06739606974969146               
1       36             -0.06739606974969146               
21      23             -0.06739606974969146               
2       16             -0.06739606974969148               
15      20             -0.06739606974969148               
1       39             -0.06739606974969148               
1       40             -0.06739606974969148               
1       38             -0.06739606974969149               
1       41             -0.06739606974969149               
1       45             -0.06739606974969149               
21      24             -0.06739606974969149               
22      30             -0.06739606974969149               
10      21             -0.0673960697496915                
22      35             -0.0673960697496915                
22      39             -0.0673960697496915                
22      40             -0.0673960697496915                
22      38             -0.06739606974969152               
22      41             -0.06739606974969152               
22      43             -0.06739606974969152               
22      45             -0.06739606974969152               
1       30             -0.06739606974969153               
22      36             -0.06739606974969153               
11      16             -0.06739606974969155               
1       32             -0.06739606974969155               
15      19             -0.06739606974969155               
22      37             -0.06739606974969155               
5       15             -0.06739606974969156               
1       33             -0.06739606974969156               
1       34             -0.06739606974969156               
22      33             -0.06739606974969156               
22      34             -0.06739606974969156               
1       3              -0.06739606974969158               
1       31             -0.06739606974969158               
1       37             -0.06739606974969158               
42      43             -0.06739606974969158               
22      31             -0.06739606974969159               
22      32             -0.06739606974969159               
15      17             -0.0673960697496916                
42      45             -0.0673960697496916                
15      30             -0.06739606974969164               
15      36             -0.06739606974969164               
15      43             -0.06739606974969164               
15      35             -0.06739606974969166               
15      40             -0.06739606974969166               
15      45             -0.06739606974969166               
6       36             -0.06739606974969166               
21      41             -0.06739606974969167               
6       40             -0.06739606974969167               
15      38             -0.06739606974969169               
15      39             -0.06739606974969169               
15      41             -0.06739606974969169               
6       30             -0.06739606974969169               
6       45             -0.06739606974969169               
29      44             -0.0673960697496917                
11      35             -0.0673960697496917                
21      35             -0.0673960697496917                
21      39             -0.0673960697496917                
6       38             -0.0673960697496917                
6       41             -0.0673960697496917                
6       43             -0.0673960697496917                
28      42             -0.06739606974969171               
29      42             -0.06739606974969171               
15      33             -0.06739606974969171               
11      36             -0.06739606974969171               
11      43             -0.06739606974969171               
21      30             -0.06739606974969171               
21      43             -0.06739606974969171               
6       35             -0.06739606974969171               
6       39             -0.06739606974969171               
28      44             -0.06739606974969173               
15      31             -0.06739606974969173               
15      34             -0.06739606974969173               
11      40             -0.06739606974969173               
11      41             -0.06739606974969173               
21      36             -0.06739606974969173               
21      38             -0.06739606974969173               
21      45             -0.06739606974969173               
6       34             -0.06739606974969173               
15      32             -0.06739606974969174               
11      38             -0.06739606974969174               
21      40             -0.06739606974969174               
15      37             -0.06739606974969176               
6       32             -0.06739606974969176               
27      42             -0.06739606974969177               
21      33             -0.06739606974969177               
11      30             -0.06739606974969177               
11      45             -0.06739606974969177               
9       21             -0.06739606974969178               
21      37             -0.06739606974969178               
11      39             -0.06739606974969178               
6       31             -0.06739606974969178               
6       33             -0.06739606974969178               
15      25             -0.0673960697496918                
15      26             -0.0673960697496918                
27      44             -0.0673960697496918                
2       36             -0.0673960697496918                
2       41             -0.0673960697496918                
2       45             -0.0673960697496918                
11      33             -0.0673960697496918                
6       37             -0.0673960697496918                
2       40             -0.06739606974969181               
2       43             -0.06739606974969181               
21      31             -0.06739606974969181               
21      32             -0.06739606974969181               
21      34             -0.06739606974969181               
2       38             -0.06739606974969183               
11      32             -0.06739606974969183               
11      34             -0.06739606974969183               
11      37             -0.06739606974969183               
2       35             -0.06739606974969184               
2       39             -0.06739606974969184               
11      31             -0.06739606974969185               
2       34             -0.06739606974969187               
2       5              -0.06739606974969188               
2       31             -0.06739606974969188               
2       32             -0.06739606974969188               
2       33             -0.06739606974969188               
9       15             -0.0673960697496919                
2       37             -0.0673960697496919                
2       30             -0.0673960697496919                
1       29             -0.06739606974969192               
1       27             -0.06739606974969194               
1       28             -0.06739606974969196               
22      29             -0.06739606974969199               
22      27             -0.067396069749692                 
22      28             -0.067396069749692                 
22      26             -0.06739606974969205               
22      25             -0.06739606974969208               
15      28             -0.0673960697496921                
15      29             -0.0673960697496921                
15      27             -0.06739606974969214               
6       29             -0.06739606974969214               
11      25             -0.06739606974969216               
11      27             -0.06739606974969216               
6       28             -0.06739606974969217               
21      28             -0.06739606974969219               
11      28             -0.06739606974969221               
21      29             -0.06739606974969221               
6       27             -0.06739606974969221               
11      26             -0.06739606974969223               
21      27             -0.06739606974969223               
11      29             -0.06739606974969224               
21      26             -0.06739606974969226               
2       29             -0.06739606974969226               
21      25             -0.06739606974969227               
2       28             -0.06739606974969227               
2       27             -0.06739606974969233               
2       25             -0.06739606974969238               
2       26             -0.06739606974969242               
35      42             -0.06739606974969253               
38      42             -0.06739606974969253               
40      42             -0.06739606974969255               
1       26             -0.06739606974969256               
35      44             -0.06739606974969256               
36      42             -0.06739606974969256               
36      44             -0.06739606974969256               
34      42             -0.06739606974969257               
34      44             -0.06739606974969257               
30      44             -0.06739606974969257               
38      44             -0.06739606974969257               
39      42             -0.06739606974969257               
40      44             -0.06739606974969257               
41      42             -0.06739606974969257               
1       25             -0.06739606974969259               
30      42             -0.06739606974969259               
39      44             -0.06739606974969259               
32      42             -0.0673960697496926                
37      42             -0.0673960697496926                
41      44             -0.0673960697496926                
31      42             -0.06739606974969262               
33      42             -0.06739606974969262               
33      44             -0.06739606974969262               
37      44             -0.06739606974969262               
43      44             -0.06739606974969262               
32      44             -0.06739606974969264               
31      44             -0.06739606974969266               
25      42             -0.06739606974969278               
25      44             -0.06739606974969278               
26      42             -0.06739606974969281               
26      44             -0.06739606974969282               
