#======================================================================
# PARAMETERS USED FOR THIS COMPUTATION: 
#      Sequence type: RNA
#      Total number of sequences in alignment data: 4
#      Length of sequences in alignment data: 37
#      Effective number of sequences: 3.0
#      Value of sequence identity: 0.8
#      Value of relative pseudocount: 0.5
# The First and Second columns represent sites and the
# Third column is MFDCA Frobenius norm, average product corrected (APC) DCA score
#======================================================================
21      23             0.6647516404158436                 
10      12             0.6647516404158405                 
13      14             0.6647516404158401                 
12      13             0.66475164041584                   
12      14             0.6647516404158396                 
10      21             0.6647516404158391                 
14      21             0.6647516404158389                 
12      21             0.6647516404158389                 
12      23             0.6647516404158382                 
13      21             0.6647516404158378                 
10      23             0.6647516404158378                 
10      13             0.6647516404158371                 
13      23             0.6647516404158369                 
14      23             0.6647516404158369                 
10      14             0.6647516404158362                 
5       12             0.5272688378971612                 
5       10             0.5272688378971608                 
5       21             0.5272688378971608                 
5       23             0.5272688378971605                 
5       14             0.5272688378971597                 
5       13             0.5272688378971594                 
1       5              0.48357636529790804                
2       5              0.483576365297908                  
1       2              0.43420943788685595                
6       36             0.29872409691353496                
3       35             0.29872409691353463                
3       36             0.29872409691353463                
3       37             0.2987240969135345                 
6       37             0.2987240969135343                 
3       4              0.29872409691353424                
6       35             0.2987240969135341                 
4       36             0.2987240969135341                 
4       35             0.29872409691353397                
3       6              0.29872409691353385                
4       37             0.29872409691353374                
4       6              0.2987240969135336                 
35      37             0.2987240969135317                 
36      37             0.2987240969135316                 
35      36             0.298724096913531                  
1       10             0.21164249660716689                
1       12             0.21164249660716677                
2       10             0.21164249660716655                
2       12             0.21164249660716633                
1       23             0.21164249660716605                
1       21             0.211642496607166                  
2       23             0.211642496607166                  
1       13             0.21164249660716578                
2       21             0.21164249660716578                
2       13             0.21164249660716572                
2       14             0.21164249660716572                
1       14             0.21164249660716544                
2       4              0.13080642120583888                
1       35             0.13080642120583866                
2       6              0.13080642120583855                
1       36             0.13080642120583855                
1       37             0.13080642120583855                
2       35             0.13080642120583844                
2       37             0.13080642120583844                
2       36             0.13080642120583838                
1       6              0.13080642120583832                
1       4              0.13080642120583716                
2       3              0.13080642120583705                
1       3              0.13080642120583696                
9       22             0.08064737678590461                
16      25             0.08064737678590411                
16      27             0.08064737678590411                
16      28             0.08064737678590411                
16      33             0.08064737678590406                
16      34             0.08064737678590406                
16      29             0.08064737678590406                
16      30             0.08064737678590406                
16      32             0.08064737678590406                
16      31             0.080647376785904                  
16      24             0.08064737678590395                
16      26             0.08064737678590395                
9       16             0.08064737678590389                
8       11             0.08064737678590378                
11      25             0.08064737678590372                
17      28             0.08064737678590372                
11      33             0.08064737678590367                
11      31             0.08064737678590367                
9       17             0.08064737678590367                
9       20             0.08064737678590367                
11      34             0.08064737678590361                
11      27             0.08064737678590361                
11      28             0.08064737678590361                
11      29             0.08064737678590361                
11      30             0.08064737678590361                
17      33             0.08064737678590361                
17      34             0.08064737678590361                
17      30             0.08064737678590361                
17      31             0.08064737678590361                
17      32             0.08064737678590361                
8       22             0.08064737678590361                
9       18             0.08064737678590361                
17      26             0.08064737678590356                
17      27             0.08064737678590356                
17      29             0.08064737678590356                
11      24             0.0806473767859035                 
11      26             0.0806473767859035                 
11      32             0.0806473767859035                 
9       15             0.0806473767859035                 
9       19             0.0806473767859035                 
8       17             0.08064737678590345                
17      24             0.08064737678590339                
17      25             0.08064737678590339                
8       18             0.08064737678590322                
15      33             0.08064737678590322                
15      34             0.08064737678590322                
15      25             0.08064737678590322                
15      26             0.08064737678590322                
15      28             0.08064737678590322                
15      32             0.08064737678590322                
8       19             0.08064737678590317                
20      26             0.08064737678590317                
15      29             0.08064737678590317                
20      28             0.08064737678590311                
20      32             0.08064737678590311                
15      24             0.08064737678590311                
15      27             0.08064737678590311                
15      30             0.08064737678590311                
20      33             0.08064737678590306                
20      34             0.08064737678590306                
20      24             0.08064737678590306                
20      29             0.08064737678590306                
20      30             0.08064737678590306                
20      31             0.08064737678590306                
15      31             0.08064737678590306                
18      25             0.08064737678590306                
18      28             0.08064737678590306                
18      33             0.080647376785903                  
18      34             0.080647376785903                  
19      25             0.080647376785903                  
18      29             0.080647376785903                  
18      30             0.080647376785903                  
18      31             0.080647376785903                  
18      32             0.080647376785903                  
20      25             0.08064737678590295                
19      33             0.08064737678590295                
19      34             0.08064737678590295                
19      29             0.08064737678590295                
19      32             0.08064737678590295                
8       16             0.08064737678590289                
8       20             0.08064737678590289                
8       15             0.08064737678590289                
20      27             0.08064737678590289                
19      24             0.08064737678590289                
19      30             0.08064737678590289                
19      31             0.08064737678590289                
18      26             0.08064737678590289                
18      27             0.08064737678590289                
19      26             0.08064737678590284                
19      28             0.08064737678590284                
18      24             0.08064737678590284                
19      27             0.08064737678590278                
9       11             0.08064737678590261                
9       27             0.08064737678590245                
9       33             0.08064737678590239                
9       28             0.08064737678590239                
22      28             0.08064737678590239                
9       25             0.08064737678590234                
9       26             0.08064737678590234                
9       30             0.08064737678590234                
9       31             0.08064737678590234                
9       32             0.08064737678590234                
9       34             0.08064737678590228                
9       24             0.08064737678590228                
9       29             0.08064737678590228                
22      32             0.08064737678590228                
33      34             0.08064737678590223                
29      34             0.08064737678590223                
22      33             0.08064737678590223                
22      25             0.08064737678590223                
22      26             0.08064737678590223                
22      29             0.08064737678590223                
22      30             0.08064737678590223                
22      31             0.08064737678590223                
26      34             0.08064737678590217                
29      33             0.08064737678590217                
30      34             0.08064737678590217                
27      28             0.08064737678590217                
28      30             0.08064737678590217                
28      32             0.08064737678590217                
22      24             0.08064737678590217                
22      27             0.08064737678590217                
25      34             0.08064737678590211                
26      33             0.08064737678590211                
30      33             0.08064737678590211                
31      33             0.08064737678590211                
31      34             0.08064737678590211                
32      33             0.08064737678590211                
26      28             0.08064737678590211                
26      30             0.08064737678590211                
26      31             0.08064737678590211                
26      32             0.08064737678590211                
27      30             0.08064737678590211                
27      32             0.08064737678590211                
28      31             0.08064737678590211                
29      30             0.08064737678590211                
29      32             0.08064737678590211                
22      34             0.08064737678590211                
28      34             0.08064737678590206                
24      29             0.08064737678590206                
25      27             0.08064737678590206                
25      28             0.08064737678590206                
25      29             0.08064737678590206                
25      30             0.08064737678590206                
25      31             0.08064737678590206                
25      32             0.08064737678590206                
26      27             0.08064737678590206                
26      29             0.08064737678590206                
27      29             0.08064737678590206                
28      29             0.08064737678590206                
29      31             0.08064737678590206                
30      31             0.08064737678590206                
30      32             0.08064737678590206                
25      33             0.080647376785902                  
28      33             0.080647376785902                  
32      34             0.080647376785902                  
24      25             0.080647376785902                  
24      26             0.080647376785902                  
24      27             0.080647376785902                  
24      28             0.080647376785902                  
24      30             0.080647376785902                  
24      31             0.080647376785902                  
25      26             0.080647376785902                  
27      31             0.080647376785902                  
31      32             0.080647376785902                  
24      33             0.08064737678590195                
24      34             0.08064737678590195                
27      33             0.08064737678590195                
27      34             0.08064737678590195                
24      32             0.08064737678590195                
8       28             0.08064737678590178                
8       33             0.08064737678590173                
8       34             0.08064737678590167                
8       29             0.08064737678590167                
8       25             0.08064737678590161                
8       26             0.08064737678590161                
8       27             0.08064737678590161                
8       32             0.08064737678590161                
8       30             0.08064737678590156                
8       31             0.08064737678590156                
8       24             0.0806473767859015                 
19      20             0.08064737678590128                
15      16             0.08064737678590117                
18      20             0.08064737678590111                
8       9              0.08064737678590111                
18      19             0.08064737678590095                
11      22             0.08064737678590095                
15      17             0.08064737678590067                
15      19             0.08064737678590062                
15      22             0.08064737678590062                
17      18             0.0806473767859005                 
17      19             0.08064737678590045                
15      20             0.0806473767859004                 
15      18             0.0806473767859004                 
17      20             0.08064737678590023                
11      15             0.08064737678590006                
11      18             0.08064737678590006                
16      17             0.08064737678589984                
16      20             0.08064737678589984                
16      19             0.08064737678589984                
18      22             0.08064737678589984                
16      18             0.08064737678589978                
11      17             0.08064737678589967                
11      20             0.08064737678589956                
11      19             0.08064737678589956                
19      22             0.08064737678589956                
20      22             0.0806473767858995                 
11      16             0.0806473767858994                 
17      22             0.08064737678589784                
16      22             0.08064737678589778                
7       35             0.05912045992238135                
7       37             0.0591204599223813                 
7       36             0.05912045992238121                
3       7              0.05912045992238091                
6       7              0.05912045992238088                
4       7              0.05912045992237985                
7       22             0.02858237436797198                
7       11             0.028582374367970953               
7       18             0.028582374367969537               
7       16             0.028582374367969288               
7       20             0.028582374367969288               
7       17             0.02858237436796926                
7       15             0.02858237436796926                
7       19             0.02858237436796926                
7       8              0.02858237436796915                
7       34             0.02858237436796876                
7       26             0.02858237436796876                
7       30             0.02858237436796876                
7       32             0.02858237436796876                
7       25             0.028582374367968733               
7       28             0.028582374367968733               
7       29             0.028582374367968733               
7       31             0.028582374367968733               
7       33             0.028582374367968705               
7       27             0.028582374367968705               
7       24             0.028582374367968677               
7       9              0.028582374367967428               
5       35             0.02041896739825394                
5       36             0.02041896739825394                
5       37             0.02041896739825394                
5       6              0.02041896739825283                
4       5              0.020418967398252608               
3       5              0.02041896739825244                
1       7              -0.03447859271114623               
2       7              -0.03447859271114642               
4       22             -0.04660086067506233               
6       22             -0.046600860675062666              
3       22             -0.046600860675062694              
19      36             -0.04660086067506322               
19      37             -0.04660086067506322               
19      35             -0.04660086067506328               
20      36             -0.04660086067506369               
20      35             -0.04660086067506375               
20      37             -0.04660086067506375               
8       37             -0.04660086067506411               
8       36             -0.04660086067506414               
18      35             -0.046600860675064165              
18      37             -0.046600860675064165              
8       35             -0.04660086067506419               
18      36             -0.04660086067506422               
4       11             -0.04660086067506425               
11      36             -0.04660086067506433               
17      35             -0.04660086067506433               
17      36             -0.04660086067506433               
17      37             -0.04660086067506433               
11      35             -0.04660086067506439               
11      37             -0.04660086067506439               
6       11             -0.04660086067506444               
3       11             -0.046600860675064526              
4       28             -0.04660086067506464               
16      36             -0.046600860675064665              
16      37             -0.046600860675064665              
15      36             -0.046600860675064665              
4       27             -0.046600860675064665              
16      35             -0.04660086067506469               
15      35             -0.04660086067506469               
15      37             -0.04660086067506469               
4       34             -0.04660086067506469               
4       30             -0.04660086067506469               
4       24             -0.04660086067506472               
4       25             -0.04660086067506472               
4       26             -0.04660086067506472               
4       29             -0.04660086067506472               
4       31             -0.04660086067506472               
4       32             -0.04660086067506472               
3       28             -0.04660086067506475               
3       25             -0.046600860675064776              
4       33             -0.046600860675064776              
3       27             -0.046600860675064804              
3       33             -0.04660086067506483               
3       34             -0.04660086067506483               
3       29             -0.04660086067506483               
3       30             -0.04660086067506483               
3       31             -0.04660086067506483               
3       32             -0.04660086067506483               
3       26             -0.04660086067506486               
3       24             -0.04660086067506489               
6       29             -0.04660086067506494               
6       25             -0.04660086067506497               
6       26             -0.04660086067506497               
6       30             -0.04660086067506497               
6       31             -0.04660086067506497               
6       32             -0.04660086067506497               
6       27             -0.046600860675065                 
6       28             -0.046600860675065                 
9       36             -0.046600860675065                 
6       33             -0.046600860675065026              
6       24             -0.046600860675065026              
9       37             -0.046600860675065026              
6       34             -0.04660086067506505               
9       35             -0.04660086067506508               
3       15             -0.04660086067506519               
3       19             -0.046600860675065275              
4       18             -0.0466008606750653                
3       18             -0.04660086067506533               
3       16             -0.04660086067506536               
4       19             -0.04660086067506536               
4       17             -0.0466008606750655                
6       19             -0.046600860675065525              
3       20             -0.046600860675065525              
6       18             -0.04660086067506555               
4       20             -0.04660086067506555               
4       16             -0.04660086067506558               
4       8              -0.04660086067506561               
4       15             -0.04660086067506561               
3       17             -0.046600860675065636              
3       8              -0.04660086067506569               
6       16             -0.046600860675065775              
6       20             -0.046600860675065775              
6       15             -0.0466008606750658                
6       17             -0.046600860675065914              
6       8              -0.04660086067506597               
22      36             -0.04660086067506597               
22      37             -0.04660086067506597               
22      35             -0.046600860675066                 
25      36             -0.04660086067506605               
27      36             -0.04660086067506605               
29      36             -0.04660086067506605               
33      37             -0.04660086067506608               
25      35             -0.04660086067506608               
26      35             -0.04660086067506608               
26      36             -0.04660086067506608               
26      37             -0.04660086067506608               
28      37             -0.04660086067506608               
29      35             -0.04660086067506608               
32      36             -0.04660086067506608               
32      37             -0.04660086067506608               
33      36             -0.04660086067506611               
24      36             -0.04660086067506611               
28      35             -0.04660086067506611               
28      36             -0.04660086067506611               
29      37             -0.04660086067506611               
31      37             -0.04660086067506611               
32      35             -0.04660086067506611               
34      35             -0.046600860675066136              
34      36             -0.046600860675066136              
34      37             -0.046600860675066136              
25      37             -0.046600860675066136              
27      35             -0.046600860675066136              
30      35             -0.046600860675066136              
30      37             -0.046600860675066136              
31      35             -0.046600860675066136              
31      36             -0.046600860675066136              
33      35             -0.046600860675066164              
24      35             -0.046600860675066164              
24      37             -0.046600860675066164              
27      37             -0.046600860675066164              
30      36             -0.046600860675066164              
3       9              -0.046600860675067135              
4       9              -0.046600860675067274              
6       9              -0.04660086067506736               
5       7              -0.10004955321356668               
7       10             -0.14029232311572706               
7       23             -0.14029232311572729               
7       12             -0.1402923231157273                
7       13             -0.14029232311572742               
7       14             -0.14029232311572745               
7       21             -0.14029232311572787               
1       22             -0.14195846443257903               
2       22             -0.1419584644325798                
2       24             -0.14195846443257995               
2       25             -0.14195846443257995               
2       32             -0.14195846443257995               
2       33             -0.14195846443257998               
2       31             -0.14195846443257998               
2       26             -0.14195846443257998               
2       27             -0.14195846443257998               
2       29             -0.14195846443257998               
2       30             -0.14195846443257998               
2       8              -0.14195846443258003               
1       28             -0.14195846443258003               
2       34             -0.14195846443258003               
2       28             -0.14195846443258003               
1       26             -0.14195846443258006               
1       32             -0.1419584644325801                
1       30             -0.14195846443258012               
1       31             -0.14195846443258014               
1       24             -0.14195846443258014               
1       25             -0.14195846443258014               
1       29             -0.14195846443258014               
1       34             -0.14195846443258017               
1       27             -0.14195846443258017               
1       33             -0.1419584644325802                
1       11             -0.14195846443258023               
1       8              -0.14195846443258028               
2       15             -0.14195846443258053               
2       18             -0.14195846443258067               
2       16             -0.1419584644325807                
2       19             -0.1419584644325807                
1       9              -0.14195846443258076               
2       20             -0.1419584644325808                
1       18             -0.1419584644325808                
1       17             -0.14195846443258092               
1       16             -0.14195846443258092               
1       15             -0.14195846443258092               
1       19             -0.14195846443258092               
2       9              -0.14195846443258098               
2       17             -0.141958464432581                 
2       11             -0.14195846443258103               
1       20             -0.14195846443258114               
12      36             -0.1456645673540014                
12      37             -0.14566456735400146               
6       23             -0.1456645673540015                
12      35             -0.14566456735400157               
10      37             -0.14566456735400166               
10      36             -0.14566456735400168               
10      35             -0.14566456735400174               
14      36             -0.1456645673540018                
3       23             -0.14566456735400182               
14      37             -0.14566456735400185               
13      35             -0.1456645673540019                
13      36             -0.1456645673540019                
14      35             -0.14566456735400193               
4       21             -0.14566456735400193               
13      37             -0.14566456735400196               
4       23             -0.14566456735400196               
3       14             -0.14566456735400238               
6       21             -0.14566456735400238               
3       21             -0.14566456735400257               
6       10             -0.1456645673540026                
4       10             -0.14566456735400274               
4       12             -0.14566456735400293               
6       13             -0.145664567354003                 
3       13             -0.145664567354003                 
6       14             -0.14566456735400313               
3       12             -0.14566456735400313               
4       14             -0.1456645673540032                
23      36             -0.14566456735400327               
23      37             -0.14566456735400327               
6       12             -0.14566456735400332               
3       10             -0.14566456735400332               
23      35             -0.14566456735400335               
4       13             -0.14566456735400352               
21      37             -0.14566456735400352               
21      35             -0.1456645673540036                
21      36             -0.1456645673540036                
12      22             -0.149517901662309                 
13      22             -0.14951790166230955               
21      22             -0.14951790166230994               
22      23             -0.14951790166231005               
12      15             -0.14951790166231083               
12      18             -0.14951790166231094               
10      22             -0.14951790166231094               
10      16             -0.149517901662311                 
10      15             -0.149517901662311                 
10      18             -0.149517901662311                 
10      19             -0.14951790166231102               
12      19             -0.14951790166231102               
23      33             -0.14951790166231105               
10      20             -0.14951790166231108               
23      25             -0.14951790166231108               
23      26             -0.14951790166231108               
23      34             -0.1495179016623111                
23      28             -0.1495179016623111                
23      29             -0.1495179016623111                
23      30             -0.1495179016623111                
23      31             -0.1495179016623111                
23      32             -0.1495179016623111                
10      17             -0.14951790166231113               
8       12             -0.14951790166231113               
23      24             -0.14951790166231113               
23      27             -0.14951790166231113               
9       12             -0.14951790166231113               
12      16             -0.14951790166231116               
12      20             -0.14951790166231127               
21      24             -0.1495179016623113                
21      30             -0.14951790166231133               
21      25             -0.14951790166231135               
21      28             -0.14951790166231135               
21      31             -0.14951790166231135               
21      32             -0.14951790166231135               
21      26             -0.14951790166231138               
21      27             -0.14951790166231138               
21      29             -0.14951790166231138               
19      21             -0.1495179016623114                
21      33             -0.1495179016623114                
14      22             -0.1495179016623114                
18      21             -0.14951790166231144               
21      34             -0.14951790166231146               
12      17             -0.1495179016623115                
13      18             -0.14951790166231155               
13      15             -0.14951790166231163               
13      19             -0.14951790166231166               
14      26             -0.14951790166231171               
14      27             -0.14951790166231171               
14      32             -0.14951790166231171               
14      28             -0.14951790166231174               
14      31             -0.14951790166231174               
14      33             -0.14951790166231177               
14      15             -0.1495179016623118                
14      34             -0.1495179016623118                
14      24             -0.1495179016623118                
14      25             -0.1495179016623118                
14      29             -0.1495179016623118                
14      30             -0.1495179016623118                
13      17             -0.14951790166231183               
10      25             -0.14951790166231183               
10      26             -0.14951790166231183               
10      28             -0.14951790166231183               
12      27             -0.14951790166231183               
12      32             -0.14951790166231183               
13      24             -0.14951790166231185               
13      25             -0.14951790166231185               
13      26             -0.14951790166231185               
10      31             -0.14951790166231185               
12      24             -0.14951790166231185               
12      25             -0.14951790166231185               
12      28             -0.14951790166231185               
12      30             -0.14951790166231185               
9       10             -0.14951790166231185               
10      24             -0.14951790166231188               
10      32             -0.14951790166231188               
12      34             -0.14951790166231188               
12      26             -0.14951790166231188               
12      29             -0.14951790166231188               
10      27             -0.1495179016623119                
12      33             -0.1495179016623119                
12      31             -0.1495179016623119                
13      20             -0.14951790166231194               
14      18             -0.14951790166231194               
13      28             -0.14951790166231194               
13      29             -0.14951790166231194               
13      31             -0.14951790166231194               
13      32             -0.14951790166231194               
10      29             -0.14951790166231194               
10      30             -0.14951790166231194               
13      27             -0.14951790166231196               
13      30             -0.14951790166231196               
14      19             -0.149517901662312                 
13      34             -0.149517901662312                 
10      34             -0.149517901662312                 
13      33             -0.14951790166231202               
10      33             -0.14951790166231202               
10      11             -0.14951790166231205               
13      16             -0.1495179016623121                
19      23             -0.1495179016623121                
17      21             -0.14951790166231216               
14      20             -0.1495179016623122                
20      23             -0.1495179016623122                
8       13             -0.14951790166231227               
14      17             -0.14951790166231235               
14      16             -0.14951790166231235               
8       14             -0.14951790166231238               
15      21             -0.1495179016623124                
20      21             -0.14951790166231246               
9       13             -0.14951790166231257               
9       14             -0.14951790166231257               
9       21             -0.14951790166231257               
15      23             -0.14951790166231269               
11      14             -0.1495179016623127                
11      13             -0.14951790166231274               
8       10             -0.14951790166231274               
8       23             -0.14951790166231274               
16      21             -0.14951790166231277               
18      23             -0.14951790166231277               
11      12             -0.14951790166231288               
8       21             -0.14951790166231307               
9       23             -0.14951790166231307               
16      23             -0.14951790166231313               
17      23             -0.1495179016623136                
11      23             -0.14951790166231382               
11      21             -0.1495179016623141                
5       22             -0.1945526907057286                
5       28             -0.19455269070572861               
5       26             -0.19455269070572861               
5       32             -0.19455269070572864               
5       16             -0.19455269070572867               
5       18             -0.19455269070572867               
5       25             -0.19455269070572867               
5       29             -0.19455269070572867               
5       31             -0.19455269070572867               
5       24             -0.1945526907057287                
5       27             -0.1945526907057287                
5       30             -0.1945526907057287                
5       17             -0.19455269070572873               
5       33             -0.19455269070572873               
5       19             -0.19455269070572878               
5       15             -0.19455269070572878               
5       34             -0.19455269070572878               
5       20             -0.1945526907057289                
5       9              -0.19455269070573017               
5       11             -0.19455269070573034               
5       8              -0.19455269070573147               
