#======================================================================
# PARAMETERS USED FOR THIS COMPUTATION: 
#      Sequence type: RNA
#      Total number of sequences in alignment data: 1
#      Length of sequences in alignment data: 57
#      Effective number of sequences: 1.0
#      Value of sequence identity: 0.8
#      Value of relative pseudocount: 0.5
# The First and Second columns represent sites and the
# Third column is MFDCA Frobenius norm, average product corrected (APC) DCA score
#======================================================================
2       3              7.188694084447889e-15              
1       2              7.13318293321663e-15               
36      52             6.5503158452884236e-15             
36      54             6.5503158452884236e-15             
36      56             6.5503158452884236e-15             
36      53             6.5503158452884236e-15             
36      55             6.5503158452884236e-15             
36      57             6.522560269672795e-15              
36      51             6.494804694057166e-15              
43      57             6.13398221105399e-15               
43      55             6.13398221105399e-15               
52      57             6.106226635438361e-15              
54      57             6.106226635438361e-15              
43      51             6.106226635438361e-15              
53      57             6.106226635438361e-15              
54      55             6.106226635438361e-15              
55      57             6.106226635438361e-15              
43      56             6.106226635438361e-15              
53      55             6.106226635438361e-15              
43      53             6.106226635438361e-15              
50      56             6.078471059822732e-15              
50      57             6.078471059822732e-15              
50      55             6.078471059822732e-15              
52      56             6.078471059822732e-15              
54      56             6.078471059822732e-15              
53      56             6.078471059822732e-15              
55      56             6.078471059822732e-15              
43      52             6.078471059822732e-15              
43      54             6.078471059822732e-15              
50      52             6.050715484207103e-15              
51      52             6.050715484207103e-15              
51      56             6.050715484207103e-15              
51      57             6.050715484207103e-15              
51      55             6.050715484207103e-15              
56      57             6.050715484207103e-15              
52      55             6.050715484207103e-15              
53      54             6.050715484207103e-15              
36      50             6.050715484207103e-15              
46      56             6.022959908591474e-15              
46      57             6.022959908591474e-15              
50      51             6.022959908591474e-15              
46      55             6.022959908591474e-15              
50      54             6.022959908591474e-15              
51      54             6.022959908591474e-15              
50      53             6.022959908591474e-15              
51      53             6.022959908591474e-15              
52      54             6.022959908591474e-15              
52      53             6.022959908591474e-15              
46      53             5.995204332975845e-15              
46      51             5.9674487573602164e-15             
46      52             5.9674487573602164e-15             
46      54             5.9674487573602164e-15             
36      43             5.88418203051333e-15               
36      46             5.773159728050814e-15              
43      50             5.6066262743570405e-15             
46      50             5.495603971894525e-15              
43      46             5.329070518200751e-15              
37      57             4.6351811278100286e-15             
35      55             4.6074255521944e-15                
37      55             4.6074255521944e-15                
35      57             4.579669976578771e-15              
37      52             4.579669976578771e-15              
37      54             4.579669976578771e-15              
37      56             4.579669976578771e-15              
37      53             4.579669976578771e-15              
47      56             4.579669976578771e-15              
47      55             4.579669976578771e-15              
35      51             4.551914400963142e-15              
37      51             4.551914400963142e-15              
35      53             4.551914400963142e-15              
44      57             4.551914400963142e-15              
35      52             4.524158825347513e-15              
35      54             4.524158825347513e-15              
35      56             4.524158825347513e-15              
44      52             4.524158825347513e-15              
44      56             4.524158825347513e-15              
44      55             4.524158825347513e-15              
47      52             4.524158825347513e-15              
47      57             4.524158825347513e-15              
45      57             4.496403249731884e-15              
48      51             4.496403249731884e-15              
41      57             4.496403249731884e-15              
44      51             4.496403249731884e-15              
49      56             4.496403249731884e-15              
49      57             4.496403249731884e-15              
41      55             4.496403249731884e-15              
44      54             4.496403249731884e-15              
48      55             4.496403249731884e-15              
47      51             4.496403249731884e-15              
47      54             4.496403249731884e-15              
47      53             4.496403249731884e-15              
33      57             4.468647674116255e-15              
33      55             4.468647674116255e-15              
34      55             4.468647674116255e-15              
41      56             4.468647674116255e-15              
45      55             4.468647674116255e-15              
48      56             4.468647674116255e-15              
48      57             4.468647674116255e-15              
49      55             4.468647674116255e-15              
44      53             4.468647674116255e-15              
33      52             4.440892098500626e-15              
33      56             4.440892098500626e-15              
34      52             4.440892098500626e-15              
34      54             4.440892098500626e-15              
34      57             4.440892098500626e-15              
45      51             4.440892098500626e-15              
41      51             4.440892098500626e-15              
45      52             4.440892098500626e-15              
45      56             4.440892098500626e-15              
41      54             4.440892098500626e-15              
48      52             4.440892098500626e-15              
49      54             4.440892098500626e-15              
41      53             4.440892098500626e-15              
49      53             4.440892098500626e-15              
33      51             4.413136522884997e-15              
34      51             4.413136522884997e-15              
33      54             4.413136522884997e-15              
34      56             4.413136522884997e-15              
34      53             4.413136522884997e-15              
45      54             4.413136522884997e-15              
41      52             4.413136522884997e-15              
48      54             4.413136522884997e-15              
49      52             4.413136522884997e-15              
48      53             4.413136522884997e-15              
33      53             4.385380947269368e-15              
49      51             4.385380947269368e-15              
45      53             4.385380947269368e-15              
1       11             4.385380947269368e-15              
42      52             4.3576253716537394e-15             
42      57             4.3576253716537394e-15             
39      55             4.3576253716537394e-15             
42      56             4.3298697960381105e-15             
39      56             4.3298697960381105e-15             
42      55             4.3298697960381105e-15             
35      36             4.3298697960381105e-15             
32      57             4.3021142204224816e-15             
32      55             4.3021142204224816e-15             
40      52             4.3021142204224816e-15             
42      51             4.3021142204224816e-15             
40      55             4.3021142204224816e-15             
39      52             4.3021142204224816e-15             
39      57             4.3021142204224816e-15             
42      53             4.3021142204224816e-15             
39      53             4.3021142204224816e-15             
32      52             4.274358644806853e-15              
32      56             4.274358644806853e-15              
40      51             4.274358644806853e-15              
40      54             4.274358644806853e-15              
40      56             4.274358644806853e-15              
40      57             4.274358644806853e-15              
39      51             4.274358644806853e-15              
40      53             4.274358644806853e-15              
42      54             4.274358644806853e-15              
39      54             4.274358644806853e-15              
1       4              4.274358644806853e-15              
32      54             4.246603069191224e-15              
32      51             4.218847493575595e-15              
32      53             4.218847493575595e-15              
27      31             4.191091917959966e-15              
31      51             4.191091917959966e-15              
31      52             4.191091917959966e-15              
31      57             4.191091917959966e-15              
33      36             4.191091917959966e-15              
34      36             4.191091917959966e-15              
31      54             4.163336342344337e-15              
31      56             4.163336342344337e-15              
31      53             4.163336342344337e-15              
31      55             4.163336342344337e-15              
27      32             4.135580766728708e-15              
1       30             4.135580766728708e-15              
2       7              4.135580766728708e-15              
2       23             4.107825191113079e-15              
37      50             4.107825191113079e-15              
6       8              4.08006961549745e-15               
2       15             4.052314039881821e-15              
35      50             4.052314039881821e-15              
47      50             4.052314039881821e-15              
32      36             4.052314039881821e-15              
2       22             4.0245584642661925e-15             
44      50             4.0245584642661925e-15             
33      50             3.969047313034935e-15              
1       25             3.969047313034935e-15              
41      50             3.969047313034935e-15              
31      36             3.969047313034935e-15              
13      23             3.941291737419306e-15              
45      50             3.941291737419306e-15              
48      50             3.941291737419306e-15              
49      50             3.941291737419306e-15              
34      50             3.913536161803677e-15              
35      43             3.913536161803677e-15              
13      25             3.885780586188048e-15              
1       23             3.885780586188048e-15              
37      43             3.885780586188048e-15              
1       22             3.858025010572419e-15              
39      50             3.858025010572419e-15              
37      46             3.858025010572419e-15              
2       20             3.83026943495679e-15               
42      50             3.83026943495679e-15               
1       29             3.802513859341161e-15              
13      20             3.802513859341161e-15              
13      22             3.802513859341161e-15              
40      50             3.802513859341161e-15              
13      30             3.802513859341161e-15              
35      46             3.802513859341161e-15              
12      30             3.802513859341161e-15              
41      43             3.802513859341161e-15              
16      17             3.802513859341161e-15              
2       25             3.774758283725532e-15              
4       30             3.774758283725532e-15              
34      43             3.774758283725532e-15              
13      21             3.747002708109903e-15              
32      50             3.747002708109903e-15              
1       20             3.747002708109903e-15              
12      25             3.747002708109903e-15              
3       4              3.747002708109903e-15              
2       21             3.7192471324942744e-15             
1       24             3.7192471324942744e-15             
2       30             3.7192471324942744e-15             
4       25             3.7192471324942744e-15             
33      43             3.7192471324942744e-15             
44      46             3.7192471324942744e-15             
6       7              3.7192471324942744e-15             
11      20             3.6914915568786455e-15             
33      46             3.6914915568786455e-15             
12      23             3.6914915568786455e-15             
27      48             3.6637359812630166e-15             
31      50             3.6637359812630166e-15             
34      46             3.6637359812630166e-15             
12      20             3.6637359812630166e-15             
40      43             3.6637359812630166e-15             
42      43             3.6637359812630166e-15             
45      46             3.6637359812630166e-15             
41      46             3.6637359812630166e-15             
27      37             3.635980405647388e-15              
27      45             3.635980405647388e-15              
27      49             3.635980405647388e-15              
13      24             3.635980405647388e-15              
14      16             3.635980405647388e-15              
4       23             3.608224830031759e-15              
12      22             3.608224830031759e-15              
5       25             3.608224830031759e-15              
11      25             3.608224830031759e-15              
39      43             3.608224830031759e-15              
2       29             3.58046925441613e-15               
2       24             3.58046925441613e-15               
12      21             3.58046925441613e-15               
32      43             3.58046925441613e-15               
39      46             3.58046925441613e-15               
11      30             3.58046925441613e-15               
1       19             3.552713678800501e-15              
1       21             3.552713678800501e-15              
42      46             3.552713678800501e-15              
5       30             3.552713678800501e-15              
13      14             3.552713678800501e-15              
1       26             3.524958103184872e-15              
13      29             3.524958103184872e-15              
31      43             3.524958103184872e-15              
40      46             3.524958103184872e-15              
12      24             3.524958103184872e-15              
5       23             3.524958103184872e-15              
15      17             3.524958103184872e-15              
10      17             3.524958103184872e-15              
27      42             3.497202527569243e-15              
1       28             3.497202527569243e-15              
32      46             3.497202527569243e-15              
4       24             3.497202527569243e-15              
4       22             3.497202527569243e-15              
12      29             3.497202527569243e-15              
5       20             3.497202527569243e-15              
27      34             3.469446951953614e-15              
27      39             3.469446951953614e-15              
4       29             3.469446951953614e-15              
11      23             3.469446951953614e-15              
16      18             3.469446951953614e-15              
13      15             3.469446951953614e-15              
2       12             3.469446951953614e-15              
27      33             3.4416913763379853e-15             
27      40             3.4416913763379853e-15             
14      15             3.4416913763379853e-15             
10      11             3.4416913763379853e-15             
4       20             3.4139358007223564e-15             
5       24             3.4139358007223564e-15             
11      24             3.4139358007223564e-15             
9       17             3.4139358007223564e-15             
1       27             3.3861802251067274e-15             
2       19             3.3861802251067274e-15             
13      19             3.3861802251067274e-15             
25      30             3.3861802251067274e-15             
4       21             3.3861802251067274e-15             
12      28             3.3861802251067274e-15             
31      46             3.3861802251067274e-15             
11      22             3.3861802251067274e-15             
13      26             3.3584246494910985e-15             
12      26             3.3584246494910985e-15             
11      21             3.3584246494910985e-15             
11      29             3.3584246494910985e-15             
2       14             3.3584246494910985e-15             
4       13             3.3584246494910985e-15             
14      17             3.3584246494910985e-15             
2       28             3.3306690738754696e-15             
2       26             3.3029134982598407e-15             
13      28             3.3029134982598407e-15             
5       22             3.3029134982598407e-15             
2       13             3.3029134982598407e-15             
13      27             3.2751579226442118e-15             
5       29             3.247402347028583e-15              
15      18             3.247402347028583e-15              
10      18             3.247402347028583e-15              
9       18             3.247402347028583e-15              
4       28             3.219646771412954e-15              
11      19             3.219646771412954e-15              
5       21             3.219646771412954e-15              
4       26             3.191891195797325e-15              
12      27             3.191891195797325e-15              
2       16             3.191891195797325e-15              
8       23             3.164135620181696e-15              
8       30             3.164135620181696e-15              
8       25             3.1363800445660672e-15             
4       12             3.1363800445660672e-15             
10      12             3.1363800445660672e-15             
17      18             3.1363800445660672e-15             
9       10             3.1363800445660672e-15             
25      29             3.1086244689504383e-15             
8       24             3.1086244689504383e-15             
27      38             3.0808688933348094e-15             
4       19             3.0808688933348094e-15             
11      26             3.0808688933348094e-15             
8       20             3.0808688933348094e-15             
13      16             3.0808688933348094e-15             
25      26             3.0531133177191805e-15             
2       27             3.0531133177191805e-15             
5       28             3.0531133177191805e-15             
11      28             3.0531133177191805e-15             
12      19             3.0531133177191805e-15             
8       22             3.0531133177191805e-15             
7       17             3.0531133177191805e-15             
10      16             3.0253577421035516e-15             
10      15             2.9976021664879227e-15             
5       13             2.9976021664879227e-15             
5       12             2.9976021664879227e-15             
5       19             2.9698465908722937e-15             
27      47             2.942091015256665e-15              
25      28             2.942091015256665e-15              
8       29             2.942091015256665e-15              
2       11             2.942091015256665e-15              
7       9              2.942091015256665e-15              
11      27             2.914335439641036e-15              
5       26             2.914335439641036e-15              
4       27             2.886579864025407e-15              
5       14             2.886579864025407e-15              
10      13             2.886579864025407e-15              
8       21             2.858824288409778e-15              
27      44             2.831068712794149e-15              
10      14             2.8033131371785203e-15             
27      35             2.7755575615628914e-15             
27      41             2.7755575615628914e-15             
4       16             2.7755575615628914e-15             
7       8              2.7755575615628914e-15             
1       12             2.7755575615628914e-15             
25      27             2.7478019859472624e-15             
7       18             2.7478019859472624e-15             
8       19             2.7200464103316335e-15             
5       27             2.6922908347160046e-15             
14      18             2.6922908347160046e-15             
4       11             2.6922908347160046e-15             
5       15             2.6645352591003757e-15             
4       14             2.6645352591003757e-15             
8       14             2.6645352591003757e-15             
5       11             2.6645352591003757e-15             
1       5              2.6645352591003757e-15             
8       26             2.609024107869118e-15              
8       28             2.609024107869118e-15              
3       5              2.581268532253489e-15              
1       8              2.581268532253489e-15              
3       25             2.525757381022231e-15              
4       15             2.525757381022231e-15              
1       16             2.525757381022231e-15              
5       6              2.525757381022231e-15              
8       27             2.4980018054066022e-15             
6       17             2.4980018054066022e-15             
3       30             2.4702462297909733e-15             
8       16             2.4424906541753444e-15             
3       6              2.4424906541753444e-15             
1       13             2.4147350785597155e-15             
4       8              2.3869795029440866e-15             
5       16             2.3592239273284576e-15             
8       15             2.3592239273284576e-15             
3       24             2.3314683517128287e-15             
6       25             2.3314683517128287e-15             
9       23             2.3314683517128287e-15             
11      12             2.3314683517128287e-15             
8       13             2.3314683517128287e-15             
6       30             2.3037127760972e-15                
3       23             2.3037127760972e-15                
9       30             2.3037127760972e-15                
3       20             2.275957200481571e-15              
11      13             2.275957200481571e-15              
3       17             2.275957200481571e-15              
6       20             2.248201624865942e-15              
6       23             2.248201624865942e-15              
9       25             2.248201624865942e-15              
8       12             2.248201624865942e-15              
3       22             2.220446049250313e-15              
6       18             2.220446049250313e-15              
3       29             2.192690473634684e-15              
1       14             2.192690473634684e-15              
6       29             2.1649348980190553e-15             
1       15             2.1649348980190553e-15             
7       10             2.1649348980190553e-15             
7       20             2.1371793224034263e-15             
6       24             2.1094237467877974e-15             
7       30             2.1094237467877974e-15             
9       24             2.1094237467877974e-15             
3       15             2.1094237467877974e-15             
9       20             2.1094237467877974e-15             
12      15             2.1094237467877974e-15             
6       21             2.0816681711721685e-15             
3       21             2.0816681711721685e-15             
6       22             2.0816681711721685e-15             
7       23             2.0816681711721685e-15             
7       25             2.0816681711721685e-15             
9       22             2.0816681711721685e-15             
11      14             2.0816681711721685e-15             
6       9              2.0816681711721685e-15             
3       26             2.0261570199409107e-15             
9       29             2.0261570199409107e-15             
11      15             2.0261570199409107e-15             
3       28             1.9984014443252818e-15             
7       22             1.9984014443252818e-15             
17      30             1.9984014443252818e-15             
4       6              1.9984014443252818e-15             
9       21             1.970645868709653e-15              
3       19             1.942890293094024e-15              
5       7              1.942890293094024e-15              
38      53             1.942890293094024e-15              
7       21             1.915134717478395e-15              
17      25             1.915134717478395e-15              
38      51             1.915134717478395e-15              
38      54             1.915134717478395e-15              
38      56             1.915134717478395e-15              
38      57             1.915134717478395e-15              
2       4              1.887379141862766e-15              
38      52             1.887379141862766e-15              
38      55             1.887379141862766e-15              
8       11             1.887379141862766e-15              
6       28             1.8596235662471372e-15             
7       24             1.8596235662471372e-15             
3       12             1.8596235662471372e-15             
3       16             1.8318679906315083e-15             
3       18             1.8318679906315083e-15             
6       19             1.8041124150158794e-15             
9       19             1.8041124150158794e-15             
9       28             1.8041124150158794e-15             
38      43             1.8041124150158794e-15             
7       29             1.7763568394002505e-15             
14      25             1.7763568394002505e-15             
17      23             1.7763568394002505e-15             
38      50             1.7763568394002505e-15             
3       27             1.7486012637846216e-15             
3       14             1.7486012637846216e-15             
12      16             1.7486012637846216e-15             
3       7              1.7486012637846216e-15             
28      45             1.7208456881689926e-15             
14      30             1.7208456881689926e-15             
10      25             1.7208456881689926e-15             
28      31             1.6930901125533637e-15             
6       26             1.6930901125533637e-15             
9       26             1.6930901125533637e-15             
28      48             1.6653345369377348e-15             
7       28             1.6653345369377348e-15             
10      23             1.6653345369377348e-15             
38      46             1.6653345369377348e-15             
9       14             1.6653345369377348e-15             
28      49             1.6375789613221059e-15             
6       27             1.6375789613221059e-15             
15      16             1.6375789613221059e-15             
10      30             1.6375789613221059e-15             
2       6              1.6375789613221059e-15             
28      32             1.609823385706477e-15              
28      37             1.609823385706477e-15              
14      23             1.609823385706477e-15              
17      29             1.609823385706477e-15              
17      24             1.609823385706477e-15              
7       26             1.582067810090848e-15              
7       19             1.582067810090848e-15              
9       27             1.582067810090848e-15              
15      23             1.582067810090848e-15              
18      25             1.582067810090848e-15              
18      30             1.582067810090848e-15              
7       16             1.582067810090848e-15              
17      22             1.582067810090848e-15              
8       17             1.582067810090848e-15              
15      25             1.5543122344752192e-15             
12      14             1.5543122344752192e-15             
9       11             1.5543122344752192e-15             
28      39             1.5265566588595902e-15             
28      42             1.5265566588595902e-15             
14      24             1.5265566588595902e-15             
10      24             1.5265566588595902e-15             
17      20             1.5265566588595902e-15             
9       15             1.5265566588595902e-15             
4       7              1.5265566588595902e-15             
9       16             1.5265566588595902e-15             
28      34             1.4988010832439613e-15             
28      38             1.4988010832439613e-15             
18      20             1.4988010832439613e-15             
10      22             1.4988010832439613e-15             
6       15             1.4988010832439613e-15             
6       13             1.4988010832439613e-15             
9       12             1.4988010832439613e-15             
28      33             1.4710455076283324e-15             
15      24             1.4710455076283324e-15             
18      23             1.4710455076283324e-15             
7       12             1.4710455076283324e-15             
28      40             1.4432899320127035e-15             
15      30             1.4432899320127035e-15             
14      22             1.4432899320127035e-15             
17      26             1.4432899320127035e-15             
10      20             1.4432899320127035e-15             
6       16             1.4432899320127035e-15             
2       5              1.4432899320127035e-15             
3       13             1.4432899320127035e-15             
5       8              1.4432899320127035e-15             
14      20             1.4155343563970746e-15             
18      24             1.4155343563970746e-15             
10      29             1.4155343563970746e-15             
17      28             1.4155343563970746e-15             
17      21             1.4155343563970746e-15             
7       15             1.4155343563970746e-15             
4       5              1.4155343563970746e-15             
9       13             1.4155343563970746e-15             
15      22             1.3877787807814457e-15             
18      22             1.3877787807814457e-15             
15      20             1.3600232051658168e-15             
17      27             1.3600232051658168e-15             
6       10             1.3600232051658168e-15             
7       13             1.3600232051658168e-15             
12      13             1.3600232051658168e-15             
19      32             1.3322676295501878e-15             
19      31             1.3322676295501878e-15             
7       27             1.3322676295501878e-15             
14      21             1.3322676295501878e-15             
16      25             1.3322676295501878e-15             
10      21             1.3322676295501878e-15             
17      19             1.3322676295501878e-15             
14      29             1.304512053934559e-15              
18      21             1.304512053934559e-15              
16      23             1.304512053934559e-15              
8       18             1.304512053934559e-15              
24      32             1.27675647831893e-15               
15      29             1.27675647831893e-15               
16      30             1.27675647831893e-15               
28      44             1.2490009027033011e-15             
28      47             1.2490009027033011e-15             
10      28             1.2490009027033011e-15             
24      31             1.1934897514720433e-15             
28      35             1.1934897514720433e-15             
28      41             1.1934897514720433e-15             
29      45             1.1934897514720433e-15             
29      49             1.1934897514720433e-15             
18      29             1.1934897514720433e-15             
11      16             1.1934897514720433e-15             
6       14             1.1934897514720433e-15             
7       11             1.1934897514720433e-15             
3       11             1.1934897514720433e-15             
29      32             1.1657341758564144e-15             
29      31             1.1657341758564144e-15             
29      37             1.1657341758564144e-15             
14      28             1.1657341758564144e-15             
15      21             1.1657341758564144e-15             
10      19             1.1657341758564144e-15             
16      24             1.1657341758564144e-15             
6       12             1.1657341758564144e-15             
19      45             1.1379786002407855e-15             
19      48             1.1379786002407855e-15             
19      49             1.1379786002407855e-15             
29      48             1.1379786002407855e-15             
18      19             1.1379786002407855e-15             
16      29             1.1379786002407855e-15             
10      26             1.1379786002407855e-15             
21      31             1.1102230246251565e-15             
19      37             1.1102230246251565e-15             
5       17             1.1102230246251565e-15             
29      38             1.0824674490095276e-15             
14      26             1.0824674490095276e-15             
16      20             1.0824674490095276e-15             
29      39             1.0547118733938987e-15             
19      38             1.0547118733938987e-15             
19      33             1.0269562977782698e-15             
19      42             1.0269562977782698e-15             
29      34             1.0269562977782698e-15             
14      19             1.0269562977782698e-15             
19      34             9.992007221626409e-16              
21      32             9.992007221626409e-16              
19      39             9.992007221626409e-16              
29      33             9.992007221626409e-16              
29      40             9.992007221626409e-16              
29      42             9.992007221626409e-16              
21      37             9.992007221626409e-16              
21      49             9.992007221626409e-16              
24      37             9.992007221626409e-16              
15      28             9.992007221626409e-16              
10      27             9.992007221626409e-16              
7       14             9.992007221626409e-16              
2       8              9.992007221626409e-16              
19      40             9.71445146547012e-16               
21      45             9.71445146547012e-16               
24      45             9.71445146547012e-16               
24      49             9.71445146547012e-16               
15      26             9.71445146547012e-16               
16      22             9.71445146547012e-16               
23      25             9.71445146547012e-16               
21      48             9.43689570931383e-16               
24      48             9.43689570931383e-16               
21      38             9.43689570931383e-16               
23      30             9.43689570931383e-16               
11      17             9.43689570931383e-16               
15      19             9.159339953157541e-16              
36      38             9.159339953157541e-16              
19      47             8.881784197001252e-16              
24      38             8.881784197001252e-16              
14      27             8.881784197001252e-16              
18      26             8.881784197001252e-16              
16      21             8.881784197001252e-16              
5       18             8.881784197001252e-16              
21      33             8.604228440844963e-16              
21      42             8.604228440844963e-16              
24      40             8.604228440844963e-16              
24      39             8.604228440844963e-16              
24      42             8.604228440844963e-16              
19      44             8.326672684688674e-16              
21      34             8.326672684688674e-16              
21      40             8.326672684688674e-16              
21      39             8.326672684688674e-16              
18      28             8.326672684688674e-16              
19      35             8.049116928532385e-16              
19      41             8.049116928532385e-16              
24      33             8.049116928532385e-16              
24      34             8.049116928532385e-16              
29      47             8.049116928532385e-16              
23      24             8.049116928532385e-16              
15      27             7.771561172376096e-16              
18      38             7.771561172376096e-16              
3       9              7.771561172376096e-16              
20      32             7.494005416219807e-16              
29      35             7.494005416219807e-16              
29      44             7.494005416219807e-16              
16      28             7.494005416219807e-16              
12      17             7.494005416219807e-16              
20      31             7.216449660063518e-16              
29      41             7.216449660063518e-16              
21      47             7.216449660063518e-16              
36      47             7.216449660063518e-16              
21      44             6.938893903907228e-16              
16      27             6.938893903907228e-16              
16      26             6.938893903907228e-16              
36      41             6.938893903907228e-16              
21      35             6.661338147750939e-16              
20      45             6.661338147750939e-16              
16      19             6.661338147750939e-16              
36      44             6.661338147750939e-16              
26      31             6.38378239159465e-16               
21      41             6.38378239159465e-16               
24      35             6.38378239159465e-16               
24      41             6.38378239159465e-16               
24      44             6.38378239159465e-16               
20      48             6.38378239159465e-16               
20      49             6.38378239159465e-16               
18      37             6.38378239159465e-16               
18      48             6.38378239159465e-16               
20      37             6.106226635438361e-16              
24      47             6.106226635438361e-16              
20      38             6.106226635438361e-16              
23      29             6.106226635438361e-16              
18      45             6.106226635438361e-16              
18      49             6.106226635438361e-16              
20      25             6.106226635438361e-16              
6       11             6.106226635438361e-16              
18      27             5.828670879282072e-16              
18      47             5.828670879282072e-16              
26      32             5.551115123125783e-16              
20      39             5.551115123125783e-16              
20      42             5.551115123125783e-16              
18      31             5.551115123125783e-16              
20      23             5.551115123125783e-16              
22      23             5.551115123125783e-16              
20      34             5.273559366969494e-16              
18      32             5.273559366969494e-16              
26      45             4.996003610813204e-16              
26      48             4.996003610813204e-16              
26      49             4.996003610813204e-16              
20      33             4.996003610813204e-16              
20      40             4.996003610813204e-16              
23      26             4.996003610813204e-16              
23      28             4.996003610813204e-16              
18      33             4.996003610813204e-16              
18      34             4.996003610813204e-16              
18      40             4.996003610813204e-16              
18      39             4.996003610813204e-16              
18      42             4.996003610813204e-16              
18      35             4.996003610813204e-16              
18      41             4.996003610813204e-16              
18      44             4.996003610813204e-16              
1       7              4.996003610813204e-16              
1       17             4.996003610813204e-16              
20      30             4.718447854656915e-16              
22      25             4.718447854656915e-16              
22      30             4.718447854656915e-16              
11      18             4.718447854656915e-16              
1       6              4.718447854656915e-16              
38      47             4.440892098500626e-16              
23      27             4.440892098500626e-16              
3       8              4.440892098500626e-16              
26      37             4.163336342344337e-16              
26      38             4.163336342344337e-16              
16      31             4.163336342344337e-16              
20      47             4.163336342344337e-16              
16      38             4.163336342344337e-16              
3       10             4.163336342344337e-16              
36      37             4.163336342344337e-16              
38      41             3.885780586188048e-16              
38      44             3.885780586188048e-16              
16      49             3.885780586188048e-16              
20      24             3.885780586188048e-16              
36      45             3.885780586188048e-16              
36      48             3.885780586188048e-16              
36      49             3.885780586188048e-16              
4       17             3.885780586188048e-16              
26      42             3.608224830031759e-16              
38      48             3.608224830031759e-16              
38      49             3.608224830031759e-16              
30      48             3.608224830031759e-16              
16      37             3.608224830031759e-16              
16      45             3.608224830031759e-16              
16      48             3.608224830031759e-16              
20      22             3.608224830031759e-16              
12      18             3.608224830031759e-16              
36      39             3.608224830031759e-16              
26      34             3.3306690738754696e-16             
26      40             3.3306690738754696e-16             
20      35             3.3306690738754696e-16             
20      44             3.3306690738754696e-16             
43      47             3.3306690738754696e-16             
26      39             3.0531133177191805e-16             
38      45             3.0531133177191805e-16             
20      41             3.0531133177191805e-16             
16      42             3.0531133177191805e-16             
30      45             3.0531133177191805e-16             
30      49             3.0531133177191805e-16             
22      24             3.0531133177191805e-16             
26      33             2.7755575615628914e-16             
16      32             2.7755575615628914e-16             
16      40             2.7755575615628914e-16             
30      37             2.7755575615628914e-16             
20      29             2.7755575615628914e-16             
36      42             2.7755575615628914e-16             
38      42             2.498001805406602e-16              
30      42             2.498001805406602e-16              
16      39             2.498001805406602e-16              
20      21             2.498001805406602e-16              
30      38             2.498001805406602e-16              
46      47             2.498001805406602e-16              
43      44             2.498001805406602e-16              
36      40             2.498001805406602e-16              
13      17             2.498001805406602e-16              
30      31             2.220446049250313e-16              
16      33             2.220446049250313e-16              
16      34             2.220446049250313e-16              
8       9              2.220446049250313e-16              
26      47             1.942890293094024e-16              
38      40             1.942890293094024e-16              
38      39             1.942890293094024e-16              
30      32             1.942890293094024e-16              
30      40             1.942890293094024e-16              
30      39             1.942890293094024e-16              
10      37             1.942890293094024e-16              
10      48             1.942890293094024e-16              
10      45             1.6653345369377348e-16             
10      49             1.6653345369377348e-16             
2       17             1.6653345369377348e-16             
10      38             1.3877787807814457e-16             
4       18             1.3877787807814457e-16             
26      35             1.1102230246251565e-16             
30      33             1.1102230246251565e-16             
10      32             1.1102230246251565e-16             
16      35             1.1102230246251565e-16             
22      29             1.1102230246251565e-16             
10      31             1.1102230246251565e-16             
16      47             1.1102230246251565e-16             
21      25             1.1102230246251565e-16             
10      34             1.1102230246251565e-16             
29      30             1.1102230246251565e-16             
9       38             1.1102230246251565e-16             
13      18             1.1102230246251565e-16             
26      44             8.326672684688674e-17              
30      34             8.326672684688674e-17              
9       37             8.326672684688674e-17              
9       49             8.326672684688674e-17              
1       18             8.326672684688674e-17              
26      41             5.551115123125783e-17              
15      32             5.551115123125783e-17              
16      41             5.551115123125783e-17              
16      44             5.551115123125783e-17              
9       45             5.551115123125783e-17              
4       9              5.551115123125783e-17              
5       9              5.551115123125783e-17              
15      31             2.7755575615628914e-17             
22      28             2.7755575615628914e-17             
21      23             2.7755575615628914e-17             
10      39             2.7755575615628914e-17             
9       31             2.7755575615628914e-17             
1       9              2.7755575615628914e-17             
20      26             0.0                                
22      26             0.0                                
20      28             0.0                                
30      47             0.0                                
10      33             0.0                                
10      40             0.0                                
9       32             0.0                                
10      42             0.0                                
9       48             0.0                                
9       39             -2.7755575615628914e-17            
43      48             -2.7755575615628914e-17            
43      49             -2.7755575615628914e-17            
20      27             -5.551115123125783e-17             
30      41             -5.551115123125783e-17             
30      44             -5.551115123125783e-17             
10      41             -5.551115123125783e-17             
9       33             -5.551115123125783e-17             
9       42             -5.551115123125783e-17             
43      45             -5.551115123125783e-17             
30      35             -8.326672684688674e-17             
15      49             -8.326672684688674e-17             
10      35             -8.326672684688674e-17             
9       40             -8.326672684688674e-17             
1       3              -8.326672684688674e-17             
8       10             -8.326672684688674e-17             
21      24             -1.1102230246251565e-16            
21      30             -1.1102230246251565e-16            
25      37             -1.3877787807814457e-16            
25      45             -1.3877787807814457e-16            
25      48             -1.3877787807814457e-16            
25      49             -1.3877787807814457e-16            
15      37             -1.3877787807814457e-16            
15      45             -1.3877787807814457e-16            
15      48             -1.3877787807814457e-16            
21      22             -1.3877787807814457e-16            
15      38             -1.3877787807814457e-16            
9       34             -1.3877787807814457e-16            
9       35             -1.3877787807814457e-16            
25      32             -1.6653345369377348e-16            
25      31             -1.6653345369377348e-16            
22      27             -1.6653345369377348e-16            
9       47             -1.6653345369377348e-16            
46      48             -1.6653345369377348e-16            
46      49             -1.6653345369377348e-16            
2       18             -1.6653345369377348e-16            
25      38             -1.942890293094024e-16             
10      44             -1.942890293094024e-16             
10      47             -1.942890293094024e-16             
9       44             -2.220446049250313e-16             
1       10             -2.220446049250313e-16             
15      40             -2.498001805406602e-16             
15      39             -2.498001805406602e-16             
15      42             -2.498001805406602e-16             
21      29             -2.498001805406602e-16             
25      33             -2.7755575615628914e-16            
25      42             -2.7755575615628914e-16            
17      31             -2.7755575615628914e-16            
9       41             -2.7755575615628914e-16            
25      34             -3.0531133177191805e-16            
25      40             -3.0531133177191805e-16            
15      34             -3.0531133177191805e-16            
25      39             -3.0531133177191805e-16            
14      31             -3.0531133177191805e-16            
17      32             -3.0531133177191805e-16            
7       38             -3.0531133177191805e-16            
14      32             -3.3306690738754696e-16            
15      33             -3.3306690738754696e-16            
17      45             -3.3306690738754696e-16            
17      38             -3.3306690738754696e-16            
22      49             -3.608224830031759e-16             
22      38             -3.608224830031759e-16             
7       37             -3.608224830031759e-16             
17      37             -3.608224830031759e-16             
17      48             -3.608224830031759e-16             
5       10             -3.608224830031759e-16             
22      45             -3.885780586188048e-16             
15      47             -3.885780586188048e-16             
7       49             -3.885780586188048e-16             
4       10             -3.885780586188048e-16             
22      48             -4.163336342344337e-16             
15      44             -4.163336342344337e-16             
23      38             -4.163336342344337e-16             
7       45             -4.163336342344337e-16             
7       48             -4.163336342344337e-16             
14      38             -4.163336342344337e-16             
17      49             -4.163336342344337e-16             
25      44             -4.440892098500626e-16             
15      35             -4.440892098500626e-16             
14      49             -4.440892098500626e-16             
22      32             -4.718447854656915e-16             
25      41             -4.718447854656915e-16             
15      41             -4.718447854656915e-16             
25      47             -4.718447854656915e-16             
14      37             -4.718447854656915e-16             
14      45             -4.718447854656915e-16             
17      42             -4.718447854656915e-16             
22      31             -4.996003610813204e-16             
22      37             -4.996003610813204e-16             
22      47             -4.996003610813204e-16             
25      35             -4.996003610813204e-16             
7       31             -4.996003610813204e-16             
14      48             -4.996003610813204e-16             
17      33             -4.996003610813204e-16             
17      39             -4.996003610813204e-16             
21      28             -5.273559366969494e-16             
22      39             -5.273559366969494e-16             
23      45             -5.273559366969494e-16             
19      23             -5.273559366969494e-16             
19      25             -5.273559366969494e-16             
14      40             -5.273559366969494e-16             
14      39             -5.273559366969494e-16             
7       33             -5.273559366969494e-16             
7       42             -5.273559366969494e-16             
17      34             -5.273559366969494e-16             
23      49             -5.551115123125783e-16             
19      30             -5.551115123125783e-16             
14      42             -5.551115123125783e-16             
7       34             -5.551115123125783e-16             
7       39             -5.551115123125783e-16             
7       47             -5.551115123125783e-16             
17      40             -5.551115123125783e-16             
21      26             -5.828670879282072e-16             
22      42             -5.828670879282072e-16             
22      44             -5.828670879282072e-16             
23      48             -5.828670879282072e-16             
7       32             -5.828670879282072e-16             
28      30             -5.828670879282072e-16             
7       40             -5.828670879282072e-16             
17      47             -5.828670879282072e-16             
22      40             -6.106226635438361e-16             
22      35             -6.106226635438361e-16             
22      41             -6.106226635438361e-16             
23      37             -6.106226635438361e-16             
14      33             -6.106226635438361e-16             
23      47             -6.106226635438361e-16             
7       44             -6.106226635438361e-16             
22      33             -6.38378239159465e-16              
19      24             -6.38378239159465e-16              
14      34             -6.38378239159465e-16              
7       35             -6.38378239159465e-16              
17      41             -6.38378239159465e-16              
17      44             -6.38378239159465e-16              
22      34             -6.661338147750939e-16             
23      42             -6.661338147750939e-16             
23      44             -6.661338147750939e-16             
7       41             -6.661338147750939e-16             
17      35             -6.661338147750939e-16             
19      20             -6.938893903907228e-16             
19      22             -6.938893903907228e-16             
23      39             -6.938893903907228e-16             
14      47             -6.938893903907228e-16             
24      30             -6.938893903907228e-16             
6       38             -6.938893903907228e-16             
21      27             -7.216449660063518e-16             
23      40             -7.216449660063518e-16             
26      30             -7.216449660063518e-16             
14      35             -7.216449660063518e-16             
19      21             -7.494005416219807e-16             
23      33             -7.494005416219807e-16             
23      34             -7.494005416219807e-16             
23      41             -7.494005416219807e-16             
14      44             -7.494005416219807e-16             
6       37             -7.494005416219807e-16             
6       48             -7.494005416219807e-16             
14      41             -7.771561172376096e-16             
23      32             -8.049116928532385e-16             
23      31             -8.049116928532385e-16             
19      29             -8.049116928532385e-16             
23      35             -8.049116928532385e-16             
6       45             -8.049116928532385e-16             
24      25             -8.049116928532385e-16             
3       38             -8.326672684688674e-16             
28      29             -8.604228440844963e-16             
6       31             -8.604228440844963e-16             
24      29             -8.604228440844963e-16             
6       49             -8.604228440844963e-16             
2       9              -8.881784197001252e-16             
6       34             -9.159339953157541e-16             
6       33             -9.43689570931383e-16              
6       40             -9.43689570931383e-16              
6       39             -9.43689570931383e-16              
6       42             -9.43689570931383e-16              
6       41             -9.71445146547012e-16              
19      26             -9.992007221626409e-16             
6       35             -9.992007221626409e-16             
6       44             -9.992007221626409e-16             
3       48             -9.992007221626409e-16             
6       47             -9.992007221626409e-16             
19      28             -1.0269562977782698e-15            
26      29             -1.0269562977782698e-15            
3       47             -1.0269562977782698e-15            
2       10             -1.0269562977782698e-15            
6       32             -1.0547118733938987e-15            
3       41             -1.0824674490095276e-15            
3       49             -1.0824674490095276e-15            
3       45             -1.1102230246251565e-15            
3       44             -1.1102230246251565e-15            
3       35             -1.1379786002407855e-15            
3       37             -1.1379786002407855e-15            
19      27             -1.1934897514720433e-15            
33      38             -1.1934897514720433e-15            
35      38             -1.1934897514720433e-15            
3       39             -1.1934897514720433e-15            
26      28             -1.2212453270876722e-15            
37      38             -1.2212453270876722e-15            
3       34             -1.2212453270876722e-15            
34      38             -1.2490009027033011e-15            
3       40             -1.2490009027033011e-15            
3       42             -1.2490009027033011e-15            
44      47             -1.27675647831893e-15              
3       33             -1.27675647831893e-15              
24      28             -1.304512053934559e-15             
41      47             -1.3322676295501878e-15            
24      27             -1.3322676295501878e-15            
31      38             -1.3600232051658168e-15            
45      47             -1.3600232051658168e-15            
41      44             -1.3877787807814457e-15            
24      26             -1.3877787807814457e-15            
26      27             -1.4155343563970746e-15            
32      38             -1.4155343563970746e-15            
40      47             -1.4432899320127035e-15            
42      47             -1.4432899320127035e-15            
40      41             -1.4710455076283324e-15            
35      41             -1.4710455076283324e-15            
37      41             -1.4710455076283324e-15            
39      47             -1.4710455076283324e-15            
37      47             -1.4710455076283324e-15            
8       38             -1.4710455076283324e-15            
35      47             -1.4988010832439613e-15            
3       32             -1.4988010832439613e-15            
3       31             -1.4988010832439613e-15            
33      44             -1.5265566588595902e-15            
40      44             -1.5265566588595902e-15            
42      44             -1.5265566588595902e-15            
35      44             -1.5265566588595902e-15            
37      44             -1.5265566588595902e-15            
33      41             -1.5543122344752192e-15            
39      41             -1.5543122344752192e-15            
33      47             -1.5543122344752192e-15            
31      47             -1.582067810090848e-15             
34      41             -1.582067810090848e-15             
34      44             -1.582067810090848e-15             
34      47             -1.582067810090848e-15             
39      44             -1.582067810090848e-15             
44      48             -1.582067810090848e-15             
44      49             -1.582067810090848e-15             
47      48             -1.582067810090848e-15             
47      49             -1.582067810090848e-15             
44      45             -1.609823385706477e-15             
8       48             -1.609823385706477e-15             
33      35             -1.6375789613221059e-15            
34      35             -1.6375789613221059e-15            
31      35             -1.6653345369377348e-15            
31      41             -1.6653345369377348e-15            
31      44             -1.6653345369377348e-15            
45      48             -1.6653345369377348e-15            
41      45             -1.6653345369377348e-15            
41      49             -1.6653345369377348e-15            
32      41             -1.6930901125533637e-15            
45      49             -1.6930901125533637e-15            
41      48             -1.6930901125533637e-15            
8       41             -1.6930901125533637e-15            
48      49             -1.7208456881689926e-15            
8       45             -1.7208456881689926e-15            
32      44             -1.7486012637846216e-15            
32      47             -1.7486012637846216e-15            
8       34             -1.7486012637846216e-15            
8       35             -1.7486012637846216e-15            
8       37             -1.7486012637846216e-15            
8       49             -1.7486012637846216e-15            
8       47             -1.7486012637846216e-15            
32      35             -1.7763568394002505e-15            
40      45             -1.7763568394002505e-15            
40      48             -1.7763568394002505e-15            
40      49             -1.7763568394002505e-15            
41      42             -1.7763568394002505e-15            
35      48             -1.7763568394002505e-15            
35      49             -1.7763568394002505e-15            
37      49             -1.7763568394002505e-15            
8       42             -1.7763568394002505e-15            
8       44             -1.7763568394002505e-15            
42      45             -1.8041124150158794e-15            
42      49             -1.8041124150158794e-15            
39      48             -1.8041124150158794e-15            
39      49             -1.8041124150158794e-15            
35      37             -1.8041124150158794e-15            
35      45             -1.8041124150158794e-15            
37      48             -1.8041124150158794e-15            
33      37             -1.8318679906315083e-15            
33      49             -1.8318679906315083e-15            
35      39             -1.8318679906315083e-15            
42      48             -1.8318679906315083e-15            
39      45             -1.8318679906315083e-15            
37      45             -1.8318679906315083e-15            
8       33             -1.8318679906315083e-15            
8       39             -1.8318679906315083e-15            
33      45             -1.8596235662471372e-15            
33      48             -1.8596235662471372e-15            
34      37             -1.8596235662471372e-15            
34      48             -1.8596235662471372e-15            
8       40             -1.8596235662471372e-15            
11      36             -1.8596235662471372e-15            
33      39             -1.887379141862766e-15             
39      40             -1.887379141862766e-15             
40      42             -1.887379141862766e-15             
35      40             -1.887379141862766e-15             
37      40             -1.887379141862766e-15             
34      45             -1.887379141862766e-15             
35      42             -1.887379141862766e-15             
5       38             -1.887379141862766e-15             
31      37             -1.915134717478395e-15             
31      45             -1.915134717478395e-15             
31      49             -1.915134717478395e-15             
34      49             -1.915134717478395e-15             
37      39             -1.915134717478395e-15             
37      42             -1.915134717478395e-15             
31      48             -1.942890293094024e-15             
33      42             -1.942890293094024e-15             
34      39             -1.942890293094024e-15             
12      36             -1.942890293094024e-15             
33      40             -1.970645868709653e-15             
34      42             -1.970645868709653e-15             
39      42             -1.970645868709653e-15             
1       36             -1.970645868709653e-15             
32      48             -1.9984014443252818e-15            
34      40             -1.9984014443252818e-15            
8       32             -1.9984014443252818e-15            
8       31             -1.9984014443252818e-15            
31      42             -2.0261570199409107e-15            
32      45             -2.0261570199409107e-15            
32      49             -2.0261570199409107e-15            
33      34             -2.0261570199409107e-15            
4       38             -2.0261570199409107e-15            
13      36             -2.0261570199409107e-15            
31      33             -2.0539125955565396e-15            
31      39             -2.0539125955565396e-15            
31      40             -2.0816681711721685e-15            
32      37             -2.0816681711721685e-15            
27      30             -2.0816681711721685e-15            
31      34             -2.1094237467877974e-15            
32      39             -2.1094237467877974e-15            
5       45             -2.1094237467877974e-15            
2       36             -2.1094237467877974e-15            
32      42             -2.1371793224034263e-15            
5       48             -2.1371793224034263e-15            
5       47             -2.1371793224034263e-15            
32      33             -2.1649348980190553e-15            
32      40             -2.1649348980190553e-15            
5       35             -2.1649348980190553e-15            
5       44             -2.1649348980190553e-15            
5       37             -2.192690473634684e-15             
5       41             -2.192690473634684e-15             
5       49             -2.192690473634684e-15             
32      34             -2.220446049250313e-15             
26      36             -2.248201624865942e-15             
5       42             -2.275957200481571e-15             
27      29             -2.3037127760972e-15               
5       40             -2.3037127760972e-15               
5       39             -2.3037127760972e-15               
13      38             -2.3037127760972e-15               
11      43             -2.3037127760972e-15               
5       36             -2.3037127760972e-15               
5       34             -2.3314683517128287e-15            
4       47             -2.3314683517128287e-15            
5       33             -2.3592239273284576e-15            
4       44             -2.3592239273284576e-15            
1       43             -2.3592239273284576e-15            
4       35             -2.3869795029440866e-15            
11      38             -2.3869795029440866e-15            
12      43             -2.3869795029440866e-15            
22      36             -2.4147350785597155e-15            
11      46             -2.4147350785597155e-15            
13      55             -2.4147350785597155e-15            
13      52             -2.4424906541753444e-15            
13      54             -2.4424906541753444e-15            
13      56             -2.4424906541753444e-15            
13      57             -2.4424906541753444e-15            
12      46             -2.4424906541753444e-15            
5       31             -2.4702462297909733e-15            
4       41             -2.4702462297909733e-15            
11      50             -2.4702462297909733e-15            
13      51             -2.4702462297909733e-15            
31      32             -2.525757381022231e-15             
13      50             -2.525757381022231e-15             
13      53             -2.525757381022231e-15             
12      50             -2.525757381022231e-15             
5       32             -2.55351295663786e-15              
4       37             -2.55351295663786e-15              
4       45             -2.55351295663786e-15              
11      48             -2.55351295663786e-15              
11      49             -2.55351295663786e-15              
1       46             -2.55351295663786e-15              
1       50             -2.55351295663786e-15              
8       36             -2.55351295663786e-15              
12      38             -2.581268532253489e-15             
13      43             -2.581268532253489e-15             
4       49             -2.609024107869118e-15             
11      37             -2.609024107869118e-15             
11      45             -2.609024107869118e-15             
11      47             -2.609024107869118e-15             
13      47             -2.609024107869118e-15             
2       53             -2.609024107869118e-15             
2       55             -2.609024107869118e-15             
11      35             -2.6367796834847468e-15            
2       50             -2.6367796834847468e-15            
2       52             -2.6367796834847468e-15            
2       56             -2.6367796834847468e-15            
2       57             -2.6367796834847468e-15            
2       43             -2.6367796834847468e-15            
13      46             -2.6367796834847468e-15            
4       39             -2.6645352591003757e-15            
4       42             -2.6645352591003757e-15            
11      42             -2.6645352591003757e-15            
4       48             -2.6645352591003757e-15            
13      35             -2.6645352591003757e-15            
13      45             -2.6645352591003757e-15            
13      44             -2.6645352591003757e-15            
2       51             -2.6645352591003757e-15            
2       54             -2.6645352591003757e-15            
1       54             -2.6645352591003757e-15            
1       57             -2.6645352591003757e-15            
1       55             -2.6645352591003757e-15            
11      41             -2.6922908347160046e-15            
13      41             -2.6922908347160046e-15            
11      44             -2.6922908347160046e-15            
2       46             -2.6922908347160046e-15            
1       51             -2.6922908347160046e-15            
1       52             -2.6922908347160046e-15            
1       56             -2.6922908347160046e-15            
4       33             -2.7200464103316335e-15            
4       40             -2.7200464103316335e-15            
11      34             -2.7200464103316335e-15            
11      39             -2.7200464103316335e-15            
13      37             -2.7200464103316335e-15            
13      49             -2.7200464103316335e-15            
11      51             -2.7200464103316335e-15            
11      52             -2.7200464103316335e-15            
11      56             -2.7200464103316335e-15            
5       43             -2.7200464103316335e-15            
12      54             -2.7200464103316335e-15            
12      57             -2.7200464103316335e-15            
12      53             -2.7200464103316335e-15            
12      55             -2.7200464103316335e-15            
27      28             -2.7478019859472624e-15            
11      32             -2.7478019859472624e-15            
13      48             -2.7478019859472624e-15            
26      43             -2.7478019859472624e-15            
11      55             -2.7478019859472624e-15            
1       53             -2.7478019859472624e-15            
12      51             -2.7478019859472624e-15            
12      56             -2.7478019859472624e-15            
11      31             -2.7755575615628914e-15            
11      33             -2.7755575615628914e-15            
11      40             -2.7755575615628914e-15            
26      46             -2.7755575615628914e-15            
11      54             -2.7755575615628914e-15            
11      57             -2.7755575615628914e-15            
11      53             -2.7755575615628914e-15            
12      52             -2.7755575615628914e-15            
9       36             -2.7755575615628914e-15            
13      33             -2.8033131371785203e-15            
13      39             -2.8033131371785203e-15            
13      42             -2.8033131371785203e-15            
12      48             -2.8033131371785203e-15            
1       38             -2.8033131371785203e-15            
5       46             -2.8033131371785203e-15            
13      40             -2.831068712794149e-15             
12      49             -2.831068712794149e-15             
5       50             -2.831068712794149e-15             
4       34             -2.858824288409778e-15             
12      37             -2.858824288409778e-15             
12      45             -2.858824288409778e-15             
2       38             -2.858824288409778e-15             
22      43             -2.858824288409778e-15             
4       51             -2.858824288409778e-15             
4       52             -2.858824288409778e-15             
4       57             -2.858824288409778e-15             
4       55             -2.858824288409778e-15             
4       56             -2.886579864025407e-15             
4       53             -2.886579864025407e-15             
5       55             -2.886579864025407e-15             
13      34             -2.914335439641036e-15             
12      34             -2.914335439641036e-15             
12      42             -2.914335439641036e-15             
12      41             -2.914335439641036e-15             
12      44             -2.914335439641036e-15             
12      47             -2.914335439641036e-15             
4       54             -2.914335439641036e-15             
5       57             -2.914335439641036e-15             
5       53             -2.914335439641036e-15             
6       36             -2.914335439641036e-15             
12      33             -2.942091015256665e-15             
5       52             -2.942091015256665e-15             
23      36             -2.942091015256665e-15             
8       43             -2.942091015256665e-15             
4       36             -2.942091015256665e-15             
12      32             -2.9698465908722937e-15            
12      31             -2.9698465908722937e-15            
12      40             -2.9698465908722937e-15            
12      39             -2.9698465908722937e-15            
12      35             -2.9698465908722937e-15            
22      46             -2.9698465908722937e-15            
5       54             -2.9698465908722937e-15            
5       56             -2.9698465908722937e-15            
7       36             -2.9698465908722937e-15            
1       47             -2.9976021664879227e-15            
5       51             -3.0253577421035516e-15            
30      36             -3.0253577421035516e-15            
4       31             -3.0531133177191805e-15            
1       37             -3.0531133177191805e-15            
1       45             -3.0531133177191805e-15            
1       48             -3.0531133177191805e-15            
22      50             -3.0531133177191805e-15            
1       41             -3.0808688933348094e-15            
1       49             -3.0808688933348094e-15            
8       46             -3.0808688933348094e-15            
4       32             -3.1086244689504383e-15            
13      31             -3.1086244689504383e-15            
1       33             -3.1086244689504383e-15            
1       35             -3.1086244689504383e-15            
1       44             -3.1086244689504383e-15            
19      36             -3.1086244689504383e-15            
8       50             -3.1086244689504383e-15            
13      32             -3.1363800445660672e-15            
1       31             -3.1363800445660672e-15            
1       34             -3.1363800445660672e-15            
1       32             -3.164135620181696e-15             
2       49             -3.164135620181696e-15             
1       39             -3.164135620181696e-15             
1       42             -3.164135620181696e-15             
26      50             -3.164135620181696e-15             
2       48             -3.191891195797325e-15             
2       47             -3.191891195797325e-15             
1       40             -3.219646771412954e-15             
2       37             -3.219646771412954e-15             
2       41             -3.219646771412954e-15             
2       45             -3.219646771412954e-15             
2       44             -3.219646771412954e-15             
2       35             -3.247402347028583e-15             
24      36             -3.247402347028583e-15             
4       50             -3.247402347028583e-15             
8       53             -3.247402347028583e-15             
3       36             -3.247402347028583e-15             
2       39             -3.2751579226442118e-15            
8       51             -3.2751579226442118e-15            
8       52             -3.2751579226442118e-15            
8       57             -3.2751579226442118e-15            
9       43             -3.2751579226442118e-15            
2       40             -3.3029134982598407e-15            
2       42             -3.3029134982598407e-15            
8       56             -3.3029134982598407e-15            
8       55             -3.3029134982598407e-15            
2       34             -3.3306690738754696e-15            
21      36             -3.3306690738754696e-15            
8       54             -3.3306690738754696e-15            
10      36             -3.3306690738754696e-15            
22      55             -3.3584246494910985e-15            
9       46             -3.3584246494910985e-15            
17      36             -3.3584246494910985e-15            
2       33             -3.3861802251067274e-15            
22      56             -3.3861802251067274e-15            
22      53             -3.3861802251067274e-15            
23      43             -3.3861802251067274e-15            
30      43             -3.3861802251067274e-15            
22      52             -3.4139358007223564e-15            
22      57             -3.4139358007223564e-15            
6       43             -3.4139358007223564e-15            
22      51             -3.4416913763379853e-15            
4       43             -3.4416913763379853e-15            
7       43             -3.4416913763379853e-15            
14      36             -3.4416913763379853e-15            
18      36             -3.4416913763379853e-15            
22      54             -3.469446951953614e-15             
23      46             -3.497202527569243e-15             
4       46             -3.497202527569243e-15             
20      36             -3.497202527569243e-15             
2       31             -3.524958103184872e-15             
6       46             -3.524958103184872e-15             
2       32             -3.552713678800501e-15             
30      46             -3.552713678800501e-15             
19      43             -3.58046925441613e-15              
23      50             -3.608224830031759e-15             
7       46             -3.608224830031759e-15             
9       50             -3.608224830031759e-15             
19      46             -3.635980405647388e-15             
24      43             -3.6637359812630166e-15            
6       50             -3.747002708109903e-15             
3       43             -3.747002708109903e-15             
15      36             -3.747002708109903e-15             
16      36             -3.747002708109903e-15             
17      43             -3.747002708109903e-15             
24      46             -3.774758283725532e-15             
21      43             -3.802513859341161e-15             
7       50             -3.802513859341161e-15             
18      43             -3.83026943495679e-15              
10      43             -3.83026943495679e-15              
21      46             -3.858025010572419e-15             
28      36             -3.858025010572419e-15             
14      43             -3.858025010572419e-15             
3       46             -3.858025010572419e-15             
17      46             -3.858025010572419e-15             
23      55             -3.885780586188048e-15             
3       50             -3.885780586188048e-15             
26      57             -3.913536161803677e-15             
26      55             -3.913536161803677e-15             
23      51             -3.913536161803677e-15             
23      52             -3.913536161803677e-15             
3       55             -3.913536161803677e-15             
26      51             -3.941291737419306e-15             
26      52             -3.941291737419306e-15             
26      54             -3.941291737419306e-15             
19      50             -3.941291737419306e-15             
26      53             -3.941291737419306e-15             
20      43             -3.941291737419306e-15             
30      50             -3.941291737419306e-15             
23      56             -3.941291737419306e-15             
23      53             -3.941291737419306e-15             
3       56             -3.941291737419306e-15             
3       57             -3.941291737419306e-15             
3       53             -3.941291737419306e-15             
26      56             -3.969047313034935e-15             
23      54             -3.969047313034935e-15             
23      57             -3.969047313034935e-15             
3       51             -3.969047313034935e-15             
10      46             -3.969047313034935e-15             
3       52             -3.969047313034935e-15             
3       54             -3.969047313034935e-15             
18      46             -4.0245584642661925e-15            
20      46             -4.052314039881821e-15             
14      46             -4.052314039881821e-15             
29      36             -4.052314039881821e-15             
18      50             -4.08006961549745e-15              
24      50             -4.135580766728708e-15             
6       56             -4.135580766728708e-15             
6       55             -4.135580766728708e-15             
9       57             -4.135580766728708e-15             
17      50             -4.135580766728708e-15             
6       51             -4.163336342344337e-15             
6       54             -4.163336342344337e-15             
6       57             -4.163336342344337e-15             
6       53             -4.163336342344337e-15             
9       55             -4.163336342344337e-15             
21      50             -4.191091917959966e-15             
6       52             -4.191091917959966e-15             
10      50             -4.191091917959966e-15             
9       51             -4.191091917959966e-15             
9       54             -4.191091917959966e-15             
9       56             -4.191091917959966e-15             
15      43             -4.218847493575595e-15             
9       52             -4.218847493575595e-15             
16      43             -4.246603069191224e-15             
9       53             -4.246603069191224e-15             
7       56             -4.274358644806853e-15             
14      50             -4.3021142204224816e-15            
7       51             -4.3021142204224816e-15            
7       55             -4.3021142204224816e-15            
20      50             -4.3298697960381105e-15            
7       52             -4.3298697960381105e-15            
7       54             -4.3298697960381105e-15            
7       57             -4.3298697960381105e-15            
15      46             -4.3576253716537394e-15            
16      46             -4.3576253716537394e-15            
18      52             -4.3576253716537394e-15            
18      54             -4.3576253716537394e-15            
18      57             -4.3576253716537394e-15            
18      53             -4.3576253716537394e-15            
18      55             -4.3576253716537394e-15            
18      51             -4.385380947269368e-15             
18      56             -4.385380947269368e-15             
7       53             -4.385380947269368e-15             
28      43             -4.413136522884997e-15             
28      46             -4.496403249731884e-15             
29      43             -4.524158825347513e-15             
25      36             -4.579669976578771e-15             
19      57             -4.6074255521944e-15               
15      50             -4.6074255521944e-15               
16      50             -4.6074255521944e-15               
19      56             -4.6351811278100286e-15            
19      53             -4.6351811278100286e-15            
19      55             -4.6351811278100286e-15            
19      52             -4.6629367034256575e-15            
19      54             -4.6629367034256575e-15            
29      46             -4.6629367034256575e-15            
19      51             -4.690692279041286e-15             
30      57             -4.690692279041286e-15             
17      51             -4.690692279041286e-15             
17      55             -4.690692279041286e-15             
30      52             -4.718447854656915e-15             
17      57             -4.718447854656915e-15             
17      53             -4.718447854656915e-15             
30      51             -4.746203430272544e-15             
30      54             -4.746203430272544e-15             
30      56             -4.746203430272544e-15             
30      53             -4.746203430272544e-15             
30      55             -4.746203430272544e-15             
17      52             -4.746203430272544e-15             
17      56             -4.746203430272544e-15             
10      52             -4.773959005888173e-15             
10      55             -4.773959005888173e-15             
17      54             -4.773959005888173e-15             
24      51             -4.801714581503802e-15             
24      55             -4.801714581503802e-15             
10      54             -4.801714581503802e-15             
10      56             -4.801714581503802e-15             
28      50             -4.829470157119431e-15             
21      55             -4.829470157119431e-15             
24      52             -4.829470157119431e-15             
24      56             -4.829470157119431e-15             
24      57             -4.829470157119431e-15             
24      53             -4.829470157119431e-15             
10      51             -4.829470157119431e-15             
21      52             -4.85722573273506e-15              
24      54             -4.85722573273506e-15              
14      55             -4.85722573273506e-15              
10      57             -4.85722573273506e-15              
10      53             -4.85722573273506e-15              
21      51             -4.884981308350689e-15             
21      54             -4.884981308350689e-15             
21      57             -4.884981308350689e-15             
21      56             -4.912736883966318e-15             
21      53             -4.912736883966318e-15             
14      51             -4.912736883966318e-15             
14      52             -4.912736883966318e-15             
14      54             -4.912736883966318e-15             
14      56             -4.912736883966318e-15             
14      57             -4.912736883966318e-15             
20      53             -4.9682480351975755e-15            
29      50             -5.023759186428833e-15             
20      51             -5.023759186428833e-15             
20      52             -5.023759186428833e-15             
20      56             -5.023759186428833e-15             
20      57             -5.023759186428833e-15             
20      55             -5.023759186428833e-15             
20      54             -5.051514762044462e-15             
25      43             -5.051514762044462e-15             
14      53             -5.079270337660091e-15             
25      46             -5.10702591327572e-15              
15      55             -5.190292640122607e-15             
15      51             -5.218048215738236e-15             
15      57             -5.218048215738236e-15             
15      53             -5.218048215738236e-15             
16      55             -5.218048215738236e-15             
15      54             -5.245803791353865e-15             
15      56             -5.245803791353865e-15             
16      51             -5.245803791353865e-15             
16      56             -5.245803791353865e-15             
16      57             -5.245803791353865e-15             
15      52             -5.2735593669694936e-15            
16      54             -5.2735593669694936e-15            
16      53             -5.2735593669694936e-15            
16      52             -5.3013149425851225e-15            
25      50             -5.495603971894525e-15             
27      36             -5.6343818499726694e-15            
28      57             -5.745404152435185e-15             
28      51             -5.773159728050814e-15             
28      52             -5.773159728050814e-15             
28      56             -5.773159728050814e-15             
28      53             -5.800915303666443e-15             
28      55             -5.800915303666443e-15             
28      54             -5.828670879282072e-15             
29      53             -5.856426454897701e-15             
29      55             -5.856426454897701e-15             
29      52             -5.88418203051333e-15              
29      54             -5.88418203051333e-15              
29      56             -5.88418203051333e-15              
29      57             -5.88418203051333e-15              
29      51             -5.9119376061289586e-15            
27      43             -6.078471059822732e-15             
25      57             -6.13398221105399e-15              
27      46             -6.161737786669619e-15             
25      56             -6.161737786669619e-15             
25      53             -6.161737786669619e-15             
25      55             -6.161737786669619e-15             
25      51             -6.217248937900877e-15             
25      52             -6.217248937900877e-15             
25      54             -6.217248937900877e-15             
27      50             -6.9111383282915995e-15            
27      52             -8.548717289613705e-15             
27      54             -8.548717289613705e-15             
27      53             -8.548717289613705e-15             
27      55             -8.548717289613705e-15             
27      51             -8.576472865229334e-15             
27      56             -8.576472865229334e-15             
27      57             -8.576472865229334e-15             
