#======================================================================
# PARAMETERS USED FOR THIS COMPUTATION: 
#      Sequence type: RNA
#      Total number of sequences in alignment data: 54
#      Length of sequences in alignment data: 54
#      Effective number of sequences: 12.148281852646424
#      Value of sequence identity: 0.8
#      Value of relative pseudocount: 0.5
# The First and Second columns represent sites and the
# Third column is MFDCA Frobenius norm, average product corrected (APC) DCA score
#======================================================================
21      31             1.7967664455049963                 
49      50             1.2127623808789427                 
8       9              1.1081093676767089                 
47      48             0.9227235627720525                 
20      32             0.913434955700229                  
52      53             0.889341711762622                  
11      48             0.8783183835642439                 
46      47             0.8360736570188894                 
10      50             0.8119494323209271                 
10      49             0.8119494323209269                 
11      12             0.7714130791438851                 
4       6              0.7486577680099126                 
32      44             0.7423840828348298                 
20      44             0.7423840828348289                 
5       6              0.7415117948643282                 
8       51             0.6987519156098526                 
9       51             0.6987519156098521                 
23      31             0.6952010900896024                 
14      45             0.6599851924891518                 
15      16             0.6521390176767352                 
53      54             0.6342745392463691                 
25      54             0.6325392951803422                 
7       52             0.6102398465390932                 
21      23             0.6047103602686165                 
28      30             0.5990632735476314                 
12      47             0.5951690063392732                 
31      41             0.5937895826336963                 
22      23             0.5916172811041629                 
24      53             0.5753257006176162                 
4       5              0.5749949177543587                 
23      45             0.5684014808961398                 
16      45             0.5481266539197908                 
5       14             0.5407679812156574                 
11      15             0.5103063540891012                 
29      54             0.5102157231758928                 
22      45             0.49310373298477517                
46      48             0.49089857563286626                
20      54             0.4825025120202152                 
32      54             0.48250251202021466                
5       44             0.47602437561408256                
52      54             0.474270589293725                  
7       29             0.46678990726621894                
25      45             0.46116750777092486                
19      43             0.4583586755141504                 
4       10             0.45414141182312384                
6       14             0.4515513966342183                 
15      28             0.45150915742027176                
30      47             0.4341264750515774                 
22      29             0.4334183294451308                 
7       16             0.4322607952904526                 
40      46             0.4274806214069979                 
29      41             0.4177324022753105                 
13      45             0.4146728684843116                 
1       19             0.41158024664301196                
9       10             0.4094339512553042                 
8       10             0.4094339512553038                 
28      46             0.40553519388807324                
16      48             0.40520887736953537                
24      25             0.4028541608306657                 
32      51             0.4004772863182737                 
20      51             0.400477286318272                  
5       10             0.3995217297900052                 
12      13             0.38766267734432597                
1       43             0.38452517904764877                
1       12             0.3818389522986535                 
1       47             0.3815371801614774                 
11      47             0.3777952450516584                 
45      52             0.3754749998174035                 
5       21             0.37115752621919085                
13      53             0.36936382681617963                
22      31             0.3642006151510201                 
22      24             0.3601212516856551                 
1       41             0.3592218412437751                 
44      54             0.3591609400110636                 
42      43             0.35597816470048566                
23      30             0.35061058289860364                
14      51             0.3452152787155298                 
10      53             0.33914573886333677                
19      37             0.338375480377949                  
10      20             0.3360834375070977                 
10      32             0.33608343750709724                
5       41             0.3354981208313418                 
4       19             0.3346383780958986                 
26      27             0.3345939939691641                 
1       11             0.33270015542123604                
30      48             0.3325690977295687                 
45      46             0.33143252997480155                
9       44             0.33139690592784865                
8       44             0.3313969059278484                 
45      53             0.3282615703157701                 
36      39             0.3221847251285276                 
5       31             0.3171045673985561                 
1       30             0.31657633298531346                
11      13             0.3151721401655359                 
4       14             0.31330059758407186                
49      51             0.3088341111404441                 
50      51             0.308834111140444                  
28      29             0.3028571815675002                 
14      53             0.3008589879704632                 
11      31             0.3004473436226629                 
19      40             0.30008520901137725                
23      25             0.29923671487250436                
21      41             0.29332871715117215                
1       23             0.2903911085930741                 
45      47             0.28839000538708337                
30      41             0.2870498180435811                 
21      44             0.28267526323109315                
9       53             0.28112309682394476                
8       53             0.2811230968239442                 
15      31             0.2792420011094871                 
14      41             0.2785190205012391                 
25      29             0.27662775774259524                
44      49             0.27626539365216096                
44      50             0.27626539365216096                
1       31             0.27515348816302315                
31      44             0.27386574251820217                
47      52             0.27159396998116636                
12      23             0.2699702867131253                 
30      31             0.2684001310630482                 
4       43             0.2653283753469027                 
24      42             0.2652810452408817                 
10      19             0.2631642542741421                 
5       49             0.2591223393578889                 
5       50             0.2591223393578889                 
22      30             0.2574478801359955                 
7       51             0.25738799380423216                
10      14             0.25623549060351913                
11      16             0.2502741935295688                 
19      28             0.24896144923343785                
12      46             0.247339285726917                  
51      52             0.24659350599496133                
7       13             0.2453820502942169                 
37      43             0.24301826361008652                
16      53             0.23971797341409584                
22      28             0.23940046298540335                
7       21             0.2384614798644108                 
7       41             0.2380480446897414                 
12      30             0.23684549157967144                
26      51             0.236754544090934                  
15      24             0.23568071258087703                
11      41             0.23425333880530408                
14      30             0.23244499109543315                
29      45             0.23106248688048625                
6       10             0.23001176968528758                
29      37             0.228932792708681                  
23      47             0.22710439888588252                
23      48             0.22586639950777188                
16      54             0.2229783961435554                 
41      47             0.21977288448231935                
26      44             0.21951572878496883                
16      28             0.2179759696475504                 
40      43             0.21688366312319524                
21      22             0.21649392889215913                
23      41             0.21412090768739722                
27      49             0.21329583204011676                
27      50             0.2132958320401167                 
10      43             0.21173530194547185                
5       51             0.2112321626672824                 
25      53             0.21113384921213618                
11      23             0.21091210524582166                
22      41             0.20876066737687027                
20      26             0.2075224212845249                 
26      32             0.20752242128452436                
29      40             0.2059385746520785                 
14      15             0.20294658832289458                
33      35             0.20171767773733373                
34      35             0.2017176777373337                 
35      38             0.20171767773733354                
33      34             0.20171767773733348                
34      38             0.20171767773733343                
33      38             0.20171767773733323                
2       38             0.2017176777373324                 
2       34             0.20171767773733237                
2       33             0.20171767773733235                
2       3              0.20171767773733232                
3       34             0.2017176777373323                 
18      35             0.2017176777373322                 
3       33             0.20171767773733212                
3       38             0.2017176777373321                 
17      18             0.201717677737332                  
17      35             0.20171767773733187                
2       35             0.20171767773733168                
3       18             0.20171767773733162                
2       17             0.2017176777373315                 
2       18             0.20171767773733149                
3       17             0.20171767773733143                
3       35             0.20171767773733115                
17      33             0.20171767773732832                
17      34             0.201717677737328                  
17      38             0.20171767773732777                
18      33             0.20171767773732768                
18      34             0.20171767773732746                
18      38             0.20171767773732732                
1       37             0.2001584808516086                 
12      53             0.1974828505263656                 
2       39             0.1968207066842316                 
3       39             0.19682070668423096                
17      39             0.19682070668422705                
18      39             0.1968207066842267                 
35      39             0.19682070668422577                
34      39             0.1968207066842257                 
38      39             0.19682070668422566                
33      39             0.1968207066842256                 
18      36             0.1955741266956053                 
36      38             0.19557412669560434                
35      36             0.1955741266956041                 
34      36             0.19557412669560403                
33      36             0.19557412669560384                
17      36             0.19557412669560142                
2       36             0.195574126695601                  
3       36             0.19557412669559898                
16      24             0.195397624913065                  
29      30             0.1942498797032145                 
25      26             0.19226290725232492                
11      49             0.19071584506258493                
11      50             0.19071584506258482                
41      44             0.18954315685299483                
7       25             0.18735050676991072                
7       14             0.18288656067762288                
15      30             0.18011136251012205                
11      30             0.17984205569039402                
15      46             0.17934900647556679                
13      46             0.179175137739694                  
4       37             0.17841542734056087                
1       48             0.17646822009210522                
4       52             0.17621926546428746                
12      41             0.1754427149506005                 
7       12             0.17458951982827986                
45      51             0.17422880609489844                
15      54             0.1715911346395581                 
13      23             0.1692366176582698                 
11      29             0.16527110313427906                
51      53             0.16360517898355809                
6       27             0.16269356796049958                
24      45             0.15856116758626848                
1       40             0.15853333155831162                
14      28             0.15685268550828319                
1       4              0.15675899308900582                
24      30             0.15455364062095206                
24      28             0.15413360605598886                
24      54             0.15371130154854873                
31      47             0.153024833964286                  
15      47             0.15256935025086776                
3       42             0.1469488320372601                 
35      42             0.14694883203726009                
2       42             0.14694883203725997                
34      42             0.14694883203725997                
18      42             0.14694883203725992                
33      42             0.1469488320372599                 
38      42             0.14694883203725986                
17      42             0.14694883203725936                
37      39             0.14635966385196944                
10      54             0.14618466230860605                
15      22             0.14530442888148953                
28      54             0.1432849524259623                 
12      31             0.14312791803650982                
13      21             0.1416906322907054                 
24      52             0.14146512090876218                
15      53             0.13960374027317002                
19      46             0.13844811735739754                
11      54             0.13705915899835808                
4       28             0.1368911242543141                 
1       10             0.13656387962554484                
36      42             0.13403276108747766                
25      28             0.1337820498022005                 
7       53             0.13274388144732163                
39      42             0.13218216210370007                
13      31             0.13025219254649234                
12      48             0.12988201986140974                
13      51             0.12786028743673333                
47      54             0.12726877331236963                
22      40             0.1268613511873795                 
46      53             0.12268325273793868                
25      46             0.12191195056161186                
24      43             0.12070521082434943                
36      37             0.12032871077868121                
16      22             0.11990176908316685                
24      26             0.1198738799604517                 
6       52             0.11969796034153074                
36      40             0.11509036410091411                
22      47             0.11485006097378336                
44      52             0.11445795187727081                
41      52             0.1116582804292443                 
25      52             0.11141546179736894                
12      22             0.11087110778655995                
21      48             0.11068334913241457                
19      34             0.1101189970137521                 
19      38             0.11011899701375202                
19      33             0.11011899701375186                
18      19             0.11011899701375005                
17      19             0.11011899701374825                
19      35             0.11011899701374803                
2       19             0.11011899701374692                
3       19             0.11011899701374647                
37      38             0.11005480615705435                
17      37             0.11005480615705296                
18      37             0.11005480615705265                
35      37             0.11005480615705246                
33      37             0.11005480615705243                
34      37             0.11005480615705238                
3       37             0.11005480615705213                
2       37             0.11005480615705118                
9       49             0.11000227767273724                
9       50             0.11000227767273718                
8       49             0.11000227767273674                
8       50             0.11000227767273651                
15      48             0.10976465491844467                
7       15             0.10923181626970713                
3       40             0.10913735295444621                
2       40             0.1091373529544458                 
35      40             0.1091373529544403                 
34      40             0.10913735295444027                
38      40             0.10913735295444019                
33      40             0.10913735295444016                
18      40             0.10913735295443838                
17      40             0.10913735295443763                
25      27             0.10828617883778396                
6       16             0.1075929637697961                 
12      54             0.1064930198586429                 
5       27             0.10604054765840448                
51      54             0.106022285418094                  
29      46             0.10597426756582418                
14      26             0.10486542795762138                
11      21             0.10478778479053963                
7       31             0.10445125021377999                
32      53             0.10396308451711334                
20      53             0.10396308451711311                
10      11             0.10395208159626312                
48      54             0.1037456352605316                 
28      43             0.10353195066883902                
21      30             0.1034894147042893                 
16      41             0.10271021123340651                
4       40             0.10119017896459448                
28      47             0.10095099031262511                
37      40             0.09908037146396492                
4       46             0.0980333324577265                 
37      52             0.09798678815973771                
19      39             0.09711929208940526                
6       33             0.09677657147306484                
6       34             0.09677657147306479                
6       38             0.09677657147306468                
6       35             0.09677657147306451                
6       18             0.09677657147306443                
3       6              0.09677657147306423                
2       6              0.09677657147306415                
6       17             0.09677657147306412                
19      52             0.09643947915578965                
6       39             0.0961073608247219                 
29      49             0.09508479770525857                
29      50             0.09508479770525857                
7       26             0.09475816543011795                
30      53             0.09329026507084837                
9       45             0.0932564470897761                 
8       45             0.09325644708977554                
6       36             0.09300727710198245                
10      37             0.09174981818644051                
9       13             0.09117255745159153                
8       13             0.09117255745159109                
32      35             0.09052652156781055                
18      20             0.0905265215678103                 
32      34             0.09052652156780974                
32      33             0.09052652156780969                
32      38             0.0905265215678096                 
20      34             0.09052652156780741                
20      38             0.09052652156780733                
20      33             0.09052652156780708                
3       20             0.09052652156780655                
17      20             0.09052652156780652                
2       20             0.09052652156780636                
20      35             0.090526521567806                  
3       32             0.09052652156780544                
2       32             0.09052652156780491                
17      32             0.09052652156780458                
18      32             0.09052652156780452                
5       13             0.09020708046750558                
41      51             0.08936821558697905                
27      52             0.0889988711949708                 
19      36             0.08872051788665836                
22      49             0.0881211578164815                 
22      50             0.0881211578164815                 
14      47             0.08791960553414124                
13      27             0.08729832197529347                
36      46             0.08706675134877417                
5       16             0.08668345169945424                
42      45             0.08595526781197471                
6       49             0.08465624552076279                
6       50             0.08465624552076273                
43      45             0.08392604171720608                
14      24             0.08383474733440127                
32      39             0.08310938820964281                
20      39             0.08310938820964092                
1       28             0.08225482848683452                
16      23             0.08193560594617427                
10      28             0.08118747501410345                
4       27             0.07995377224625977                
7       22             0.07897069102518128                
30      46             0.0786431289122072                 
32      36             0.07815013716384497                
20      36             0.07815013716383981                
14      25             0.07798993215880334                
41      54             0.07646174996899358                
4       26             0.07324216780401546                
14      21             0.07306069334904153                
24      51             0.07256749462381124                
12      45             0.07252476449668366                
13      44             0.07059019274157896                
21      25             0.07029257596901389                
24      29             0.0696599388873193                 
14      16             0.06747291869455818                
39      40             0.06610865407768832                
10      40             0.066033620405337                  
16      51             0.06546185316140407                
7       37             0.06431383376269334                
14      22             0.06216793877066562                
45      54             0.0618663984931207                 
7       40             0.06182090003687918                
22      27             0.06081642150211147                
4       45             0.05901942166517771                
13      47             0.05866466629388467                
2       43             0.05753464372684655                
3       43             0.05753464372684597                
18      43             0.05753464372684389                
17      43             0.057534643726843276               
35      43             0.05753464372684147                
34      43             0.05753464372684142                
33      43             0.057534643726841334               
38      43             0.05753464372684128                
22      48             0.057398978459020644               
19      42             0.056607146735441705               
22      25             0.05658377198339598                
6       25             0.056035879729516735               
13      22             0.05564695232230432                
8       39             0.0553947229022983                 
9       39             0.05539472290229755                
12      27             0.05523613145110989                
7       45             0.05490796815967214                
6       26             0.052915483648352496               
1       13             0.05202686396744893                
15      39             0.051975767494437525               
27      45             0.05168737492314607                
1       22             0.05061975489132714                
16      43             0.04901112232626886                
23      52             0.04839975473960756                
14      31             0.04785516925535693                
12      29             0.04725347517015582                
12      49             0.04706518941848814                
12      50             0.047065189418488085               
9       18             0.04563238808855821                
9       17             0.0456323880885581                 
9       35             0.04563238808855799                
8       17             0.04563238808855746                
8       18             0.04563238808855741                
3       8              0.045632388088557296               
8       35             0.045632388088557296               
8       33             0.04563238808855699                
8       34             0.045632388088556936               
8       38             0.04563238808855691                
2       9              0.04563238808855674                
2       8              0.04563238808855663                
9       38             0.04563238808855599                
9       34             0.045632388088555964               
3       9              0.04563238808855577                
9       33             0.04563238808855574                
17      26             0.04346301293975835                
2       26             0.04346301293975802                
3       26             0.04346301293975757                
18      26             0.04346301293975727                
26      35             0.0434630129397571                 
26      33             0.043463012939755796               
26      34             0.043463012939755546               
26      38             0.04346301293975552                
30      37             0.043184155825387815               
13      28             0.04236888577217418                
10      12             0.04152005273606568                
41      42             0.041503129726004895               
27      41             0.04134104812018102                
30      40             0.040587163680992355               
20      27             0.04034008523345123                
27      32             0.040340085233449174               
19      20             0.03913890065200454                
19      32             0.03913890065200332                
8       36             0.03837743240745081                
9       36             0.03837743240745062                
12      42             0.0380194131440964                 
11      42             0.03746761054738845                
39      43             0.03610739410848662                
13      15             0.03565108033695691                
26      39             0.03550052465192716                
12      15             0.03548732157797929                
11      22             0.03544529135698504                
41      43             0.03231254173934195                
6       45             0.0320421426284071                 
44      53             0.031087717430725026               
26      36             0.031015946009908202               
36      43             0.0309342614802941                 
28      37             0.02970084378377763                
10      27             0.029271923967897406               
40      42             0.02917151222623804                
1       52             0.0284916368766579                 
23      24             0.026077581866694566               
7       44             0.025870892163577186               
24      40             0.02580222111296593                
14      48             0.02489946787634345                
16      42             0.02429616436253257                
37      41             0.02419480798307888                
30      52             0.023089476243245977               
21      27             0.022009951460080446               
29      36             0.02197658596248503                
24      32             0.020863301816289814               
20      24             0.020863301816288704               
7       43             0.020861583777940174               
4       34             0.020737544973172012               
4       33             0.020737544973171845               
4       38             0.020737544973171845               
4       35             0.020737544973171734               
4       17             0.02073754497317115                
4       18             0.0207375449731709                 
3       4              0.020737544973169847               
2       4              0.020737544973169764               
37      42             0.02051148871165659                
15      42             0.020452408674817735               
41      46             0.02041090996117234                
7       42             0.020007879848342625               
15      52             0.019624366726181286               
6       42             0.01914766553636127                
1       45             0.01881123205900137                
17      27             0.01845262404932005                
3       27             0.018452624049319355               
2       27             0.01845262404931894                
27      35             0.018452624049318384               
27      33             0.0184526240493183                 
27      38             0.018452624049318272               
27      34             0.018452624049318272               
18      27             0.018452624049318245               
8       26             0.017452674615800662               
9       26             0.017452674615800384               
43      52             0.01708291946586843                
25      31             0.015522257460305056               
26      54             0.014950000781471073               
30      45             0.013861511792239822               
48      49             0.013799397910211286               
48      50             0.013799397910211175               
25      41             0.013734631014010623               
27      39             0.013228833117188449               
4       39             0.01235961295855778                
7       9              0.012179727527813822               
7       8              0.012179727527813489               
24      27             0.012039727630136943               
26      52             0.011686658376042325               
15      21             0.011087860712884146               
11      24             0.010214041453118605               
2       44             0.008581102120219009               
3       44             0.00858110212021887                
17      44             0.008581102120218537               
18      44             0.008581102120217732               
34      44             0.008581102120211959               
38      44             0.008581102120211875               
35      44             0.008581102120211764               
33      44             0.008581102120211626               
16      27             0.008048708505123792               
27      36             0.00706599160843896                
9       21             0.006955017493072979               
8       21             0.006955017493072424               
6       7              0.006653166515639797               
42      53             0.005918986107502522               
16      19             0.004211346682776007               
4       36             0.004109051530821195               
7       54             0.0040549094411059805              
28      31             0.0034437533195807446              
25      43             0.0032004959443326375              
29      39             0.0028940184859616858              
27      54             0.0025165539181687957              
7       30             0.0022011610671652804              
20      49             0.0017212376791566064              
20      50             0.001721237679156551               
32      50             0.0017212376791561068              
32      49             0.0017212376791560513              
9       24             0.00011197952565655811             
8       24             0.00011197952565644709             
5       52             3.510714615639898e-05              
16      47             -0.0010676890711129872             
31      51             -0.0012627216678992026             
5       34             -0.001852274792941755              
5       33             -0.001852274792941866              
5       17             -0.001852274792941977              
5       38             -0.0018522747929420325             
5       18             -0.0018522747929421435             
5       35             -0.0018522747929422545             
2       5              -0.0018522747929431982             
3       5              -0.0018522747929436423             
26      49             -0.0028119996668443115             
26      50             -0.0028119996668443115             
13      52             -0.003593326839339661              
21      42             -0.00370957407038347               
28      48             -0.004346977878999347              
14      32             -0.004726882622606732              
14      20             -0.004726882622606898              
19      26             -0.005271262680207334              
7       49             -0.005331737628031408              
7       50             -0.005331737628031408              
26      28             -0.005368942900438739              
22      53             -0.0057395205291820295             
16      30             -0.006474216026763069              
48      52             -0.0065134017909904696             
27      44             -0.006541780469064784              
16      52             -0.00655323987800116               
16      40             -0.006743343869844709              
5       8              -0.007287430043560306              
5       9              -0.007287430043560417              
28      53             -0.008248177235336773              
32      37             -0.00896122615533354               
20      37             -0.008961226155334068              
15      40             -0.009336256598384884              
21      51             -0.009473652987258885              
21      39             -0.009854891720749825              
4       49             -0.011107091548524295              
4       50             -0.011107091548524295              
20      40             -0.011258143834699502              
32      40             -0.011258143834702528              
5       25             -0.011978427868951758              
7       11             -0.013978103810071807              
5       26             -0.014819157952818629              
9       31             -0.014967563656615113              
8       31             -0.014967563656615501              
18      46             -0.015619799963794256              
17      46             -0.015619799963794506              
2       46             -0.015619799963794812              
3       46             -0.015619799963795034              
35      46             -0.015619799963798503              
34      46             -0.015619799963798586              
38      46             -0.015619799963798642              
33      46             -0.015619799963798697              
30      54             -0.016039517008883175              
26      53             -0.016411448512134386              
27      53             -0.01654981231194702               
11      46             -0.016583571938990738              
31      48             -0.01680729864348479               
49      53             -0.017157084107422338              
50      53             -0.017157084107422338              
22      37             -0.017663730759475915              
14      54             -0.01771814694243712               
3       15             -0.017983023618260513              
2       15             -0.01798302361826057               
15      33             -0.017983023618260985              
15      34             -0.017983023618261124              
15      38             -0.017983023618261346              
15      17             -0.017983023618261484              
15      18             -0.01798302361826165               
15      35             -0.017983023618262206              
25      49             -0.018576172950399483              
25      50             -0.018576172950399483              
5       36             -0.020274786431250802              
40      52             -0.022411380588934937              
28      52             -0.022490362426107136              
43      46             -0.022600201570744383              
8       42             -0.022613871482050435              
9       42             -0.02261387148205063               
25      30             -0.02278670963758972               
14      27             -0.02283618085786754               
36      44             -0.02308735561227862               
39      44             -0.023419662466901775              
13      43             -0.02377014910809                  
6       51             -0.02436964695214816               
10      46             -0.024389235722148572              
27      28             -0.02506557532689971               
24      37             -0.02522229612433738               
6       37             -0.026245680612428518              
22      52             -0.02718519828393462               
6       19             -0.02746823887149727               
4       25             -0.027507184629121606              
5       39             -0.0275529351420154                
22      46             -0.028056294572705864              
4       51             -0.028452003785873925              
10      48             -0.029571147171081058              
24      47             -0.029779129377066116              
1       35             -0.029815912243407156              
1       18             -0.02981591224340721               
1       17             -0.02981591224340724               
1       38             -0.02981591224340724               
1       33             -0.029815912243407294              
1       34             -0.029815912243407294              
1       3              -0.029815912243407905              
1       2              -0.02981591224340993               
6       21             -0.03002332614038189               
13      39             -0.030031179946218595              
31      45             -0.031901202433665676              
15      25             -0.032344478228436946              
12      52             -0.03236677443255731               
2       29             -0.032375060556299795              
3       29             -0.03237506055630021               
29      35             -0.03237506055630035               
18      29             -0.03237506055630063               
17      29             -0.03237506055630096               
29      33             -0.03237506055630179               
29      34             -0.03237506055630188               
29      38             -0.032375060556301904              
17      49             -0.03241345885902469               
17      50             -0.03241345885902472               
2       49             -0.03241345885902541               
2       50             -0.03241345885902547               
3       50             -0.03241345885902591               
3       49             -0.03241345885902594               
18      49             -0.032413458859026106              
18      50             -0.032413458859026106              
35      49             -0.03241345885902877               
34      49             -0.03241345885902877               
35      50             -0.032413458859028826              
34      50             -0.032413458859028826              
38      49             -0.032413458859028854              
38      50             -0.03241345885902888               
33      49             -0.03241345885902894               
33      50             -0.03241345885902894               
25      42             -0.033157512060034894              
13      48             -0.0333027993558615                
40      41             -0.033798183611045585              
37      50             -0.033904081472962894              
37      49             -0.03390408147296295               
39      49             -0.035116522691516355              
39      50             -0.035116522691516355              
36      49             -0.035297468190480685              
36      50             -0.035297468190480685              
39      46             -0.03586971986527879               
1       25             -0.03650547724386427               
28      40             -0.03730129368999832               
7       24             -0.03761144742661188               
34      48             -0.03815792418328953               
35      48             -0.03815792418328956               
38      48             -0.038157924183289615              
33      48             -0.038157924183289726              
17      48             -0.03815792418329231               
18      48             -0.03815792418329286               
2       48             -0.03815792418329353               
3       48             -0.03815792418329378               
20      42             -0.03842988993456359               
32      42             -0.03842988993456439               
39      48             -0.03972795445164029               
36      48             -0.03976870935851978               
37      44             -0.04023122616818636               
13      26             -0.04079803382828315               
13      36             -0.04188703584017711               
26      42             -0.04190069300542276               
23      28             -0.0419018418615989                
22      42             -0.04248616579392239               
8       16             -0.042655507989042885              
9       16             -0.042655507989042996              
6       40             -0.04296283035984691               
13      33             -0.04311540766361141               
13      38             -0.043115407663611466              
13      34             -0.043115407663611466              
3       13             -0.043115407663613686              
13      17             -0.04311540766361374               
13      35             -0.0431154076636138                
13      18             -0.04311540766361385               
2       13             -0.04311540766361438               
40      50             -0.04312932337310449               
40      49             -0.043129323373104544              
11      43             -0.04365040922509761               
12      26             -0.04365181134587673               
26      40             -0.04380043495849975               
39      51             -0.04384092324372907               
7       23             -0.04414675473548091               
9       37             -0.044661313725460366              
8       37             -0.044661313725461144              
30      36             -0.044884226354594686              
1       39             -0.044993838056789665              
27      29             -0.04631159665699858               
23      29             -0.04693662872717003               
43      53             -0.04723845882485095               
25      36             -0.047814352363826695              
4       42             -0.04899711032216125               
16      26             -0.0491904475882301                
13      14             -0.04935196250305651               
41      50             -0.04954212378512041               
41      49             -0.04954212378512052               
34      51             -0.04967204878093473               
33      51             -0.049672048780934897              
35      51             -0.049672048780934924              
38      51             -0.04967204878093498               
18      51             -0.049672048780938644              
3       51             -0.04967204878093884               
2       51             -0.04967204878093889               
17      51             -0.049672048780939365              
8       20             -0.049886986616695994              
9       20             -0.049886986616695994              
9       32             -0.04988698661669605               
8       32             -0.04988698661669655               
29      47             -0.05048820627973616               
42      49             -0.05167769556303045               
42      50             -0.05167769556303045               
32      46             -0.05210384909457483               
20      46             -0.052103849094575605              
4       21             -0.052240324393100945              
28      34             -0.05266854866569037               
28      38             -0.05266854866569046               
28      33             -0.05266854866569068               
18      28             -0.05266854866569112               
17      28             -0.05266854866569243               
28      35             -0.05266854866569279               
3       28             -0.052668548665692844              
2       28             -0.052668548665692844              
1       29             -0.052684185306343834              
13      37             -0.05303028413839542               
15      23             -0.05388725869705263               
13      40             -0.053945516436704366              
19      27             -0.054421322738079356              
1       46             -0.0547914449239843                
9       19             -0.05523075985992154               
8       19             -0.05523075985992196               
13      42             -0.0565921966036049                
27      48             -0.05664520947139731               
1       42             -0.05667626582199936               
21      26             -0.05740453507588017               
26      37             -0.05761312650859013               
50      52             -0.05780823915275746               
49      52             -0.05780823915275757               
16      37             -0.05857078366825097               
9       52             -0.05888324738634426               
8       52             -0.05888324738634443               
5       53             -0.05898794764254822               
8       48             -0.06042611821453375               
9       48             -0.06042611821453381               
14      37             -0.061106044501871404              
21      43             -0.062078962011379635              
12      40             -0.062175675686336196              
1       36             -0.06291906075972326               
1       21             -0.06350045932483406               
42      46             -0.06356098407639887               
28      42             -0.06367891178315596               
36      51             -0.06402234146995361               
4       24             -0.06439435591951681               
15      26             -0.06477470561541682               
26      29             -0.06488764568725305               
8       40             -0.06564321505603543               
9       40             -0.06564321505603579               
12      25             -0.06663194511323683               
19      44             -0.0674748138291763                
6       13             -0.06858876213491927               
21      28             -0.06904644350590872               
6       44             -0.06930885406721682               
39      47             -0.06956661840713829               
18      47             -0.06962020940341765               
17      47             -0.06962020940341826               
3       47             -0.06962020940342098               
2       47             -0.06962020940342115               
34      47             -0.06962020940342353               
35      47             -0.06962020940342356               
38      47             -0.06962020940342373               
33      47             -0.06962020940342376               
5       42             -0.07128277266649283               
4       53             -0.0713014493622029                
37      46             -0.07142409669774522               
27      51             -0.07194172859168468               
14      52             -0.07208470182676063               
6       20             -0.07226184224151636               
6       32             -0.0722618422415173                
43      49             -0.07291252034293483               
43      50             -0.07291252034293488               
10      24             -0.07329377450310909               
15      36             -0.07372911359065373               
31      42             -0.07379540656141292               
24      35             -0.07455603073627232               
2       24             -0.07455603073627262               
18      24             -0.07455603073627265               
3       24             -0.07455603073627276               
17      24             -0.0745560307362731                
24      34             -0.07455603073627448               
24      33             -0.07455603073627456               
24      38             -0.07455603073627459               
13      19             -0.07489350762850722               
19      29             -0.07576319266679982               
12      37             -0.07596930883268352               
20      25             -0.0769873586308159                
25      32             -0.07698735863081646               
27      42             -0.07825032172800496               
13      30             -0.07846632078699023               
36      47             -0.07914213662812636               
28      39             -0.07931695027139342               
27      37             -0.07982844893277577               
15      27             -0.07999477068729008               
28      36             -0.0801154056615391                
15      43             -0.0801466207731105                
16      25             -0.08139608551917793               
27      40             -0.08147575778353855               
12      24             -0.0823195418299904                
24      39             -0.08312701349943726               
30      43             -0.08344184171188612               
21      45             -0.08524088367173788               
24      36             -0.08563269541785762               
1       15             -0.08576566163587096               
12      21             -0.08627531079967571               
17      23             -0.08699632594290069               
23      35             -0.08699632594290074               
18      23             -0.08699632594290085               
2       23             -0.08699632594290102               
23      34             -0.08699632594290116               
3       23             -0.08699632594290119               
23      38             -0.08699632594290119               
23      33             -0.08699632594290138               
42      48             -0.08737054907432465               
24      48             -0.08821512504891216               
26      43             -0.08840664401460867               
29      31             -0.08911834007064456               
4       23             -0.09014817691551263               
13      16             -0.09073076654451956               
6       43             -0.09150015989401541               
4       7              -0.09156001967243688               
29      42             -0.09205496955639089               
25      47             -0.09292881259420971               
22      43             -0.09333365071601735               
36      41             -0.09396521529931137               
31      54             -0.09434452579814512               
10      25             -0.09542368412247226               
31      52             -0.09562916176781167               
47      53             -0.09576275854064142               
6       54             -0.09581133031926886               
12      43             -0.09590201424895792               
14      44             -0.0961971169763598                
12      34             -0.09712029196460181               
12      38             -0.09712029196460187               
12      33             -0.09712029196460198               
12      35             -0.09712029196460328               
12      17             -0.0971202919646035                
3       12             -0.09712029196460353               
12      18             -0.09712029196460353               
2       12             -0.09712029196460356               
1       27             -0.0976085573455312                
12      14             -0.09770329084826279               
19      24             -0.09803467054595671               
15      49             -0.09854620724117213               
15      50             -0.09854620724117213               
6       47             -0.09897770804603712               
28      45             -0.09954579416119957               
26      48             -0.09986732167067902               
7       20             -0.09998030429982913               
7       32             -0.09998030429982963               
18      30             -0.1002872854894332                
17      30             -0.10028728548943326               
2       30             -0.10028728548943402               
3       30             -0.10028728548943414               
30      35             -0.1002872854894348                
30      34             -0.1002872854894353                
30      38             -0.1002872854894354                
30      33             -0.1002872854894355                
13      24             -0.10065495795824347               
20      43             -0.10074014067189035               
32      43             -0.10074014067189174               
25      39             -0.10082515403341882               
13      49             -0.10091163331573788               
13      50             -0.10091163331573788               
21      35             -0.10184147291238768               
17      21             -0.10184147291238788               
3       21             -0.10184147291238813               
21      34             -0.10184147291238813               
21      38             -0.10184147291238821               
21      33             -0.10184147291238829               
2       21             -0.10184147291238843               
18      21             -0.10184147291238921               
7       27             -0.10188156912344243               
4       44             -0.10307395650269491               
42      44             -0.1030914801668292                
21      29             -0.10339350993570529               
12      19             -0.10340349682392427               
19      49             -0.10359514247699492               
19      50             -0.10359514247699494               
5       45             -0.1037840897765323                
9       29             -0.10391180304415049               
8       29             -0.1039118030441506                
12      39             -0.10494438604397457               
23      26             -0.10508782943336856               
23      39             -0.10517810612924262               
17      25             -0.10540838408563195               
3       25             -0.10540838408563212               
2       25             -0.10540838408563219               
25      34             -0.10540838408563258               
25      33             -0.1054083840856326                
25      38             -0.10540838408563262               
25      35             -0.1054083840856328                
18      25             -0.10540838408563283               
23      36             -0.10569818760765147               
14      29             -0.10609648165072927               
6       22             -0.1078683068792004                
7       36             -0.10855329122287263               
19      51             -0.10881429986361313               
30      32             -0.10889471430934741               
20      30             -0.10889471430934852               
41      45             -0.10957361863666104               
16      36             -0.10978138730180154               
7       28             -0.11014252117916967               
8       23             -0.11020444792467232               
9       23             -0.11020444792467249               
16      49             -0.11029436630295802               
16      50             -0.11029436630295802               
21      40             -0.11068811213061752               
8       27             -0.11212445092643028               
9       27             -0.112124450926431                 
4       12             -0.11216289423127873               
23      27             -0.11218295124284305               
31      43             -0.1122454347112869                
25      51             -0.11239152379992606               
22      26             -0.11298295775020298               
7       48             -0.11327419101939995               
12      36             -0.1138968446233804                
11      45             -0.1143639044529754                
10      34             -0.11463802737325166               
10      38             -0.11463802737325174               
10      33             -0.11463802737325185               
10      35             -0.11463802737325449               
10      18             -0.11463802737325515               
10      17             -0.11463802737325518               
3       10             -0.11463802737325543               
2       10             -0.11463802737325551               
26      31             -0.11478813322634965               
6       23             -0.11491570440253113               
14      50             -0.1151231311944178                
14      49             -0.11512313119441797               
39      41             -0.11640929929868907               
6       46             -0.11699573171312636               
11      25             -0.11711243453106096               
16      34             -0.11723714716638636               
16      38             -0.11723714716638636               
16      33             -0.11723714716638647               
16      17             -0.11723714716638683               
16      18             -0.11723714716638689               
3       16             -0.11723714716638703               
2       16             -0.11723714716638767               
16      35             -0.11723714716638775               
4       20             -0.11809819016186116               
4       32             -0.11809819016186154               
16      39             -0.11828372565679021               
27      47             -0.1190276272302073                
32      45             -0.11923030209573815               
20      45             -0.1192303020957386                
12      16             -0.11964586972572572               
9       43             -0.11975402917605973               
8       43             -0.11975402917605976               
19      48             -0.11999641059811753               
40      54             -0.12066286781297408               
24      41             -0.12103221363179245               
46      52             -0.12113512059145881               
7       39             -0.12119985665822372               
25      44             -0.12133906519422943               
20      22             -0.12150666061071119               
22      32             -0.12150666061071119               
21      36             -0.12168689684300324               
22      54             -0.12234120280898986               
37      48             -0.12242785299284972               
15      19             -0.12259295563627079               
29      44             -0.1240774948513868                
16      46             -0.12424255622239788               
10      39             -0.12443797664329256               
21      47             -0.1248228163744739                
11      37             -0.12501675492340095               
14      46             -0.12541795550493806               
11      34             -0.12642127470087386               
11      38             -0.1264212747008739                
11      33             -0.126421274700874                 
2       11             -0.12642127470087497               
3       11             -0.12642127470087522               
11      17             -0.12642127470087555               
11      35             -0.12642127470087555               
11      18             -0.1264212747008756                
20      29             -0.12690240923457008               
29      32             -0.12690240923457036               
23      43             -0.12721393461265276               
19      25             -0.12734188474894373               
40      48             -0.12772934307630848               
8       54             -0.12814400257948116               
9       54             -0.1281440025794816                
9       41             -0.12872930087256662               
8       41             -0.12872930087256723               
10      36             -0.12890944631297202               
11      14             -0.13045574038928753               
15      41             -0.13074890940844652               
31      53             -0.13171393676844179               
27      43             -0.13196142480543907               
5       37             -0.13218221336055372               
24      46             -0.13235964164507216               
11      39             -0.13293355658115244               
1       14             -0.13318819744653054               
5       19             -0.13416132010326776               
40      44             -0.13422341219128275               
27      31             -0.13429522653845616               
21      37             -0.13430675168307254               
19      41             -0.13470125900837673               
15      37             -0.13559866043617422               
37      51             -0.1358263300844751                
29      51             -0.13594601687072644               
5       7              -0.13629243514536965               
11      36             -0.13731580152138628               
23      42             -0.1381810034170167                
26      46             -0.13873629698096418               
34      41             -0.13876439509755195               
35      41             -0.138764395097552                 
38      41             -0.13876439509755206               
33      41             -0.13876439509755212               
18      41             -0.1387643950975528                
17      41             -0.1387643950975539                
2       41             -0.1387643950975552                
3       41             -0.13876439509755534               
45      48             -0.13924681684757345               
27      46             -0.1394319868586188                
43      47             -0.14009868790496288               
46      49             -0.14010887715139422               
46      50             -0.14010887715139422               
16      31             -0.14023593804640033               
37      54             -0.14051366827657044               
9       14             -0.14052881835049835               
8       14             -0.14052881835049885               
11      52             -0.14081896365461277               
23      53             -0.1411710325743134                
15      20             -0.1413330018768578                
15      32             -0.1413330018768588                
16      44             -0.1413411584599794                
5       23             -0.14137035980616608               
14      23             -0.14200427583966013               
6       48             -0.1423856644835237                
43      48             -0.1430109764248859                
11      40             -0.14359151573759846               
42      47             -0.14382902114392038               
26      41             -0.14431671154356548               
18      52             -0.14511618838607288               
17      52             -0.1451161883860729                
2       52             -0.14511618838607335               
3       52             -0.14511618838607354               
34      52             -0.1451161883860779                
35      52             -0.14511618838607793               
38      52             -0.14511618838607795               
33      52             -0.1451161883860781                
29      43             -0.14696818869958694               
1       26             -0.1475561835636306                
22      36             -0.1483491227577835                
30      39             -0.14838909250480492               
9       28             -0.1488568979596123                
8       28             -0.14885689795961243               
19      47             -0.14907952462014545               
6       31             -0.14911902450154618               
14      36             -0.14915895474318266               
42      54             -0.14973052556068506               
42      51             -0.1509427179571247                
4       31             -0.151409134971278                 
48      51             -0.15158876734811644               
5       46             -0.1517923383006614                
26      30             -0.1534664236435044                
21      46             -0.1543045336901574                
10      15             -0.1543878367404511                
29      48             -0.15490369201808712               
39      54             -0.15539969264512285               
11      27             -0.15665290808631688               
5       40             -0.1566534561520668                
7       18             -0.15751936976841047               
7       17             -0.15751936976841047               
7       35             -0.15751936976841058               
7       34             -0.15751936976841083               
3       7              -0.15751936976841088               
2       7              -0.1575193697684109                
7       38             -0.1575193697684109                
7       33             -0.157519369768411                 
10      44             -0.15769037290205795               
18      54             -0.1582058205449895                
17      54             -0.15820582054499024               
34      54             -0.1582058205449903                
35      54             -0.15820582054499036               
38      54             -0.15820582054499038               
33      54             -0.15820582054499052               
3       54             -0.15820582054499155               
2       54             -0.15820582054499174               
9       11             -0.15831808125996477               
8       11             -0.158318081259965                 
40      47             -0.1587931195325603                
1       20             -0.15999833158716664               
1       32             -0.15999833158716725               
19      22             -0.16011060862772133               
19      30             -0.16027969864226946               
22      39             -0.1609358049524814                
15      29             -0.1624066996617435                
20      41             -0.16336713806107045               
32      41             -0.16336713806107217               
21      49             -0.1647066251948726                
21      50             -0.16470662519487267               
23      32             -0.16480684825920622               
20      23             -0.1648068482592064                
23      37             -0.1650861079414161                
13      20             -0.16550070034675102               
13      32             -0.16550070034675157               
40      51             -0.1656361963573536                
1       16             -0.1661240813221762                
43      54             -0.16675184165481294               
31      33             -0.16689410853686387               
31      34             -0.16689410853686393               
31      38             -0.16689410853686398               
17      31             -0.1668941085368646                
18      31             -0.1668941085368647                
3       31             -0.16689410853686526               
2       31             -0.16689410853686565               
31      35             -0.16689410853686593               
19      23             -0.16746387592342007               
27      30             -0.16801862480252716               
23      54             -0.16804700089415697               
10      51             -0.16827109884310215               
23      40             -0.1685046114195446                
30      42             -0.16894713574604986               
7       46             -0.1693915773309454                
1       54             -0.17091692211962245               
10      42             -0.1710169795035486                
13      29             -0.1719345057575323                
5       20             -0.1754232819390719                
5       32             -0.175423281939073                 
36      54             -0.175524619129792                 
29      53             -0.17593295921888863               
10      26             -0.17598106399620964               
44      51             -0.17604282772069707               
37      47             -0.17639789710156423               
7       19             -0.17752488185748558               
24      44             -0.17773777261658047               
17      22             -0.17852452599504204               
22      35             -0.17852452599504262               
18      22             -0.17852452599504265               
22      34             -0.17852452599504293               
22      38             -0.17852452599504298               
22      33             -0.17852452599504315               
2       22             -0.1785245259950434                
3       22             -0.17852452599504348               
1       24             -0.17924675885719524               
25      40             -0.18032533125992628               
4       9              -0.18060241284919087               
4       8              -0.18060241284919135               
14      40             -0.18070248790715485               
32      47             -0.1808675724033374                
20      47             -0.18086757240333806               
25      37             -0.18125037137547667               
11      53             -0.18175214979137722               
28      41             -0.1820670683355709                
14      39             -0.18277100385611592               
11      19             -0.18307370101889744               
44      48             -0.18316279934519125               
22      44             -0.18334625943069105               
43      44             -0.18390224809043645               
19      53             -0.18440456199026428               
36      53             -0.18452403799133427               
4       16             -0.18486839915495645               
32      48             -0.1849290723910901                
20      48             -0.1849290723910903                
5       28             -0.18575146414159738               
34      45             -0.18575834463926824               
35      45             -0.18575834463926824               
38      45             -0.1857583446392683                
33      45             -0.18575834463926844               
18      45             -0.18575834463927013               
2       45             -0.18575834463927102               
3       45             -0.1857583446392712                
17      45             -0.18575834463927124               
9       30             -0.1862162149736572                
8       30             -0.18621621497365792               
39      45             -0.1866035338749925                
21      24             -0.1866234136840358                
1       6              -0.18705400372553077               
19      21             -0.18749047925774634               
4       54             -0.18805713393836043               
5       43             -0.18831081267566477               
6       9              -0.18866964435103892               
6       8              -0.18866964435103903               
6       24             -0.18874882701489135               
6       28             -0.18956913452845975               
6       29             -0.19143568704258868               
23      44             -0.1915954722614828                
1       9              -0.19166429102306184               
1       8              -0.19166429102306237               
31      36             -0.19186869294858372               
11      28             -0.19304510887280618               
36      45             -0.1943676252609446                
9       22             -0.19479681255397946               
8       22             -0.19479681255397968               
28      32             -0.1950051398114945                
20      28             -0.19500513981149492               
9       15             -0.19525765909887877               
8       15             -0.19525765909887935               
26      47             -0.1953593507455982                
14      35             -0.19543574576279804               
14      34             -0.19543574576279837               
14      38             -0.19543574576279843               
14      33             -0.19543574576279862               
14      18             -0.19543574576279918               
14      17             -0.1954357457627992                
2       14             -0.19543574576279982               
3       14             -0.1954357457628                   
31      50             -0.1956187439170859                
31      49             -0.19561874391708595               
1       49             -0.1979729645540116                
1       50             -0.1979729645540116                
23      46             -0.19862528548829855               
23      51             -0.19893297656925535               
21      54             -0.19928777266100295               
49      54             -0.19999154760366                  
50      54             -0.19999154760366                  
31      39             -0.20005985481892774               
12      28             -0.20091441071699215               
9       25             -0.2012608204413013                
8       25             -0.20126082044130142               
14      42             -0.20200121501586688               
10      52             -0.20258400040542685               
30      49             -0.20324146091876724               
30      50             -0.20324146091876727               
26      45             -0.20376445818334532               
6       41             -0.2047142402153206                
4       22             -0.2050943243459919                
10      41             -0.20588903476051407               
39      52             -0.20640151030329418               
11      26             -0.20694078601386595               
16      29             -0.20697622448116357               
16      21             -0.20904539604631361               
41      48             -0.21045514582483732               
9       46             -0.21069503048577598               
8       46             -0.21069503048577612               
6       30             -0.21124176898617614               
4       13             -0.2129295608852606                
19      54             -0.2131835474414154                
11      51             -0.21393145049144208               
4       48             -0.21402787565048367               
40      53             -0.21530091025444478               
31      37             -0.21534255763769344               
5       30             -0.21619137914641576               
18      53             -0.21659773887959619               
17      53             -0.21659773887959624               
3       53             -0.2165977388795971                
2       53             -0.21659773887959732               
35      53             -0.2165977388795977                
34      53             -0.2165977388795977                
38      53             -0.2165977388795978                
33      53             -0.2165977388795979                
1       53             -0.21712899341059733               
5       22             -0.2172934277827389                
37      45             -0.21748281345602188               
21      53             -0.2186937086531106                
40      45             -0.2188389776252836                
10      29             -0.21961814518817507               
5       48             -0.2197079420841394                
13      25             -0.21992604403851515               
22      51             -0.2203116441503048                
6       15             -0.22093894147510726               
15      45             -0.2212893417800692                
28      44             -0.2227160849593739                
15      51             -0.2232404430031671                
6       12             -0.22332068416525755               
5       29             -0.22456321321502837               
20      21             -0.22545722674410348               
21      32             -0.22545722674410448               
4       47             -0.22617810614692105               
39      53             -0.22630258598430786               
32      52             -0.22724783741697208               
20      52             -0.22724783741697213               
16      20             -0.22732555927847964               
16      32             -0.22732555927848036               
15      44             -0.2280462947200175                
19      31             -0.23105065443706896               
10      47             -0.23127035037877658               
5       54             -0.23150889255568746               
10      16             -0.23346224045242558               
4       30             -0.23366586212785798               
43      51             -0.23423468246668733               
4       15             -0.2346085714520804                
47      49             -0.2360899053087323                
47      50             -0.23608990530873233               
21      52             -0.23699463061669412               
24      31             -0.23793449381525908               
36      52             -0.24075076371862542               
19      45             -0.24078733965190396               
4       29             -0.24102497400955086               
28      49             -0.241042675725518                 
28      50             -0.241042675725518                 
44      46             -0.24174493726762847               
28      51             -0.2430202487605933                
7       47             -0.2431780756839363                
5       24             -0.24323876645168507               
14      19             -0.244176821932181                 
12      20             -0.24676254708260162               
12      32             -0.2467625470826018                
46      54             -0.2469881976676948                
13      41             -0.24869628038392744               
12      44             -0.2505730251109046                
23      49             -0.2506814605201527                
23      50             -0.2506814605201527                
5       47             -0.25341269393505383               
1       7              -0.25359574995749506               
5       12             -0.254100062230934                 
37      53             -0.256265765458798                 
46      51             -0.25782405975677186               
4       11             -0.2607414486249744                
6       11             -0.26306947193653507               
14      43             -0.2632249244900249                
31      40             -0.2654031656477793                
29      52             -0.2684679705503387                
30      44             -0.27025670530834073               
9       47             -0.27063303603126654               
8       47             -0.27063303603126687               
6       53             -0.271257326839245                 
42      52             -0.27224669761157516               
10      21             -0.27257607923382915               
4       41             -0.27259711261911046               
5       11             -0.273489913570702                 
1       44             -0.27540463017242733               
9       12             -0.2769493147318176                
8       12             -0.2769493147318185                
1       51             -0.27800430355803646               
24      50             -0.2787207369603173                
24      49             -0.27872073696031735               
13      54             -0.2812016337176138                
11      44             -0.28447768488366054               
11      20             -0.2847936717061771                
11      32             -0.28479367170617714               
25      48             -0.2871428554422551                
1       5              -0.29202980231248                  
31      46             -0.2923965730759738                
10      45             -0.2928597798327666                
44      47             -0.29304103846308016               
31      32             -0.2976956941124279                
20      31             -0.2976956941124282                
10      31             -0.3047939325247572                
10      13             -0.30498500692382313               
12      51             -0.3071488522931914                
10      30             -0.30852369079189057               
30      51             -0.3110995246535959                
48      53             -0.32617094497779736               
5       15             -0.33441976801800555               
10      23             -0.33509451090592945               
10      22             -0.34232991529741974               
47      51             -0.3753565745848044                
41      53             -0.3780599854336846                
44      45             -0.380587356830062                 
7       10             -0.4130367562607161                
45      50             -0.4733300285070076                
45      49             -0.47333002850700767               
